time_step,weight_0,weight_1,weight_2,weight_3,weight_4,weight_5,weight_6,weight_7,weight_8,weight_9,weight_10
0,0.0,1.0,0.0,0.0,0.0,0.0,0.0,0.0,0.0,0.0,0.0
1,0.0,0.5137932117421233,0.4861001856358482,0.00010659677677896069,5.845249648879124e-09,0.0,0.0,0.0,0.0,0.0,0.0
2,0.0,0.510222070787044,0.48934947214404206,0.00042835152628344173,1.0553620881884118e-07,6.421326053534663e-12,5.631987168489793e-16,0.0,0.0,0.0,0.0
3,0.0,0.506852072704013,0.49217986504588407,0.0009674800989623413,5.820262503655641e-07,1.2486547597071052e-10,2.4822840360049277e-14,0.0,0.0,0.0,0.0
4,0.0,0.5036915931512443,0.49458126371608835,0.0017252096177690474,1.9326427713491633e-06,8.718120513094348e-10,3.14763766807633e-13,0.0,0.0,0.0,0.0
5,0.0,0.5007477358853588,0.496545625770712,0.0027017652582497047,4.869338277980458e-06,3.745266209543514e-09,2.134923830694222e-12,0.0,0.0,0.0,0.0
6,0.0,0.49802630873176895,0.49806699932242915,0.0038963627716624015,1.0317109710224566e-05,1.2054468877010228e-08,9.95744204531161e-12,1.6275244654653907e-15,0.0,0.0,0.0
7,0.0,0.4955318061432703,0.49914154442825853,0.005307206805498256,1.941058253676575e-05,3.2004275112226696e-08,3.614365398633126e-11,1.592323758905698e-14,0.0,0.0,0.0
8,0.0,0.4871876265840087,0.4997179228612254,0.012998616656753855,9.567455517291863e-05,1.5881307200373542e-07,5.294271345473696e-10,3.379660310441941e-13,4.672376086802797e-16,0.0,0.0
9,0.0,0.4845609789567489,0.4998587409403698,0.015439857388643945,0.00014008411365583389,3.3755112890414877e-07,1.0483129970108586e-09,1.1366904507778441e-12,1.204144541737558e-15,0.0,0.0
10,0.0,0.48217299206331743,0.49955379399686994,0.01807410956315129,0.0001984508261708168,6.51446194124069e-07,2.101058642717527e-09,3.232345721520911e-12,3.152450394580035e-15,0.0,0.0
11,0.0,0.5666169792346204,0.41116142218832474,0.02085996924922076,0.0013379990901851873,2.2981726628002646e-05,6.479566253126806e-07,5.4941437674625e-10,4.976995949757326e-12,2.079550159718754e-15,0.0
12,0.0,0.5645044422186188,0.4049865108256148,0.028810863777826008,0.0016580744929039616,3.925834042237205e-05,8.464590827194527e-07,3.874235753617497e-09,1.1267581381643343e-11,2.6007263896083973e-14,0.0
13,0.0,0.5605615404920883,0.3994876951555827,0.03774052009077675,0.0021455159136301197,6.345492297371832e-05,1.2617034979808023e-06,1.1673837071270118e-08,4.749803487879178e-11,1.1314232390899773e-13,0.0
14,0.0,0.5642215605748913,0.3924322014539931,0.04081519495614398,0.00245109024514967,7.829688320855016e-05,1.6386928961638811e-06,1.7109980783859403e-08,8.35009011553264e-11,2.3293666686812615e-13,0.0
15,0.0,0.5678098819721539,0.38538769839850134,0.043914077747019956,0.0027903202711804065,9.587936989910087e-05,2.1174937164380847e-06,2.460625245401731e-08,1.408118155743167e-10,4.611329187225472e-13,0.0
16,0.0,0.5713062646126721,0.378385712628222,0.04702382607271715,0.0031648656637728203,0.00011657529635257425,2.7206842562012297e-06,3.4811750716436866e-08,2.2937715382843975e-10,8.750657803247775e-13,0.0
17,0.0,0.6279243105119612,0.31807760735160445,0.04895483229846765,0.0048141901459075945,0.00022101052713043812,7.951432856499922e-06,9.654890978319827e-08,1.1764474501681826e-09,6.684577500877613e-12,2.589823095101367e-14
18,0.0,0.6499199381082545,0.2927552733662611,0.051236871793461855,0.0057809272502896145,0.0002944622135422765,1.2363638105096553e-05,1.6121986729049527e-07,2.3950129938994207e-09,1.5112408853027674e-11,8.833804868029214e-14
19,0.0,0.6532575269003689,0.28639249034639497,0.05370354147297352,0.006288758025020252,0.0003427740740161291,1.4686351371439871e-05,2.1957390576549674e-07,3.232008210079164e-09,2.3796841639863498e-11,1.391307872028826e-13
20,0.0,0.8564627493194215,0.0680046677459564,0.05585485072485348,0.018318786502001035,0.0011097648022585815,0.00024750860589876136,1.5076715633399934e-06,1.641448715826093e-07,4.536696998949011e-10,2.95005361901985e-11
21,0.0,0.8515729631282677,0.07199082040149436,0.05611397858230286,0.018835649926191557,0.0012204412245377055,0.00026382284194986316,2.142901813135976e-06,1.8019735488781207e-07,7.62797076471691e-10,3.328539601462639e-11
22,0.0,0.8459948590235715,0.07668487339958664,0.05634142833898023,0.019353263057875172,0.0013408503133254823,0.0002815793888486671,2.944579545109987e-06,2.0066230590422323e-07,1.1972343582422904e-09,3.872074872528732e-11
23,0.0,0.7718951373755686,0.12735975726790297,0.06723130489322374,0.030982017882123007,0.0016561439220570534,0.0008679357748410056,6.535144870931179e-06,1.1624964006144808e-06,4.797327497202752e-09,4.4567845930386384e-10
24,0.0,0.7593574924659799,0.13927737626704662,0.06715762313168874,0.03151365928419136,0.0017813026404200718,0.0009023553360411946,8.936532090755617e-06,1.2464316627564037e-06,7.418852213776667e-09,4.92019911893267e-10
25,0.0,0.7464450769816072,0.1514466566507656,0.06720352950746986,0.03203527593813558,0.0019178602111982212,0.0009384026923278401,1.183728788791712e-05,1.3493130888233774e-06,1.0862897159786043e-08,5.546154151114514e-10
26,0.0,0.7331934608657369,0.16382121669308836,0.06737950771733824,0.0325471609289015,0.002065757314366057,0.0009761333793726021,1.5272663312870314e-05,1.4745184735010325e-06,1.5281388456781454e-08,6.380149389149627e-10
27,0.0,0.7196387262000082,0.17635434310017578,0.06769562576146525,0.033049868600600545,0.0022249057234953696,0.0010156038977566242,1.9279135593550896e-05,1.6259743239835284e-06,2.0858545335240677e-08,7.480289243353797e-10
28,0.0,0.7058173263582492,0.18899919806537788,0.06816146052319524,0.03354422157334707,0.0023951909629963187,0.001056871270772996,2.3894345958270317e-05,1.8081923593893944e-06,2.7815764202501725e-08,8.919729519662287e-10
29,0.0,0.5073540142612525,0.3467798528819432,0.09038537364888374,0.051211056549715556,0.0020269465588749172,0.002196628836384752,3.724051509505923e-05,8.78921829689249e-06,8.728462395439415e-08,1.0244922415485476e-08
30,0.0,0.4477781292079879,0.39200297454426236,0.09518361266972297,0.06043938170610445,0.0018936135308921982,0.0026421568071071954,4.6461161547255026e-05,1.3509341562565414e-05,1.4118899094262085e-07,1.984181531714351e-08
31,0.0,0.4399732565175865,0.39727445484125484,0.09643596813689884,0.06149152807387444,0.00206926589667649,0.0026841829261022433,5.693251683828082e-05,1.4202438476534995e-05,1.8720530152961068e-07,2.144698359615988e-08
32,0.0,0.4023226287703872,0.41724232831994856,0.09723758031584707,0.07796583621688682,0.0018922428924739655,0.003248065157800586,6.625823194292534e-05,2.4699466556866968e-05,3.0763200579692145e-07,5.299614365261768e-08
33,0.0,0.40000944556384266,0.4168434069928311,0.09835568146596088,0.07926223912433127,0.0021475534280734716,0.003275763873181824,7.970960733985861e-05,2.574557357249695e-05,3.976258591539612e-07,5.674500074408755e-08
34,0.0,0.3979821177279861,0.4160028424669688,0.09958108092542436,0.08056989897226269,0.0024404959426502465,0.003301561659548561,9.451478276193423e-05,2.69227439316469e-05,5.035411233473816e-07,6.123733594029443e-08
35,0.0,0.3962337971516693,0.4147377138056238,0.10090079555344665,0.08189039466075236,0.0027721258320915505,0.0033255710472105027,0.00011066556335850394,2.8242849579320657e-05,6.269423756697791e-07,6.659388594244699e-08
36,0.0,0.39475642975275627,0.4130668023566913,0.10230138422785515,0.08322523758230106,0.003143494118069839,0.00334794213424843,0.00012814879215074,2.971851621186268e-05,7.695657694614524e-07,7.295393947428506e-08
37,0.0,0.39354082043817695,0.4110104719616121,0.10376902656186911,0.08457584706175696,0.003555646369186394,0.003368864267698287,0.00014694646807032465,3.136306569765227e-05,9.333288759610948e-07,8.047705000697399e-08
38,0.0,0.39257670275499224,0.40859054237657216,0.10528960367578509,0.08594352616782179,0.0040096212922827845,0.0033885676722978457,0.00016703592392105547,3.319045078163909e-05,1.1203406524823456e-06,8.934488661737031e-08
39,0.0,0.44964285672563664,0.34089941843679894,0.08945635280044296,0.1113393039469561,0.00474848570162946,0.0036770261149473484,0.00017354421189108156,6.0942417355767595e-05,1.7904908509722321e-06,2.791534845210411e-07
40,0.0,0.45304019965602266,0.3351206317426651,0.08969641316896182,0.11279064304574374,0.0054128326167529085,0.003678461732746248,0.00019505093476270937,6.333766336110359e-05,2.129623425690606e-06,2.998155518882251e-07
41,0.0,0.7540551171968868,0.054242928351733596,0.009730487974714552,0.17005255474708542,0.008166146590025033,0.003445574109605951,0.00014387491530440424,0.00015834689693377488,2.5468710976329913e-06,2.422346606677994e-06
42,0.0,0.697319333252285,0.11566977437973228,0.02787707098287554,0.14677177541677291,0.00854665729756333,0.0034637562809193704,0.0001812686552280404,0.00016459181343171035,1.7925195655971385e-06,3.979401619916679e-06
43,0.0,0.6858031720456755,0.1262757320360522,0.03037644305986478,0.14436562841093104,0.009336419311403946,0.0034702275504512638,0.00020229174961142464,0.00016383545540326233,2.2293274849660065e-06,4.021053115144585e-06
44,0.0,0.6739545323120882,0.13709405021265952,0.03303094291737904,0.14188742344172472,0.010154932218021004,0.003483131644974244,0.00022513170204784948,0.00016306254486362414,2.727070179114886e-06,4.065936056080193e-06
45,0.0,0.6618054988621717,0.14808511519927037,0.03584275425953666,0.13934588656323998,0.01099824045818424,0.003502978248059823,0.0002498369100998666,0.00016229053138201076,3.2847962374276636e-06,4.114171811234601e-06
46,0.0,0.6431152176142305,0.1652902290438087,0.040918471430492646,0.1349227894655414,0.011751600599303741,0.0035528158537079055,0.0002798936708954527,0.0001609083195791041,3.8300132377822555e-06,4.243989196023824e-06
47,0.0,0.6303365860715157,0.17653116136226935,0.044178228017978494,0.13227437862340016,0.012614151343321525,0.0035878119007890265,0.0003087146636648239,0.00016017406167101954,4.496034871269497e-06,4.297920511883815e-06
48,0.0,0.6173726529953115,0.18780577756539382,0.0475980830376412,0.12959548194953374,0.013488259705066931,0.0036310699450811815,0.0003395918061088486,0.00015950878999155524,5.218733235838021e-06,4.355472628942501e-06
49,0.0,0.6042563465885317,0.19907522212265083,0.051177192124341186,0.1268964660082638,0.014369805373565423,0.0036830194651135692,0.00037259490949211537,0.0001589395376244684,5.997070000503594e-06,4.4168004098128856e-06
50,0.0,0.5910204654266903,0.21030122448334748,0.05491398157949029,0.12418798210065815,0.0152546768710063,0.003744062298344635,0.0004077992678363093,0.00015849584755063575,6.83005937880579e-06,4.482065690443392e-06
51,0.0,0.5776975647728135,0.22144625112768324,0.05880612650596586,0.12148093157601064,0.01613879476164758,0.0038145676110227056,0.00044528553583772593,0.0001582098687481971,7.716804212770153e-06,4.551436050977636e-06
52,0.0,0.564319845603136,0.23247365215115717,0.0628505333887951,0.11878642910311951,0.017018135097821446,0.0038948670431490956,0.00048513954193972936,0.0001581164515427552,8.656535514765442e-06,4.625083817853197e-06
53,0.0,0.5032139573721818,0.2868332384432308,0.08643883090358234,0.1022037875116778,0.01618197436124718,0.004369713642799067,0.0005885692770241056,0.00015530583062707207,9.1074777667171e-06,5.515179856661578e-06
54,0.0,0.4900270713898749,0.2964921784377162,0.09148227721666598,0.09984774752538302,0.016883721389583474,0.004458299337117376,0.0006367605130072677,0.00015624346134633638,1.0117294276528404e-05,5.583435022630975e-06
55,0.0,0.36569986275637184,0.4051317480091535,0.1442931518845968,0.06518903386619591,0.013168101111593684,0.005468181936489572,0.0008468921311057373,0.00018424009678595532,1.0971365824210052e-05,7.816841876972951e-06
56,0.0,0.32686331276639863,0.43986920233520294,0.16214815092354004,0.051896565339403386,0.012856428922274161,0.005111225400637711,0.0009134966409681881,0.00031716281422182073,1.4669302868420239e-05,9.785554478737778e-06
57,0.0,0.3333075587394958,0.43126060287819734,0.1609386268774592,0.05450610679651445,0.013909471598185176,0.004756528181305291,0.0009317054451006074,0.0003619895006007661,1.7317267199793298e-05,1.0092715935620363e-05
58,0.0,0.33140677429536847,0.4286288056944835,0.16346540763987105,0.05597430823299388,0.014482949544315046,0.004668907569462665,0.0009708862060524255,0.00037231607881833557,1.9538946326491563e-05,1.0105792302016823e-05
59,0.0,0.33535202710872514,0.4178756092862521,0.16406613995954686,0.060708636322081545,0.016193958828085202,0.0043259322177632885,0.0010269653677211236,0.00041506972658098896,2.5348522086272145e-05,1.0312661151468863e-05
60,0.0,0.3342667550539586,0.4148601166894097,0.16560546738961213,0.06258826941866977,0.01691060685902422,0.004240807125866217,0.0010619327921889239,0.00042729549804621826,2.8395916065593114e-05,1.0353257153001581e-05
61,0.0,0.4779946764893922,0.29769101115907043,0.0884888986174782,0.10446493260960803,0.02822701323210059,0.0016061250310790555,0.0006881673797943369,0.0007831986357248538,4.0986480005039375e-05,1.4990365741463957e-05
62,0.0,0.47650715701093976,0.2977120980609982,0.08690418741905609,0.10607082988717524,0.0296386759494836,0.0016242024730719687,0.0006892697967311295,0.000792567539528381,4.57769140158215e-05,1.5234948994342197e-05
63,0.0,0.31893448479961617,0.289141430884787,0.17449564918147292,0.17374509939368174,0.01917180638805271,0.022660412399463647,0.0012856821532604057,0.0005005551678222345,3.53322878168697e-05,2.954734402104521e-05
64,0.0,0.3192803080045712,0.28795893371516273,0.17350930813870552,0.17383745027870234,0.021006160153869333,0.022426578182884543,0.0014116576568221485,0.0005020943598379144,3.863810803671695e-05,2.8871401402333632e-05
65,0.0,0.3161032373182732,0.2885122511713154,0.17355597575519582,0.1728206480639019,0.024589040887788242,0.02214303241653174,0.0016959332664124244,0.0005063545942812734,4.541528263088159e-05,2.8111243663958143e-05
66,0.0,0.47219408268264645,0.1955695728605813,0.06984224072618005,0.20613894501874166,0.04200269479260127,0.012521888970719597,0.000954210798560561,0.0006955580193159032,7.000763962868918e-05,1.0798491019490196e-05
67,0.0,0.47061229669848154,0.19927093240340937,0.06673747935223684,0.20442319022190925,0.04480360113261822,0.012351717062175725,0.001013313548851737,0.0007007574973489762,7.605997796007474e-05,1.0652105003198613e-05
68,0.0,0.46877067115274723,0.20329469568511094,0.06361560530509015,0.20258215812350444,0.047656932830643234,0.012209146333392058,0.0010712887758293334,0.0007065346312387905,8.241057679149506e-05,1.055658564722513e-05
69,0.0,0.46668037458191675,0.20762145411676142,0.06048687708506835,0.2006178630144509,0.05055564932483422,0.01209745016536096,0.0011278573833453723,0.0007128979180716265,8.905753582024506e-05,1.0518874364966025e-05
70,0.0,0.4990019157076866,0.2003219261316875,0.031958677376614994,0.20081100831206775,0.05711806240646032,0.008969102309944457,0.0009231021451644511,0.0007891382416171921,9.84044332392531e-05,8.662935512311443e-06
71,0.0,0.48692499504439174,0.21450869213543844,0.02978841496709276,0.19490654292525633,0.06250080411320343,0.009429201868065326,0.0010277618703861326,0.0007908248155306819,0.00011328207918403379,9.48018144611411e-06
72,0.0,0.4817872146637888,0.22154997003663396,0.02798597447896775,0.19178582443992637,0.06528741993152426,0.009605398190636372,0.0010722919387103963,0.0007948366356101361,0.00012107661441399492,9.99306978274639e-06
73,0.0,0.3200430985131166,0.35367210722250364,0.15603417042270856,0.11193895128509267,0.04098741255152217,0.013119593018931994,0.0032741199411389435,0.000795087104039365,8.592228989514483e-05,4.953765104561319e-05
74,0.0,0.31109480637170983,0.3573723473914095,0.16158713762083213,0.11058213593821976,0.04153902080735282,0.013406051015537462,0.00346469856061755,0.0008117028734891377,9.22070253454263e-05,4.989239548104631e-05
75,0.0,0.3024987328820211,0.3606248355953208,0.167055210457613,0.10943850064506554,0.04204581654603765,0.01369460127983786,0.003662457820037472,0.0008307994430833614,9.882072271795572e-05,5.022460825981656e-05
76,0.0,0.2942621533433698,0.36343123139870764,0.17242237971935467,0.1085147791236582,0.042509042371810704,0.013984260688458724,0.0038672407240706334,0.0008525943808350872,0.00010578335935447348,5.0534890374875514e-05
77,0.0,0.26861026147015615,0.374827270111412,0.19389133013436208,0.10243345670472484,0.03991056564214726,0.0148143294862241,0.004382149622268233,0.0009637537911994923,0.0001115458392219838,5.533719827866922e-05
78,0.0,0.26195643855245493,0.3757316598983835,0.19864084009260288,0.10257930225980447,0.04030340894131473,0.015012751684849468,0.00460103885163181,0.0009991411699551468,0.00011996656196400766,5.5451987034025694e-05
79,0.0,0.2342848081908823,0.3834536588382796,0.2234745061138003,0.09923471414935753,0.037353758127310226,0.015364091079580349,0.005262976765719828,0.0013728713709136413,0.00013532324820305765,6.329211594808081e-05
80,0.0,0.2391766251029729,0.36331561485379554,0.216650084357249,0.11707934242204315,0.043138826038922794,0.012452940566775515,0.005307592327900138,0.002618003670565929,0.00018580007143416597,7.517058833598895e-05
81,0.0,0.4035096485044703,0.21878334444396783,0.048045688623190766,0.23056564650758077,0.08595887731055214,0.0044064470340194235,0.0016328725466365015,0.00667272860401995,0.0002905735290124515,0.00013417289654485572
82,0.0,0.399824413716024,0.22180915659072448,0.04591987733720676,0.2299523545986479,0.08889499639560906,0.004840403605916252,0.0016112151370758345,0.006684200866393127,0.00032745286504206293,0.00013592888735544916
83,0.0,0.37689267443997376,0.20016042027376504,0.06528450142048033,0.2453655439644307,0.0832835323657688,0.019769170290893832,0.0021378754179277103,0.006606416135338807,0.0002901720390484061,0.00020969365236743644
84,0.0,0.36892768986312463,0.20581833607384267,0.06793426077308315,0.24197994669684408,0.0852540913015704,0.020661341026322198,0.0023602674660857374,0.006529267104433009,0.00032419147794982066,0.00021060821673942454
85,0.0,0.35601451671440065,0.21643657039845715,0.07036410278541134,0.23551965823147833,0.09008767896879324,0.02177636306503329,0.002772608144888538,0.006415932161539984,0.00040274061267000724,0.00020982891732254145
86,0.0,0.34814300169647716,0.22172773099932508,0.0734291443529421,0.23189312328928585,0.09201463147306645,0.022762165961892344,0.003051437599667698,0.0063253625848685964,0.00044228604875761206,0.0002111159937121975
87,0.0,0.34031190629741576,0.22686570801436606,0.07665974427017898,0.22820192638055053,0.09390288421780334,0.02377799956064403,0.0033532043996721615,0.006230891624058049,0.0004832128195270217,0.0002125224157793579
88,0.0,0.3325361307133195,0.2318365763714184,0.08004683870455107,0.22445935161604758,0.0957472185475404,0.02482305220178132,0.0036782848802710206,0.006133132844720725,0.0005253561284555852,0.0002140579918896782
89,0.0,0.3248299983157066,0.23662750672542596,0.08358064165440977,0.2206787863473273,0.0975426306496443,0.025896411631453606,0.004027001518483023,0.006032743681163626,0.0005685477468306834,0.00021573172955046505
90,0.0,0.31720722317103284,0.24122678754397264,0.08725069143490967,0.21687366200560074,0.09928435662707079,0.026997066353652566,0.004399619708341254,0.0059304242561812395,0.0006126172370116859,0.00021755166222207646
91,0.0,0.22599620991358735,0.2553754067325757,0.1966184455066954,0.1914537921931116,0.0700829865953653,0.04729393039664035,0.008496659319846367,0.00392451793251572,0.0004600622094056144,0.0002979892002523375
92,0.0,0.20871931347491415,0.2646284687623453,0.19894445714735656,0.183027727297283,0.08093676397606701,0.04764935558748813,0.011180347795090386,0.003979173471047357,0.0006577738383831529,0.0002766186500204655
93,0.0,0.20351002181663336,0.2662505440817217,0.20206157111111483,0.18095705245986524,0.0821958879232447,0.048249831031415336,0.011854760919322232,0.00395214105650465,0.0006937243979654675,0.00027446520220803736
94,0.0,0.19851453021665755,0.2676828441620926,0.20502818800106556,0.17901106358044297,0.08344470953164666,0.0488407480537089,0.012540392550856726,0.003935307766880496,0.0007299443543107304,0.00027227178233321333
95,0.0,0.21396636811311304,0.24223856527488766,0.18353949172815573,0.20327814510723358,0.09127249526031397,0.047689462161213156,0.011455522037310052,0.005361200443380109,0.0009660479390134557,0.0002327019353750203
96,0.0,0.21392460054242762,0.2430773888811617,0.17911975302478245,0.20283956298520062,0.09519308210306289,0.047292569782383456,0.011775781804281986,0.005510602133143287,0.0010384005446527082,0.00022825819889923146
97,0.0,0.213947725948101,0.24395738281546242,0.17458054675898171,0.20231470126654977,0.099175438302315,0.046941575590018755,0.012077937723399226,0.005665901889453559,0.0011143676200896597,0.00022442208562493265
98,0.0,0.21403708298549717,0.24487188385589148,0.16993364775404,0.20169903759930047,0.10321313565977537,0.046642205411635385,0.012360758029371609,0.005826941503424554,0.0011940192050525684,0.00022128799600752358
99,0.0,0.21419423297579354,0.2458136201664989,0.16519125411711716,0.20098828587797066,0.10729939711945201,0.04640017436486778,0.012623139363434621,0.005993518920173057,0.0012774236254468666,0.0002189534692416168
100,0.0,0.2144209330404211,0.24677477285010543,0.16036592375214492,0.2001784269243548,0.11142711023228567,0.046221161913718,0.012864117389889228,0.006165387907322718,0.001364647079085474,0.00021751891066893267
101,0.0,0.2147191073452654,0.2477470408861459,0.15547050942361185,0.19926573795440472,0.1155888424326187,0.04611078646870746,0.013082876960517353,0.006342258040805503,0.0014557531978119313,0.00021708729010741894
102,0.0,0.22449706126809144,0.2463252794576549,0.13685159469480482,0.2022232366477746,0.12474490447924573,0.04413254359720264,0.012445074847480014,0.006940279879605962,0.0016285832903225122,0.00021144183781385292
103,0.0,0.2623765693977558,0.2387349233533556,0.07703576001089213,0.2158614424559112,0.1492289140385386,0.036266395624895,0.00933309304591555,0.008893188696620816,0.0020556880001704825,0.00021402537594133916
104,0.0,0.30290704096389887,0.23268646983467403,0.013125848083337003,0.22747841772514876,0.1754860549895987,0.027462064608609928,0.006433761089638407,0.011513227054308997,0.0025387377402189123,0.000368377910563057
105,0.0,0.3006663608582755,0.2357089564232295,0.011800348016932465,0.22280964152265098,0.17918771981720166,0.02870992730007401,0.006539750616093113,0.011508244176344884,0.0026791866153428752,0.0003898646538516822
106,0.0,0.2956949474835259,0.24137529136136116,0.010649957096478166,0.21316349024617764,0.18583209405408896,0.031727498937675784,0.00677950552340575,0.011392273241221024,0.0029616555512410225,0.00042328650482142765
107,0.0,0.2822785575582925,0.2554043018851625,0.009733069667978093,0.17924104845134503,0.20486614257390656,0.045653427492691884,0.007551588281114884,0.010733624214058525,0.003987949829459021,0.0005502900459878619
108,0.0,0.2749709135610061,0.2559482494190655,0.02070258152726389,0.17282613944903932,0.19953870518609632,0.04798207426325068,0.011581344278882298,0.011389036454746577,0.0041765528609686835,0.0008844029996776196
109,0.0,0.24151834850238613,0.25821883941100304,0.0705388740106077,0.16221230950869694,0.1755157315186514,0.055047838194378806,0.01966681177923909,0.011911940206155948,0.003986597981672799,0.0013827088872053245
110,0.0,0.2384311515871869,0.2585681569713066,0.07397015789576214,0.1588955320361831,0.1751112118470637,0.056982562008812646,0.02062487131054159,0.011875068482497139,0.0041345368384205295,0.0014067510222230746
111,0.0,0.23550028972928314,0.2587057278985983,0.07736987000838229,0.1557940266067193,0.1745303001021192,0.058910943127623176,0.021626660925113984,0.011848145019468941,0.004284203712508363,0.0014298328701805806
112,0.0,0.22999345811244304,0.2587090070754421,0.08477237712358625,0.15264103800281975,0.17161784973380698,0.06116747242074445,0.023304587249138912,0.01190855290336782,0.004399929326378187,0.0014857280522700324
113,0.0,0.17066713349132376,0.2568128531164977,0.16947871363641473,0.1493334712491717,0.12806410961190914,0.06808965964194198,0.03589041577424386,0.015683060815869662,0.0037471961446480097,0.0022333865179770596
114,0.0,0.1552958667941079,0.25302904737957566,0.18914417430336827,0.15231575513643514,0.11845557078005985,0.06825315984697952,0.038950865221152785,0.018400577932205016,0.0037226162709633657,0.0024323663351501663
115,0.0,0.15402367159046637,0.2516849137071632,0.18936119783260058,0.15339789334102666,0.11828561447287794,0.06812997242073777,0.039983488505900916,0.018791771237054507,0.00393446546243675,0.002407011429733056
116,0.0,0.27575709014875566,0.15313165251638797,0.007755567071843294,0.2501411268024783,0.226182736776267,0.01589411382827405,0.006795359196084767,0.056299660531225974,0.006196795336993612,0.0018458977916859314
117,0.0,0.19052212707284708,0.19217698765124178,0.13338883139467375,0.20167508377851434,0.15169744022939471,0.05970376264689258,0.03353685162570677,0.030685776098003922,0.005138941814952172,0.001474197687769509
118,0.0,0.18628406159633468,0.19502705857182207,0.13617844470740853,0.19796511169467615,0.1516993775217502,0.06114618673042031,0.0349433445774892,0.02992229938540855,0.005392912574227027,0.0014412026404600306
119,0.0,0.1434953340257991,0.24369202233070283,0.1889197874480587,0.1499411395689672,0.12495007322126499,0.09156059051323182,0.0400455231629296,0.011365168906990037,0.004630131159035567,0.0014002296630168459
120,0.0,0.14393022583436244,0.24447028491552436,0.18596065322235783,0.14837971575229902,0.1269893334387402,0.09219502355223451,0.04053467802646167,0.011369078934735814,0.004797880754428316,0.0013731255688526475
121,0.0,0.1445943225990289,0.24504615373618124,0.1829132243953722,0.14684602496312388,0.1290114262924054,0.09291604030749682,0.04095315951079457,0.011404121284401946,0.004965983376235297,0.0013495435349565798
122,0.0,0.14548905625199351,0.2454129330518363,0.1797878714887267,0.1453361520408052,0.13101201810786142,0.09372841562973751,0.04129895850665382,0.011470512865663902,0.005134338422914531,0.0013297436338040698
123,0.0,0.17436995455695825,0.2483037395802709,0.13805839558111496,0.13811737445678215,0.1585982739258221,0.09340017774925409,0.03107940369032048,0.010971602084372239,0.005853206761575304,0.0012478716135268303
124,0.0,0.2011713683385072,0.24555764466630084,0.1011563955887668,0.1350582040682508,0.1825647228345736,0.09137841496585265,0.023267199860302904,0.011994120542637715,0.006649291190414268,0.0012026379443903549
125,0.0,0.26360645648596487,0.2283233052334202,0.018440082723009257,0.13793258958720617,0.23213514175430724,0.07542431589871942,0.01569815862395845,0.017370168109742058,0.009286884833817469,0.0017828967498518492
126,0.0,0.2635492556386762,0.2272349029903282,0.01991542857171651,0.13422226181823657,0.2314295756824509,0.07852956464432988,0.016517823026353178,0.017181522136194914,0.009559188059116843,0.0018604774325939083
127,0.0,0.24933231597579913,0.22667508594638883,0.039798384163244965,0.1319818640588651,0.21710302188036149,0.0817120655538006,0.024036946938729924,0.017449041350587287,0.009619532753574057,0.0022917413786458472
128,0.0,0.24862281188656069,0.2255401814658826,0.04202205399374596,0.12910572209851723,0.21537196943247305,0.08450852927369032,0.025279103395860078,0.017308418748344837,0.009885758955454424,0.002355450749468218
129,0.0,0.1890922947220066,0.22823492496749342,0.11675232629999255,0.13437557776248713,0.16170355638730244,0.08757468063042428,0.048295967518884556,0.02150138116613192,0.00880169149918732,0.003667599046087296
130,0.0,0.18770105711148996,0.22724108000977009,0.11838124000281779,0.13400363154089184,0.1596043595279795,0.08858987736924488,0.04994890265065591,0.021767774919900028,0.009101510780659839,0.003660566086587774
131,0.0,0.14511565865079953,0.21931502254006255,0.16691073748597263,0.15129230451179027,0.12581868608221156,0.08121651446267185,0.060970349805881424,0.036308525735009124,0.00815865890509269,0.004893541820505745
132,0.0,0.2728367160247298,0.1205746451472702,0.011043858188408107,0.2149846517447038,0.24558468736529185,0.019334568021021983,0.00748384621929467,0.09209952749887396,0.012020490003892324,0.004037009786511025
133,0.0,0.271990041465072,0.12191755142478082,0.01010376454557617,0.21135782335502004,0.2483544714034536,0.020705067030028758,0.007524820158966739,0.09111183661045723,0.01292481567880018,0.0040098083278422465
134,0.0,0.2710501007207846,0.12331754365127823,0.009318656436856396,0.20763325506379793,0.25096189249307155,0.022218768180408237,0.0075985625176867985,0.09006116386177523,0.01385175349751717,0.00398830357682178
135,0.0,0.2700212194110797,0.12476813163180882,0.008686811361169057,0.2038220299818725,0.25339845789361665,0.023875063589382392,0.0077062263587399345,0.08895014454355488,0.01479871691286947,0.003973198315904681
136,0.0,0.26890790186504726,0.12626273285038098,0.00820620756616948,0.19993533574205372,0.2556561164988349,0.025672920871916825,0.007848932929016362,0.08778161599930058,0.01576305660554303,0.0039651790717348
137,0.0,0.26501550656744916,0.13066502813386635,0.0123287352718009,0.19322397477852954,0.25327838201614145,0.030827602053983945,0.012179639714343713,0.08227925765808367,0.01664859650029669,0.003553277305502636
138,0.0,0.22615921339783795,0.15576244014037618,0.058455403619900925,0.176397588415261,0.21584639385753396,0.051679760979229744,0.032615593215272465,0.06402035269711702,0.01593918592827095,0.003124067749198102
139,0.0,0.22225926928460774,0.15861754654598215,0.06113070562100503,0.17265384264251488,0.21475562746517687,0.05414182043949207,0.03422684510054156,0.06248592957449174,0.016621282465134748,0.003107130861051577
140,0.0,0.18434221614993784,0.1827962820075659,0.10431840370208842,0.1587754001491326,0.1791487126597578,0.0734422487178418,0.05084750126940657,0.047718244672981455,0.015538837752338674,0.0030721529189472914
141,0.0,0.13807706154571206,0.22392995546379135,0.15657704808755576,0.1316309595022203,0.1356757282548457,0.11118680809083874,0.06383427434703258,0.022448662724310026,0.013428409597615727,0.0032110923860763194
142,0.0,0.138821759670199,0.2236428964826188,0.1547885354661583,0.13053704037558816,0.1362072872774296,0.11222958031025203,0.06430122941527237,0.022509145099517278,0.013832830967905689,0.0031296949350573845
143,0.0,0.2254462932208822,0.19837777247135777,0.05553716074355835,0.12022873989232545,0.22155956840265628,0.1086637964084332,0.02188864388000935,0.026777639698321434,0.018721270925033485,0.002799114357421073
144,0.0,0.22933050289870258,0.19565363174741873,0.05264753678498149,0.11774933197493863,0.22304892207346388,0.11138041048141938,0.021149317281777654,0.02687031540775718,0.019267592154475655,0.0029024391950635397
145,0.0,0.24222116956120976,0.18890613871537404,0.03981359660525993,0.11531470950074495,0.233122762282894,0.11222160687182633,0.016973703746361035,0.027991028518420787,0.020392685400830585,0.003042598797077119
146,0.0,0.24604632266095525,0.18596541406693468,0.0375145452492347,0.11266941388081267,0.23395893669777157,0.11542237384860471,0.016325408876375444,0.02796210571850648,0.02094368801801113,0.0031917909827916834
147,0.0,0.2499065309866087,0.18291947478934426,0.035353658449250855,0.11003506442467724,0.2345763846477231,0.1187589676257042,0.015692619963770593,0.02791080638461107,0.021491274454301487,0.003355218274007061
148,0.0,0.2589648007711617,0.1772005080924234,0.02753437061424427,0.10751905425503706,0.2400897823980369,0.12079486877184079,0.013387808524874817,0.028475135602740648,0.02245038463951834,0.0035832863301207864
149,0.0,0.26263136264945663,0.17408268337976973,0.02591345453818125,0.10485478013851707,0.24001889521196304,0.12447020281760963,0.012938934203873412,0.02831196690910219,0.022993875077647857,0.003783845073878038
150,0.0,0.2662924440670328,0.1709043705476949,0.02442107945762628,0.10222730170600598,0.23971893143336503,0.12824812261212518,0.012533709433316652,0.028125001200826845,0.023531621050475394,0.00399741849152992
151,0.0,0.26993845566305386,0.1676771227034638,0.02305319626455525,0.09964176691105864,0.2391909699455149,0.13211937976952193,0.012177887902359071,0.027914461827891448,0.024063033598534136,0.0042237254140458915
152,0.0,0.27355969671707203,0.16441278716400398,0.0218055082586441,0.09710307124736522,0.23843680608655604,0.1360742627181604,0.011877179107045548,0.02768070637820978,0.024587561770220236,0.004462420552721643
153,0.0,0.2816486934837208,0.15781229669514898,0.014033365546428436,0.09562239573585252,0.24300924914919003,0.13597331275305494,0.01255773172713028,0.028363183699344385,0.02603156690623387,0.004948204303894781
154,0.0,0.283962044786654,0.15487041655390088,0.01331181521161433,0.09363759022668103,0.24124913665066383,0.1388526705339742,0.01399014699286089,0.028119269595770442,0.02672755183329931,0.005279357614580336
155,0.0,0.2852012637171275,0.15247119486829994,0.013472566617116669,0.0918571538594581,0.2384845102474583,0.14160312294979915,0.016092457305412807,0.027811145895917856,0.027391342176745638,0.005615242362663654
156,0.0,0.28716521055927435,0.15009630459665826,0.01366072462113479,0.08970330349750369,0.23580245522245305,0.1455180241608256,0.016939099930703777,0.02733785264181497,0.027901579707261568,0.0058754450623698115
157,0.0,0.2890381598867221,0.14777389555916212,0.013917496289489854,0.08764735989792376,0.23293220357992114,0.1494038002889754,0.017884583209143278,0.026860394685700995,0.028403503696405374,0.006138602906555913
158,0.0,0.2908136784805921,0.14551307300291164,0.01423780393218727,0.0856904334029526,0.22988287897915666,0.1532490474922654,0.01893081258099114,0.026381405152386753,0.028896984267135852,0.006403882709420518
159,0.0,0.29248557701396366,0.14332263663432118,0.0146167625930441,0.0838331536031926,0.22666409258377468,0.1570424335503517,0.02007934063533564,0.025903627619289455,0.02938195403774002,0.006670421728986822
160,0.0,0.17798590375343207,0.18753326385371208,0.09716286169922786,0.10818336826109055,0.13703333064185427,0.11219389045090611,0.09682490961382684,0.04595656157392786,0.026990685659773483,0.010135224492248678
161,0.0,0.21586198931741024,0.13131807829427442,0.08053061527651871,0.13148117394481276,0.15867094778981952,0.05317054511733287,0.05379720333259855,0.13476625843072504,0.025670431455688956,0.014732757040818837
162,0.0,0.21747812026626456,0.13079738563999557,0.07740045964042981,0.1310815110647485,0.16132269406404995,0.05212181145076439,0.05249561262111786,0.13531332255551537,0.027474070871958804,0.014515011825155227
163,0.0,0.21902872291269632,0.13036530670890836,0.07429900602899049,0.13058712925432625,0.16396217191699416,0.051198525095010446,0.05114333850467261,0.13576643131539728,0.029340297959162626,0.01430907030384166
164,0.0,0.2205114705409984,0.13002256057395953,0.0712296429220696,0.12999967319345226,0.16658100600866485,0.050405936597038625,0.04974276584680366,0.13612353178664077,0.03126581625323211,0.014117596277140595
165,0.0,0.2219243011771186,0.12976954705773,0.06819559775325847,0.12932117878007007,0.16917081057624866,0.04974885240670125,0.048296556800070896,0.13638275391956198,0.033247126185267935,0.013943275343972533
166,0.0,0.22326542249853973,0.1296063404217633,0.0651999445497831,0.12855404724746194,0.17172322923637204,0.04923161275873326,0.04680764362693281,0.13654242059274768,0.03528053861711202,0.01378880045055435
167,0.0,0.22453331595293632,0.12953268385787708,0.06224561236135759,0.127701018011586,0.17422997450133454,0.048858071443443035,0.045279220216849776,0.13660105722243654,0.0373621893753393,0.01365685705684041
168,0.0,0.23422709592583146,0.1244230427873992,0.052742045647970845,0.12645725111294437,0.1835723810763212,0.04632199287199299,0.03785276038658659,0.14086333304286558,0.03996434449463741,0.013575752653451033
169,0.0,0.2379404119618262,0.12310874046319374,0.04779296845198727,0.12514355558538207,0.1881702964265496,0.045778233775116695,0.03440499910615313,0.1418116793439381,0.04232283925696276,0.01352627562889126
170,0.0,0.23874027055439878,0.12355432214115374,0.045106457258724406,0.12387084668417267,0.1904050835981121,0.04614939469180271,0.032837850238156566,0.14126685422125324,0.044557706792707395,0.013511213819519158
171,0.0,0.23945046437446227,0.12409269610079052,0.042481152952680644,0.1225325099721574,0.19254180392802306,0.04667654773607224,0.03126304831097922,0.1406114801042453,0.046821195348709294,0.013529101171880935
172,0.0,0.2400717186678494,0.12472086473446378,0.039919227947253166,0.12113300243426936,0.19457362462401848,0.04735980048726844,0.029684955027075112,0.13984604324218158,0.04910861966346192,0.013582143172159574
173,0.0,0.2808323504529295,0.10742125482586001,0.005423611860493505,0.1107462775985498,0.2291446327485027,0.043341835925642405,0.005528929436753513,0.15004055477541978,0.054084081323935246,0.013436471051914492
174,0.0,0.2784485696810786,0.11019040058846835,0.005219435186358075,0.10862957901632406,0.22878594093470328,0.045756269708468,0.0057247129846054335,0.1473153181660795,0.05628329499226999,0.013646478741645875
175,0.0,0.27597487161823847,0.11300083120856597,0.005116734190064418,0.10653154590708479,0.22825198848659517,0.04825502952647461,0.005997824925257207,0.14451873955981698,0.058473273409453186,0.013879161168450248
176,0.0,0.2584058826001296,0.12795285362995087,0.019154749839562443,0.09873035975728572,0.21439428613323255,0.05734554987238274,0.023089934374143733,0.1283252602141186,0.05918164145132919,0.013419482127865732
177,0.0,0.15661222110794878,0.19005082028631987,0.1080565419840009,0.0894341912340248,0.12802979094050213,0.10234979518534536,0.10027275888119076,0.061065920756940874,0.05226810811087644,0.011859851512851025
178,0.0,0.1546834307394099,0.19059104844210323,0.10960628038213155,0.08896223469243446,0.12591806398476035,0.1036411105209673,0.10182863288118081,0.05973990526734953,0.053621737894663006,0.011407555195000921
179,0.0,0.14701123610351993,0.19321226141739878,0.1169899457979719,0.08918806317284932,0.11811126320399631,0.11338674361365272,0.10591569426467805,0.05100077468572187,0.05423863762611789,0.010945380114094556
180,0.0,0.14652993639440337,0.19240905614359105,0.11795082946190119,0.08895884202248801,0.11652294512521791,0.11470553281497486,0.10660802961393268,0.05030567690636956,0.055497194915647,0.010511956601475745
181,0.0,0.14625631035168815,0.1913472886992828,0.1189165810923571,0.08876695815668632,0.11495888318189357,0.1160768637644886,0.10713202504307584,0.049717779815043515,0.05672740387080842,0.010099906024677157
182,0.0,0.14618771706511205,0.19003166840004068,0.11988554070743257,0.08861060870265777,0.11342018138810021,0.11750274910039245,0.10748571065731584,0.04923693509631075,0.05792736677740334,0.00971152210523579
183,0.0,0.17460278815047928,0.16406482786852186,0.09878875031308082,0.09659136742352029,0.13091801915287068,0.14447541148724133,0.07825093484752922,0.0408341716543103,0.06065245789584034,0.010821271206607593
184,0.0,0.17873018222189171,0.1585644666471975,0.09837088827095045,0.09605968655501793,0.12854150077145865,0.1482261203715096,0.07681019798533172,0.04137918417808727,0.06261017408863152,0.010707598909925344
185,0.0,0.1819438110436594,0.15489979706159018,0.09726174934951881,0.09603766628643252,0.1281201508604466,0.15065176477073372,0.07497085165758145,0.041721908562670426,0.06362706978162307,0.01076523062574561
186,0.0,0.18522462854694574,0.15115957078309095,0.09614967584372854,0.0960216572331512,0.12767155782643297,0.15317228604145094,0.0730322188600129,0.042085247056445396,0.06460702286482933,0.010876134943914068
187,0.0,0.22399655548939534,0.12252637249209881,0.061213610839737274,0.1036791625277374,0.15479998630159042,0.16595778519225138,0.03998630069577558,0.0454125964952078,0.06907764128398886,0.013349988682219437
188,0.0,0.236612129664456,0.1068597925963261,0.029705614055098133,0.11662870419150867,0.17692020844910714,0.13833152953413017,0.04377991227737145,0.053995632925171434,0.0773236403851627,0.019842835921670448
189,0.0,0.17773126781965617,0.1366789715820517,0.08538053489191307,0.1088514188528331,0.13020182525571827,0.10687483539476392,0.09728674116259405,0.0611382612163945,0.0737192982591616,0.022136845564916095
190,0.0,0.16204613570174436,0.14465803763835766,0.10258613484833311,0.1048946755586461,0.11550340235012745,0.09648982077659773,0.11029352275958827,0.06732460080102566,0.07375872195463133,0.022444947610950734
191,0.0,0.1607160703739243,0.14514336680075035,0.10402307347345292,0.10412011968857901,0.11346168196480882,0.09556765867900273,0.11188934991208505,0.06752426480430118,0.07577060249435733,0.021783811808740672
192,0.0,0.15941830600816764,0.14560490899158182,0.1054424922919259,0.1033305996832892,0.11152503728476006,0.09458283538235107,0.11338862157058988,0.06778579798552777,0.07781084595043285,0.02111055485137638
193,0.0,0.1581547712028774,0.14604215916508578,0.1068415951796151,0.10252596741184487,0.10969379955194958,0.09354169616266735,0.11478525930114114,0.06810888431317141,0.07987644024820932,0.020429427463440755
194,0.0,0.15692728383187146,0.14645478557362648,0.10821744595843558,0.1017063675992796,0.10796784244989688,0.09245075299002958,0.11607351889030007,0.06849292164415181,0.08196420996852669,0.01974487109388457
195,0.0,0.15573754815816088,0.14684263037883297,0.10956697315020301,0.10087223229060524,0.10634659981928092,0.09131664942985723,0.11724801614955341,0.06893702296705358,0.08407082474123273,0.019061502915222867
196,0.0,0.15458715266787215,0.14720570884082773,0.11088697633344967,0.10002427319900992,0.10482908541979068,0.09014612512822716,0.1183037512975529,0.06944001885129678,0.08619280867216103,0.01838409958981485
197,0.0,0.1534775686334327,0.14754420707954408,0.11217413408175705,0.09916347200777248,0.10341391458948279,0.08894598007450831,0.1192361318004118,0.07000046109570388,0.08832655078721763,0.017717579850172274
198,0.0,0.18030371468993683,0.14707140161969287,0.08927047332125052,0.0878974012478699,0.11692447046771812,0.05626530603759215,0.08206877372141644,0.12702419244965912,0.0906558195850748,0.022518446859792613
199,0.0,0.18076305328100004,0.14769312580834762,0.0872911188430059,0.08747035476572466,0.11782694879598718,0.056034037347581694,0.07990179337280673,0.12703971060579644,0.09356494632990271,0.0224149108498505
200,0.0,0.21332270661210534,0.13962682036942456,0.05198796411257216,0.08557841293992383,0.1403747208362856,0.052199416493984525,0.04384669725991823,0.14932104831930282,0.09789093472842694,0.025851278328059658
201,0.0,0.21324386319638355,0.1411439949806163,0.049580846530824355,0.08514371743529327,0.14108898658027452,0.053049612582760156,0.04157120650127804,0.1480702366929334,0.10086305108803525,0.02624448441160485
202,0.0,0.21311884980167806,0.14271789064172377,0.04717749644079068,0.08470649732342107,0.141733039417018,0.05400923918901458,0.03930845196164223,0.14670882388272327,0.10379819511512223,0.026721516226869902
203,0.0,0.21719220964809333,0.14340311725823837,0.0400352071734118,0.0841046606997109,0.14525220134596764,0.05500955080404465,0.03272701336379343,0.14759703237840865,0.10689880649094201,0.027780200837393212
204,0.0,0.2168518048660501,0.14518486336324643,0.037703679900349944,0.08365228506967565,0.14566934498029036,0.05627947624331644,0.03060091238751326,0.14584808661491405,0.10974544972992266,0.028464096844725117
205,0.0,0.23216999654587334,0.1440632857945195,0.01728078173019731,0.08227176916446975,0.15706441766847856,0.05822720550387519,0.013032161745892118,0.15137326803055512,0.11333034319621076,0.031186770619932306
206,0.0,0.24206870297741692,0.14531602998723048,0.0046781548869865575,0.07629130099546833,0.16546223383261974,0.06237904127743405,0.005854773650250814,0.14808178293110788,0.11684111363134807,0.033026865830141285
207,0.0,0.2390137760353873,0.14803971410546374,0.005382144205319622,0.07552118044115658,0.16368829422737421,0.06438254176571827,0.0067134343589418674,0.1441173318321436,0.11948574649012975,0.03365583653836933
208,0.0,0.2359934067604749,0.15063439746883456,0.00621832594096431,0.07474749616831164,0.16185606090025978,0.06636930970831673,0.007657841292205203,0.1401509928948789,0.12207696081958096,0.03429520804617727
209,0.0,0.23301712451152382,0.153087595630017,0.007188883404654006,0.07396961253847636,0.15997094279713361,0.06833428816246333,0.00868423700804391,0.13619239666974492,0.12461208384046797,0.034942835437479385
210,0.0,0.2300941459108956,0.15538740755989885,0.008295627558412995,0.0731869464979456,0.15803837591743608,0.0702726195669513,0.009788600657412477,0.132251092926075,0.12708871359816842,0.03559646980680811
211,0.0,0.22723333785627436,0.1575225726740263,0.009539969853549173,0.07239898427314273,0.15606380069926404,0.07217965915051844,0.010966664668147663,0.12833651951215055,0.12950472159236331,0.03625376972056776
212,0.0,0.22444318214910464,0.15948252510611743,0.010922896660054204,0.07160529747337897,0.15405264003285213,0.07405098702366338,0.012213932503610213,0.12445797166017977,0.13185825388564038,0.03691231350540324
213,0.0,0.22173174190759903,0.16125744494082578,0.012444945482596309,0.07080555846154538,0.15201027801383274,0.07588241892024923,0.013525697412720406,0.12062457185807027,0.13414773069797856,0.03756961230458655
214,0.0,0.2131023378174891,0.16524052741127426,0.01977779681547966,0.06797399757964184,0.14499006933214906,0.08100727199380929,0.019437585144235582,0.10875852214711218,0.14065891627243415,0.039052975486379565
215,0.0,0.20725016896380116,0.1654372228265918,0.028555348073665974,0.06591451810474466,0.14033657450985548,0.0823852429993726,0.02630588105388155,0.10265905075383908,0.1429330738016792,0.03822291891257335
216,0.0,0.20492536635920902,0.16594284503394446,0.031194310427537755,0.06509218608927694,0.13808912982364574,0.0838248274330274,0.028083101662866133,0.09929021266816512,0.14493183204502624,0.03862618845730615
217,0.0,0.20272707423590922,0.1662158890916927,0.03395419838023046,0.06427008720071818,0.13584981645349517,0.0852028704119452,0.029875074739157084,0.09603076554838072,0.1468665340629549,0.0390076898755214
218,0.0,0.1952184514052453,0.16441277989441175,0.04768354052533607,0.06184720769245346,0.12959662922548923,0.08586622064133435,0.03978591177621285,0.08942537601644679,0.14928843579905718,0.03687544702401806
219,0.0,0.19325080410870268,0.16395677696709163,0.05099547754623191,0.06107157278329126,0.12731941635770844,0.08696506605663742,0.04170653553534283,0.08659090791788954,0.151160703199499,0.03698273952761025
220,0.0,0.14297151345921263,0.14063681162354907,0.13413356045908564,0.06996196966336889,0.08934036438444004,0.06178924617200053,0.09657987851842385,0.07816694829836118,0.15533415627937514,0.03108555114218812
221,0.0,0.1567047263983576,0.15462639960145716,0.1032736461194237,0.06720219217185917,0.09948298313425391,0.06817328834685395,0.07337784053091778,0.08375453649041996,0.15520863513765437,0.038195752068807404
222,0.0,0.2004706454450094,0.17512363051329574,0.017199854965795812,0.07148996980461568,0.1315426052941176,0.08704098917521158,0.013037269481382454,0.09687100436732876,0.15146340660147992,0.055760624351768255
223,0.0,0.21109567322557374,0.17538267222846385,0.0029184367796204888,0.06978409803617869,0.1384815472306934,0.09361685661253025,0.004520745898679537,0.09376902519226844,0.1534461463558931,0.056984798440103776
224,0.0,0.2093230952983572,0.17361910379545598,0.008582410024974684,0.06752996743242282,0.13619728762661035,0.09514358725697222,0.00878300541095448,0.08889205218246504,0.1556475445203757,0.056281946451416875
225,0.0,0.20059991738044297,0.16653746179681528,0.03224498717464771,0.06228122897264541,0.12836195129301442,0.09420909371853468,0.025422404088021634,0.080265948611377,0.1602587808265527,0.049818226137953676
226,0.0,0.14162538669147304,0.11773093195755777,0.15171556418163715,0.07153166641270284,0.08354287619750188,0.07992398877280263,0.10584385280826414,0.05369749438234194,0.17412306494049168,0.020265173655232435
227,0.0,0.14201062289406455,0.11515247168656599,0.1525460475785469,0.07261817269740715,0.08287222726316347,0.0800228658796659,0.10520600004529583,0.05399204932383749,0.1763355498504991,0.01924399278095923
228,0.0,0.142455442590452,0.11259314528600924,0.15321812045936128,0.07375018028931551,0.08227262599814084,0.08015310181986372,0.10442118096159426,0.054371363005845615,0.17845635901206575,0.01830848057735747
229,0.0,0.142952734404081,0.11006460677268043,0.15372783127218181,0.07492562918039584,0.08174480878911108,0.08031500600769237,0.10349311230214814,0.0548309082291399,0.18048081539719865,0.017464547645376506
230,0.0,0.14757301303458323,0.10013063155170875,0.13568905489101862,0.09571839503575788,0.08524298787841665,0.08298363423495264,0.09072848573027273,0.059233679312969176,0.1791663603745428,0.023533757955783427
231,0.0,0.1484308469294304,0.09833901586823077,0.1343302211265614,0.09728005940388189,0.08532725560858487,0.08351053263365266,0.08873510068983353,0.05984383800917567,0.1807757424542853,0.023427387276369484
232,0.0,0.15071588550616588,0.08473799382107595,0.14092095984418737,0.09538921545865095,0.08337207810584271,0.08718928911174936,0.07818008244889377,0.06452502258106384,0.195607594010924,0.019361879111452297
233,0.0,0.15131421966395184,0.08372895941785939,0.13884361018730496,0.09679384267639445,0.08403476617897389,0.08779954368675094,0.07578324968850572,0.06546522987190674,0.1958938951532558,0.02034268347510228
234,0.0,0.15213549563051473,0.07784351581874699,0.139514766835906,0.09589356403140749,0.08601597253897522,0.09004780992269046,0.06766215740947347,0.07020046913565299,0.1974013112266921,0.023284937449946592
235,0.0,0.15252875766460672,0.0774532668971717,0.1369230809280423,0.09714749914437151,0.08709743651996561,0.09060501564833909,0.06521322761881558,0.07123297946912265,0.19685153796641766,0.024947198143153222
236,0.0,0.15288161284943436,0.07720808813959937,0.13420100911941002,0.09836633715778462,0.0882655080699556,0.09114986534741407,0.06276993064593084,0.07224280721881969,0.1961811630780053,0.02673367837365226
237,0.0,0.15319322415274939,0.07710575789278784,0.13135621950688825,0.09954495727846989,0.08951977256038088,0.09167978411331412,0.06034073315466091,0.07322509562981293,0.19539407578578447,0.02864037992515753
238,0.0,0.15346318182141522,0.0771432670933012,0.1283968361606628,0.10067825523772658,0.09085962057084893,0.09219232170124422,0.057933946364933556,0.0741751844332771,0.19449459601416402,0.030662790602432613
239,0.0,0.15369149765058418,0.07731683941898099,0.125331408623743,0.10176116691653056,0.09228423400104017,0.09268517534772004,0.05555769456571114,0.07508862332648739,0.193487464169395,0.03279589597981385
240,0.0,0.16142814821782364,0.09470740594977083,0.05832651035639091,0.13088477201739365,0.11001949519405155,0.09341854728331882,0.03275652116691805,0.07607249569827053,0.1833413485967664,0.05904475551930202
241,0.0,0.16552956365551147,0.10278312373776352,0.027835583361121675,0.14101315581089952,0.11967811402438328,0.09132539644322153,0.024059342345140164,0.07463523489073223,0.17900412103651006,0.07413636469472316
242,0.0,0.16501899262893754,0.103959658121271,0.02582100212523898,0.1400687219802947,0.12145466718063301,0.09166724906650633,0.023242418315454465,0.07366740500445115,0.17864025476894008,0.07645963080827942
243,0.0,0.16450445255765928,0.10510498669552566,0.023937020364535565,0.13898717355011875,0.12326300176288159,0.09198461872945403,0.022539981606756555,0.0726484996317201,0.17828621866877423,0.07874404643258087
244,0.0,0.16839114438371766,0.10330260478765252,0.017899727989871803,0.13338736173893675,0.12880869241652496,0.0802784223485042,0.027999936586276728,0.06521070068462102,0.18156528274034342,0.09315612632355773
245,0.0,0.1675316718447246,0.10331478288189563,0.019610940181182607,0.13047246644636507,0.12973219224695423,0.08054981346545674,0.028828392855310088,0.06327032812189719,0.18314067889068153,0.09354873306553929
246,0.0,0.16671140488968766,0.10320905686129396,0.021480207249767225,0.1274809695983048,0.1306287951830807,0.08082065570082758,0.02972568328600793,0.06134183289963753,0.18480385070292066,0.09379754362847904
247,0.0,0.16591275287592383,0.1021250401347426,0.025446510838546578,0.12333745834538877,0.13106352907903926,0.08043273295893856,0.03165074519419872,0.05911223801850705,0.18722231034657896,0.09369668220814273
248,0.0,0.16466627001874692,0.09547858511510132,0.04267609815544565,0.11246637652324738,0.12821537400937288,0.07672459694491883,0.03933228036674707,0.05545286299050788,0.193968666224602,0.09101888965131721
249,0.0,0.16395324446962006,0.09463582473712842,0.045782689403842954,0.10913422285400308,0.12862311422879882,0.07706083735813703,0.0405610047666728,0.053562094585092986,0.1965779781897546,0.09010898940695658
250,0.0,0.1632918218738794,0.09367842506477374,0.04898950073276862,0.10579286963407034,0.1289752017933034,0.0774168810981351,0.04181274196544997,0.051715848648073146,0.19927277329737106,0.0890539358921826
251,0.0,0.16268307877354288,0.09260821420654139,0.05228799544379584,0.10245148272526643,0.12926717509212893,0.07779591369571649,0.04308199660073864,0.04991761454305189,0.20204892082418113,0.08785760809504375
252,0.0,0.15688108253929026,0.06344129201869562,0.12908101915349504,0.06629416214853431,0.10785130809609896,0.06641428903289849,0.06921174489658778,0.047100282819143253,0.22647646243328098,0.06724835686198284
253,0.0,0.15647696218554707,0.06188995692199347,0.13259483884448237,0.06380904710872275,0.10723491632665126,0.06706959331155615,0.06997461361460285,0.04580945587393931,0.23082412593626833,0.064316489876244
254,0.0,0.15611190166077807,0.060322794109172885,0.13601756271434592,0.06143976635420015,0.1065595316432275,0.06776267713242705,0.07067854929307987,0.04459212477903815,0.2351692850594389,0.061345807254299105
255,0.0,0.15578451513826677,0.05874577316264294,0.1393400975832589,0.05919150700985011,0.10582529464357197,0.06849392235458399,0.07132104627079486,0.04344912135482766,0.23949900258645174,0.0583497198957586
256,0.0,0.15549332194282658,0.05716488660574077,0.14255366801392266,0.0570689711294521,0.10503272352838403,0.06926343049660302,0.07189990264361151,0.04238110229074576,0.2438000954113692,0.05534189793735217
257,0.0,0.15539493068673718,0.05446493630890773,0.14582462568682697,0.053632607392537966,0.10443075365534298,0.07252832502814334,0.07174403378841002,0.03909286857667503,0.25456312472835363,0.048323794148073175
258,0.0,0.1493927058932982,0.045603207708262615,0.18007508266921615,0.040410485155519746,0.08889026362521431,0.06641197150889003,0.07424368332029327,0.05206216123765863,0.2623292611747034,0.0405811777069518
259,0.0,0.14941248198747245,0.04557949062949536,0.17926547688841132,0.04087788793505818,0.0883257891769381,0.06729910543682636,0.07318749268703566,0.05165156031441011,0.26571782744533967,0.038682887499020935
260,0.0,0.1494477763528053,0.04562908489472962,0.1782677867280037,0.041457611631808146,0.08777142633904464,0.06819013168735318,0.07207973228403225,0.05128254293188818,0.2689094690177755,0.03696443813256782
261,0.0,0.15057046222827314,0.04291194457062677,0.17574721939286841,0.04408604924803876,0.08332102887352025,0.07490836100197462,0.06827828035322785,0.04624049616235098,0.2884326895038267,0.025503468665300906
262,0.0,0.1506814562896422,0.0430925651497472,0.17424932261782258,0.04503117200370207,0.08270908841271887,0.07582784223606559,0.06707998598501942,0.046189121313302064,0.2902760338943058,0.024863412097682763
263,0.0,0.15080932152661194,0.04333741926131812,0.17258578783018272,0.046057117704524315,0.08213603694611171,0.07672983387928212,0.06584580155201256,0.04618336567039991,0.29185569307369014,0.024459622555875252
264,0.0,0.15095448333489972,0.04364415916837046,0.17076225898201364,0.04715691035545102,0.08160688445356148,0.07761078009045828,0.06457927076699262,0.04622251975729211,0.29316556981299435,0.024297163277974928
265,0.0,0.15111743778886896,0.04401015864596477,0.1687847761685564,0.04832339289592387,0.08112655601710629,0.07846718189335031,0.06328398810176936,0.046305865765560374,0.29420053866940693,0.024380104053501404
266,0.0,0.15129874580141647,0.04443253027187613,0.1666597463889415,0.0495492626890466,0.08069986124019381,0.0792956205157351,0.06196358230936222,0.046432678501260406,0.29495647536625985,0.02471149691591671
267,0.0,0.1514990267759027,0.044908143878251504,0.1643939132026997,0.05082710741848391,0.08033146391382666,0.08009278049433907,0.06062170012573681,0.04660222604435825,0.2954302818413818,0.025293356305028627
268,0.0,0.15171895180065356,0.045433646042672304,0.16199432544583922,0.052149441205941775,0.0800258521026276,0.08085547240981517,0.05926199022796291,0.04681377013323022,0.2956199068147181,0.026126643816547907
269,0.0,0.15195923643867704,0.04600548049299759,0.159468305173075,0.05350874076175011,0.07978730882229786,0.08158065511792353,0.05788808752317916,0.047066566288091055,0.29552436174742863,0.02721125763458891
270,0.0,0.15222063316699125,0.0466199092971183,0.15682341499464733,0.05489748138177312,0.07961988347744062,0.08226545734574373,0.0565035978399252,0.04735986368876487,0.2951437320867614,0.02854602672084314
271,0.0,0.1525039235213312,0.047273034706329854,0.15406742497706555,0.056308172605608345,0.07952736422526827,0.08290719852513667,0.05511208309025602,0.04769290482360977,0.29447918371377885,0.030128709811624427
272,0.0,0.1528099100029962,0.04796082151943178,0.15120827927705227,0.05773339335378364,0.0795132514263291,0.08350340873976428,0.05371704696760533,0.04806492492764283,0.29353296453430866,0.031955999251094894
273,0.0,0.15313940780521335,0.04867911983388597,0.1482540626769643,0.059165826365403226,0.0795807323380966,0.08405184766673378,0.052321921241637814,0.04847515122898334,0.29230840117724327,0.034023529665847395
274,0.0,0.15349323641663218,0.049423688050402925,0.1452129671880316,0.06059829176240845,0.0797326572010984,0.08455052239934072,0.050930052707345234,0.048922802023637746,0.29080989078835356,0.036325891462758275
275,0.0,0.15381086421820073,0.05606811093080609,0.12999569700864078,0.0659899332374228,0.0850042250573402,0.08278987663408885,0.04601534321876435,0.0518435482316735,0.28110326990374973,0.04737913155932197
276,0.0,0.16003159300840158,0.0993375768714773,0.02654082321348279,0.09721290663409163,0.13437247566084673,0.06212134307359564,0.013638744000989331,0.07171643880659855,0.21449190802606027,0.12053619070446508
277,0.0,0.16077407680679368,0.09951049069856477,0.02456031039543636,0.09740626388423157,0.13529944679513836,0.062048700617702165,0.012899044298654275,0.07137878637993367,0.21324271378999962,0.12288016633355453
278,0.0,0.1615705342284328,0.09956395049385705,0.02272235845767928,0.09751009259314461,0.13622021868352546,0.06197889631041389,0.012212517216754138,0.07107334311700574,0.211960970569062,0.1251871183301343
279,0.0,0.16242018649831955,0.09949741230725323,0.02102883592450068,0.09752607188590111,0.13713011990279372,0.06191512468427041,0.01157780587731576,0.07080170254724284,0.21065509391655504,0.12744764645585693
280,0.0,0.16623801818782785,0.10036746066206068,0.010791913929282278,0.09975319811105618,0.14443671248492823,0.057202115009197786,0.007561791010324674,0.07357026402223164,0.20490898424712725,0.13516954233597273
281,0.0,0.16937721940447556,0.09414142982147701,0.01638864956541775,0.09785612949903073,0.14364666195311007,0.05508674011291945,0.007979099500932153,0.07424350072188636,0.20997505301889133,0.1313055164018688
282,0.0,0.1573442588735154,0.04307203139846049,0.14736182060667072,0.06872209480647376,0.07181144988825207,0.0709663752212434,0.04534382011445743,0.05295044500319004,0.2959213284003309,0.046506375687415016
283,0.0,0.15972586052174,0.09746536563065075,0.03785348279924535,0.08988226045249238,0.12935748967355304,0.06820854984536119,0.016287053430642153,0.055760133490177256,0.22018990526496365,0.1252698988911834
284,0.0,0.15918311668904303,0.099159399777788,0.03519913187445661,0.08918589157207125,0.1316330202670822,0.06869575373654949,0.015599400306964935,0.05649258534027674,0.2183429674869044,0.1265087329488725
285,0.0,0.15477104581987425,0.10769127328113849,0.022299918254739676,0.07532298468488036,0.1472078399092534,0.07756054789813338,0.013207221653180357,0.06959824782437668,0.20178885611705266,0.1305520645573798
286,0.0,0.15508479620652652,0.10814874492530699,0.02051276752468141,0.07424522781996565,0.14894211288490972,0.07852644657964797,0.01263912076540937,0.07064378172543867,0.19940665247567804,0.13185034909244486
287,0.0,0.15547435843489793,0.10845811794545855,0.018865224419776432,0.07313457626743705,0.1505814564740581,0.07954704955349551,0.01209772971731756,0.07169739068359371,0.19705061817561553,0.13309347832835886
288,0.0,0.15624819245781507,0.10895661430358243,0.016125630332053293,0.07177724220316796,0.15328312536186414,0.08092899676407467,0.01104987302544313,0.07256025034051573,0.19358911363262435,0.13548096157886874
289,0.0,0.15680237975782413,0.10888613650537106,0.014885817154875662,0.07058520610340759,0.15463795447283749,0.08209406931618433,0.010599037656313426,0.07361300926137604,0.19137526942896255,0.13652112034285724
290,0.0,0.15743254545083535,0.10866361371784637,0.013786361448429145,0.06937538557741403,0.15587908640283968,0.0833203021453274,0.01017712040483008,0.07467121502541306,0.18920104845714916,0.1374933213699253
291,0.0,0.1581379608320705,0.10828953412603703,0.012826199572277593,0.06815209634623376,0.15700219761077652,0.0846088906418003,0.009784683955955149,0.0757339534928415,0.18706961848947218,0.13839486493254524
292,0.0,0.15891751912399738,0.10776507506540904,0.012003826839419548,0.06691965242403333,0.1580032894363863,0.08596080168098097,0.009422307614993802,0.07680027356512618,0.1849838602499519,0.13922339399971126
293,0.0,0.16041880866301603,0.10676133217275398,0.010507428186703504,0.06498939022077659,0.16017236895355383,0.0884565428722452,0.008434622447032025,0.07729241227389051,0.18172968608294177,0.1412374081270965
294,0.0,0.1670167915617924,0.08075739635436627,0.0399929886696414,0.055152954398694304,0.14320295726693685,0.11232409902943837,0.014252098434591125,0.06877614823297841,0.19753060176105197,0.12099396429051902
295,0.0,0.16780718537001568,0.07846970676389879,0.042238435542154514,0.05422009439027518,0.14101174636636127,0.11474483244223142,0.01486790482575682,0.06948858135723247,0.19755259021449012,0.11959892272759387
296,0.0,0.16861770603542206,0.07613925806123252,0.04450768844434108,0.05335692387240203,0.13870433307843097,0.11720674795708808,0.015501204946169007,0.07021237646685191,0.19754583060309253,0.11820793053498009
297,0.0,0.16944385917116767,0.07377494289413658,0.04679381544920317,0.05256395242469889,0.13628678285858012,0.119705262898972,0.016151758428401386,0.0709465521188868,0.1975055558331643,0.11682751792279952
298,0.0,0.1641110872461368,0.02670431225378684,0.12439392042975433,0.0551910012372606,0.06418099990213694,0.1554121094617924,0.04677240394139892,0.059906299410474505,0.26260000859278754,0.04072785752448148
299,0.0,0.1641268245709415,0.02558620726464907,0.12543128680934862,0.05597025993859608,0.06122789449848242,0.15756249247298246,0.04710218272954127,0.06069599455657419,0.26200520613441375,0.0402916510244811
300,0.0,0.16410671259173792,0.024574261592286425,0.1263409225842138,0.05679157068314521,0.05836381940517261,0.15963437425479157,0.04741628893908147,0.061510259920602994,0.26122651638944555,0.04003527363953279
301,0.0,0.16404914811784993,0.023671416661456637,0.12712281794296498,0.05764884873488724,0.05559817160324532,0.161622027052625,0.047715691837659016,0.06234735415038657,0.2602654239874898,0.03995909991144599
302,0.0,0.1537167585549557,0.02690105870696444,0.1161941075734868,0.0777304635739928,0.045273115027973244,0.16442896972866852,0.05240485316624923,0.06814960629634051,0.25850946041404854,0.03669160695733044
303,0.0,0.15279819331054018,0.028491398214774803,0.11389827665915361,0.07934298844410839,0.04464410699719868,0.1651337975134569,0.051261569751874715,0.07018342906896675,0.25322391161472596,0.04102232842521023
304,0.0,0.15220054029662178,0.029775207484231996,0.11176536134814632,0.08036561760353274,0.045193398139049164,0.16496462396039807,0.05062350603674567,0.0713157995403568,0.2500832971498226,0.04371264844110536
305,0.0,0.15158364584513084,0.03112479107976174,0.10957923953632084,0.08132539001531049,0.04591779502954269,0.16467441986022188,0.04998944207810983,0.07245355027989724,0.2468663143072814,0.04648541196843372
306,0.0,0.157736349677742,0.06752245095401642,0.012267569323127446,0.09522345095973446,0.139425479572428,0.11033063778613295,0.017749475123268146,0.09801771167048076,0.18338982925922048,0.11833704567385991
307,0.0,0.1570596661943226,0.06841692655754189,0.011916331386578013,0.09530580979369083,0.14000258008638158,0.10967776336755594,0.016938542846185126,0.09882805488766523,0.1831814762535074,0.11867284862658212
308,0.0,0.15637808172179998,0.06927844213357512,0.011661965906673035,0.09535743304200428,0.1405174652467509,0.1090466180583555,0.01618224770538803,0.09962492862927119,0.18307108695958738,0.11888173059660542
309,0.0,0.1556922849600246,0.0701063864183263,0.01150341456100021,0.09538162056790643,0.140964864835162,0.10844136141005095,0.015479908379335505,0.10040875068438866,0.18305762425061428,0.11896378393320206
310,0.0,0.15500294483846816,0.07090028282476286,0.011439398962045587,0.09538170431522042,0.14133972267925798,0.10786602827600902,0.014830750371119224,0.1011799740856973,0.18313955763143488,0.11891963601599563
311,0.0,0.15431071260637597,0.0716597821098588,0.011468435010892682,0.0953610263856412,0.1416372224893504,0.10732450913036935,0.014233913834371757,0.1019390819059342,0.1833148750915879,0.11875044143562893
312,0.0,0.15608001857926174,0.06920332043436189,0.015766219107731447,0.09448146842340796,0.14057773921139874,0.10326534522816094,0.011242692888592877,0.10771361299274172,0.18286731337580375,0.11880226975854996
313,0.0,0.15332208410822298,0.03178213496946044,0.1302604992496201,0.08872803046049019,0.032172447473352156,0.11428984189358633,0.03367360861232217,0.13003142513018315,0.23690492654191367,0.04883500156085991
314,0.0,0.15187641291418236,0.03335729878807447,0.13024895227855654,0.08972449527548843,0.029976862444488432,0.11532439513440085,0.03415900326771744,0.13004648226802665,0.2380458800264842,0.04724021760259183
315,0.0,0.1504326552346904,0.0349793008883221,0.1301517334695858,0.09070566247949866,0.027883280396747125,0.11632372970522514,0.03462152571089649,0.130070835718538,0.23905402703231254,0.0457772493641948
316,0.0,0.14616777159683111,0.041114310520122634,0.13281566955037327,0.0915085043674377,0.02030028466190489,0.11588541314996505,0.03902530376242566,0.12939199632322865,0.24396269656477937,0.03982804950294286
317,0.0,0.14494997188842293,0.043077639240370454,0.13148999510704787,0.09242188286650031,0.01946720015109052,0.11654710709233254,0.03920505668480636,0.12950237128035305,0.24403607576194544,0.03930269992714178
318,0.0,0.1437668186934676,0.04504116824684398,0.13010011500431637,0.09329520178232656,0.018767329498590075,0.11716220226430293,0.03934700856815029,0.12962784046155504,0.24398703183262044,0.03890528364783804
319,0.0,0.14262324354127168,0.046996802755020065,0.1286506874929216,0.09412585793062056,0.018202810595556312,0.11772984164010085,0.039450025060462524,0.12976901934515636,0.24381860091507854,0.0386331107238229
320,0.0,0.14152407086411484,0.048936529876703605,0.12714638901982578,0.0949114496560291,0.01777542227433697,0.11824927156458974,0.039513138389061356,0.1299264542980937,0.2435342102928735,0.038483063764382854
321,0.0,0.140167664683,0.052375744929163665,0.12407339488407618,0.09549047269257466,0.018719370905381602,0.11796008523450453,0.03960887707477693,0.12976341505983438,0.24284149243332537,0.03899948210337433
322,0.0,0.13924120992404987,0.05426414278006549,0.12229191834227943,0.09615285855002084,0.018794243480007453,0.11832631125394466,0.039532592171073744,0.12997673986025213,0.2422230179931682,0.03919696564514991
323,0.0,0.13837591039580713,0.05610739800880713,0.120474568256226,0.09676271828985329,0.01900751662836521,0.11864376079569569,0.03941439434004831,0.1302077206002989,0.2415065307868491,0.03949948189806092
324,0.0,0.13757579587799626,0.05789824702495289,0.11862604264853198,0.09731874693886175,0.019358925289794382,0.11891238640702295,0.03925415126270192,0.13045655665941355,0.24069705161824895,0.039902096272487066
325,0.0,0.13684466388751093,0.05962971386895279,0.11675094761055933,0.09781987939028684,0.019847823813967838,0.11913226215625614,0.03905190630551201,0.13072336281271402,0.23979985145117266,0.0403995887030793
326,0.0,0.1361860608507252,0.061295141244524426,0.11485378181196972,0.09826529262324037,0.020473186454114115,0.11930358586436024,0.03880787808033479,0.1310081672488678,0.23882042571412487,0.04098648010775031
327,0.0,0.13560326436510167,0.06288821990121345,0.1129389219862408,0.09865440678091042,0.021233609127324044,0.11942668101961249,0.038522459318262856,0.13131091002433148,0.23776446787390818,0.04165705960310656
328,0.0,0.13509926663319685,0.06440301623561087,0.11101060944824204,0.09898688510595197,0.022127312442326113,0.11950199835731677,0.03819621506553169,0.13163144196073887,0.23663784240133234,0.04240541234976448
329,0.0,0.1346767591466037,0.06583399798892652,0.1090729376936402,0.09926263273705171,0.023152145990469306,0.11953011708711568,0.03782988021274874,0.13196952398962644,0.23544655725444172,0.043225447899388036
330,0.0,0.13433811869146217,0.06717605792837188,0.1071298411233798,0.09948179437621904,0.02430559389100439,0.11951174575118811,0.03742435637183289,0.13232482694609063,0.23419673600618215,0.044110928914281124
331,0.0,0.13408539474094713,0.06842453541004083,0.10518508492980265,0.0996447508418663,0.025584781577122226,0.11944772269745155,0.03698070811808311,0.1326969318104018,0.2328945897443318,0.045055500129964975
332,0.0,0.13290909144221127,0.07135926025845211,0.10166906297848469,0.10079233838157123,0.02572037116120399,0.12067066406142714,0.036475813408121185,0.1353401904407209,0.227979004754086,0.04708420311373354
333,0.0,0.13994121547849625,0.08099449994551051,0.06481108301870032,0.09382326396889243,0.07557411675171458,0.108617265534287,0.022996619099662795,0.13076309267915476,0.2126486176052204,0.06983022591837316
334,0.0,0.14080895331786158,0.08099417134297854,0.06261685440221036,0.09349956298462929,0.07823556292765456,0.10821162037142246,0.02226165988265736,0.1313626845915915,0.21118445910116757,0.07082447107783912
335,0.0,0.14175161360741634,0.08088028042586033,0.06047922027051081,0.09314873104374725,0.08090853483820157,0.10780524808581012,0.021525691603507327,0.13196694280648016,0.20975835383525274,0.07177538348322589
336,0.0,0.1427661532233795,0.08065537317739829,0.05839930370615779,0.09277349453592566,0.08358640855562251,0.10740082235338531,0.02079107254935049,0.13257482686132344,0.20837341859086264,0.0726791264466068
337,0.0,0.14384920901366405,0.08032249345265395,0.056378014472209165,0.09237660083945412,0.08626258107766144,0.10700100678220402,0.020060201311933843,0.13318525303699763,0.2070324528569468,0.07353218715628748
338,0.0,0.14894993784343846,0.08299527272100721,0.03442104578481154,0.0876286458892742,0.11806579913547945,0.10179177288792243,0.012850617380161942,0.12890506411270616,0.19691755291013716,0.08747429133507406
339,0.0,0.14237708648240877,0.07193514618566867,0.03681041963113552,0.0889900506389811,0.11361277262817554,0.13570623710442445,0.025277615149425364,0.10954070166878105,0.18830819824677517,0.08744177226423715
340,0.0,0.13422863019837356,0.05862887726695752,0.0697061162334552,0.0965636149888798,0.06415590103434987,0.1665730800857972,0.039405442157136955,0.1077161480228194,0.19972112972556444,0.06330106028667895
341,0.0,0.13412783067308884,0.05808774403846942,0.07099228732222294,0.09674893194022277,0.06166725001788305,0.16846114778344187,0.040029425850029075,0.10810285746869357,0.19967242014273706,0.06211010476322432
342,0.0,0.13400603781811504,0.05760672307977839,0.07224422139977948,0.09688470965784894,0.05930247893173963,0.1702587621588748,0.04065941586643599,0.10846639480032974,0.19954681253727188,0.06102444374983894
343,0.0,0.13386276882988568,0.057187672846086016,0.0734602282210315,0.09696744894564528,0.0570704372721516,0.17196004799060596,0.04129547572575066,0.10880494237822311,0.19934585167757415,0.06004512611305902
344,0.0,0.1336977110922551,0.05683213918521852,0.07463873883891585,0.09699389268549555,0.05497954600435554,0.1735593718035936,0.04193763181072713,0.10911671296629702,0.19907155457272122,0.05917270104043351
345,0.0,0.13262611349752557,0.0554834676520547,0.07903395213239207,0.09759784213331328,0.04810576771681328,0.17803181410999852,0.043911075775793715,0.10927631844501466,0.1998991980514169,0.056034450485690446
346,0.0,0.13240020760708973,0.05533249258833825,0.08005055542463521,0.09747960682009006,0.046474078499039576,0.17931811642587364,0.0445153076525588,0.10950605751297676,0.19945071537033393,0.05547286209907743
347,0.0,0.13215421876381064,0.0552478146249381,0.08102168746598198,0.09729457964032291,0.04501742038227064,0.1804800158612334,0.04512398228242493,0.10970321665983043,0.19893880346513634,0.055018260854064055
348,0.0,0.1318886732881062,0.055229404613023905,0.08194641432087592,0.09704086798008381,0.04374169349334029,0.18151332710826693,0.045736972893282754,0.10986623841149906,0.19836754851577934,0.054668859375755254
349,0.0,0.12887126001022847,0.052679922539092205,0.09252744641628323,0.09793377300192808,0.027620436768169766,0.1921760775434729,0.050563795416638656,0.10928647324029303,0.20194622975330778,0.04639458531059923
350,0.0,0.12857122721844158,0.053108881365664835,0.09282160152282593,0.0973996318821347,0.027742525470580412,0.19234193504698216,0.050885695121994826,0.10924837546287003,0.20119197125811616,0.04668815565040286
351,0.0,0.12826316733371154,0.05359497095123338,0.09305703427133322,0.09679013016765074,0.028090592511934222,0.1923479177982653,0.05120651610274597,0.10917033134011288,0.2004076689667327,0.04707167055629379
352,0.0,0.12878108381465136,0.05414877244919185,0.09327786104777591,0.09408551732874375,0.02777191538828612,0.1964825299895029,0.05139866906655558,0.10730634592909749,0.20464419633644115,0.04210310864976769
353,0.0,0.1417122226545625,0.06282021295804818,0.05912319957681122,0.08252539874463515,0.07952723342805794,0.17710444961239744,0.034263659996077236,0.10307152856736838,0.20728921654327537,0.05256287791878057
354,0.0,0.14002455938804395,0.06575937647616006,0.05733417572147976,0.08086346987101771,0.08864389993270999,0.17014939495436807,0.03353931863770715,0.10157698508071997,0.2072813997225479,0.05482742021525971
355,0.0,0.13993980345673035,0.06704216737857797,0.055497830948398004,0.07993364208117577,0.09362253434358032,0.16690309486572766,0.03275641152443088,0.1009256442206431,0.2073451293369618,0.05603374184378852
356,0.0,0.15529223310153498,0.08613903180628994,0.006504304195295557,0.06987969055659234,0.16730489926514924,0.12115881008160759,0.007488835232537154,0.10154395985315082,0.20227375614435755,0.08241447976349892
357,0.0,0.15413409202365708,0.08747310625386757,0.006554296107445608,0.07010573728434763,0.16906699243334958,0.11859047641132595,0.007537006165627899,0.10093315412168465,0.2033596576689642,0.08224548152974415
358,0.0,0.15297372779642596,0.08877997213144848,0.006665955796248684,0.07036906088574729,0.17069422691821742,0.11607473374571997,0.007632157307792326,0.1003237389363202,0.2044312544926103,0.08205517198948369
359,0.0,0.1518140451931641,0.09005605252515034,0.006840303988840507,0.07066992427991978,0.17218321335515438,0.11361591845434228,0.0077722974544212125,0.09971832416656833,0.2054826994458299,0.08184722113662365
360,0.0,0.15065795394328002,0.09129780617486057,0.007078346134579243,0.07100833059960984,0.17353106445948896,0.11121805729467135,0.00795543374549804,0.09911945167790266,0.20650823586200287,0.08162532010812093
361,0.0,0.1495083603353071,0.09250173927551383,0.007381067628787986,0.07138402377591598,0.17473540088949763,0.10888485727539829,0.008179580680960087,0.09852958340304342,0.2075022283816089,0.08139315835398134
362,0.0,0.14836815875869747,0.09366441739251244,0.0077494285804501776,0.07179649055883287,0.17579435500331925,0.10661969697456182,0.008442768674851433,0.09795108995035817,0.20845919289191842,0.08115440121451252
363,0.0,0.1457895419157906,0.09563738767396227,0.010877629359609934,0.0738714142006845,0.17207049988487683,0.1038459649823313,0.009613871852844923,0.09899757936332636,0.2082486349149478,0.08104747585163989
364,0.0,0.14455655906077763,0.0966997590197235,0.011661751604493814,0.07442487961632342,0.17235134609289476,0.10194778939871384,0.010080629191511996,0.09846462353604425,0.20908455117930128,0.08072811130023008
365,0.0,0.14334484121674246,0.09770962613809293,0.012512594738673836,0.07500446767198812,0.17249556293279672,0.10012345046690346,0.010578326029891512,0.09794902510472264,0.20986210574445266,0.08041999995575018
366,0.0,0.1416568310164624,0.09878999701484799,0.014487460587240118,0.07613481135498043,0.1707579823759121,0.09849151051460536,0.01147206648569105,0.09792376790782897,0.21026712885994617,0.08001844388250012
367,0.0,0.14047264248059171,0.09968076965482328,0.01553798274732471,0.0767701428536842,0.17052926238277336,0.09687083872216089,0.012054785706625472,0.09745115218015969,0.2109029460770046,0.07972947719486692
368,0.0,0.1393196224358741,0.10050949608206097,0.016655790306284706,0.07742299345673312,0.17017380171235946,0.09532535378864165,0.012661936239948726,0.09700038495385277,0.21146821301531923,0.07946240800894011
369,0.0,0.13820062334736963,0.10127338386243596,0.017841127662844493,0.07809083067802519,0.16969462728044826,0.09385516117682902,0.013291685903407003,0.09657274164364617,0.21196000661457207,0.0792198118304371
370,0.0,0.13711840744453976,0.10196980227816926,0.019094152136358077,0.0787709812441218,0.1690951597968997,0.09246005431067905,0.013942272943401321,0.09616934159805691,0.21237577619198278,0.07900405205580624
371,0.0,0.13607563813490944,0.10259629383746942,0.020414926523822503,0.07946064617474688,0.16837919519155942,0.09113952248951386,0.014612008808497673,0.09579114464275505,0.21271335490521825,0.07881726929152252
372,0.0,0.13050929864961092,0.10258364988572101,0.03317422733743253,0.08478798279104909,0.14989322448278436,0.09359397468308854,0.01911898761607249,0.09945354740299732,0.2103748303126084,0.07651027683865069
373,0.0,0.12948210161713816,0.10299921441899315,0.0349601194137467,0.08543260978360047,0.14854790859350706,0.09268331257475147,0.019966417527196738,0.09911901028109779,0.21044631301880948,0.07636299277117424
374,0.0,0.11968235510454465,0.09818655803495822,0.06441327483011228,0.09561833680327045,0.1079687080831895,0.10172718825648276,0.029954465272921504,0.10763544797489957,0.20560373929909195,0.06920992634054472
375,0.0,0.11888531122913824,0.09830816394135647,0.06643542486910045,0.09591633651756398,0.10661084409082454,0.10108009241938917,0.03093798777760083,0.10721405553505242,0.20542859814784797,0.06918318547214143
376,0.0,0.11816546443230419,0.09834631420229129,0.06848230339948991,0.09616624722907031,0.10528851943370417,0.10043893769232767,0.031912633831283684,0.10680289946951224,0.20520003593254746,0.06919664437748473
377,0.0,0.11291802698706534,0.08772209300959567,0.09625953447089068,0.10427885019394022,0.07317556757330851,0.10798803789299939,0.04093450583224406,0.11409918498373232,0.20288235509373018,0.05974184396250926
378,0.0,0.11290517756648305,0.08524270216759264,0.10058310714074654,0.10491055292957967,0.07064223638000922,0.10760789833317257,0.0425888070238407,0.11428573497394426,0.20298356371486648,0.05825021976978063
379,0.0,0.11306263995152926,0.08483275020288972,0.10170171378124292,0.10444370850207399,0.07129733339478397,0.1064603262515849,0.043287434992085004,0.113559382326118,0.20294729325046376,0.05840741734724433
380,0.0,0.11331160044175044,0.08433979183760633,0.10280402793466051,0.10392410565302027,0.07206328595053443,0.10527745944761498,0.04395374364933406,0.11283542685996263,0.2029142263502822,0.05857633187525006
381,0.0,0.11365126859029874,0.08376513517607416,0.10388850544203433,0.10335380555625227,0.07293858466696053,0.10405997040621892,0.04458676826831026,0.11211421878701999,0.20288762138627975,0.05875412172056703
382,0.0,0.13217314667987531,0.06480178835209138,0.08454028416494763,0.10278406439055897,0.11799532352127991,0.08858397158373808,0.03670231210148118,0.10421470374392482,0.21731807484810495,0.0508863306140137
383,0.0,0.1418532566750895,0.06260738353579394,0.060688847550015426,0.10054845959612378,0.1546175422691727,0.07769792115174362,0.029092415683419474,0.09548402761032851,0.22421558261885619,0.05319456330947285
384,0.0,0.14337618721163733,0.06170904782509235,0.059050263994681614,0.09990977349673044,0.15869348511724685,0.0757257000091817,0.02876073975092201,0.09460915385904156,0.22541227750843376,0.05275337122704846
385,0.0,0.14491155874146602,0.06078358893836914,0.0574373191516211,0.09929565738934941,0.16268847300353,0.07380481924776298,0.028412914738541094,0.09377090601571869,0.22660505727135974,0.05228970550229796
386,0.0,0.14645427922974658,0.059836049381541814,0.0558512287630806,0.0987086577835244,0.16659428369486098,0.07193942349276215,0.028050620049660933,0.09297024844259973,0.2277892949327852,0.051805914229453874
387,0.0,0.14799919248811136,0.05887158916149287,0.05429319592446301,0.09815113539608199,0.1704029651799269,0.07013349356047871,0.02767563042581808,0.09220801631364096,0.22896029325703596,0.05130448829296651
388,0.0,0.15206249238396632,0.05874084411326427,0.042059127388579226,0.09759496200937963,0.1875151647001647,0.06574643610828529,0.023850427646121917,0.08773982356800127,0.2321485195205235,0.05254220256173023
389,0.0,0.1534435359532158,0.057840403449070966,0.04064154510460449,0.09721333801599087,0.19076704567635597,0.06428208429743684,0.023488779275902573,0.08716234847268702,0.23322860282196214,0.051932316932789616
390,0.0,0.15561457080070246,0.05839294038160501,0.031855866852865546,0.09721264298987324,0.20214442020234205,0.06198959644358821,0.020962338254497732,0.08382758898634046,0.2349795324085459,0.053020502679655766
391,0.0,0.15600651335344684,0.060446231249940446,0.023129628900357167,0.0979050276096414,0.21162358077982416,0.06156484764325547,0.018926050734568153,0.08009180822284553,0.2352779203888034,0.055028391117333875
392,0.0,0.15681800684505323,0.05983423963331465,0.02235379156864305,0.0977592647757328,0.2134159104415936,0.060881325963253206,0.018788724260606654,0.07987618590281258,0.23593157613633273,0.05434097447267393
393,0.0,0.13484354971418414,0.07371523547969924,0.03382696429764707,0.10384987357501363,0.1828473499126993,0.08640842725242674,0.0293856723503257,0.07522813574787002,0.21664260648444594,0.06325218518570468
394,0.0,0.1344642723051871,0.07384389881353172,0.034827422166310726,0.10327841251972388,0.18239518729519996,0.08673458792959554,0.029969088680395897,0.07538808760576729,0.21635167275227044,0.06274736993203402
395,0.0,0.13405185649510057,0.07401336737671561,0.035871994486230185,0.10267264235319157,0.18189399391908512,0.08706859187435316,0.03059275445413183,0.07554991598604713,0.2159952214283355,0.062289661626825955
396,0.0,0.11400193145653044,0.07711032950266,0.08019201634818879,0.09931484448000899,0.12376005430190225,0.1174311725691601,0.050805796806122655,0.07947327861368378,0.19742293984501774,0.06048763607674214
397,0.0,0.11370204883278275,0.07763791502905831,0.08118886845889296,0.09776714599658394,0.1244899151744268,0.11690164488000915,0.05148269912709832,0.07922042562706971,0.19722032384627375,0.06038901302782122
398,0.0,0.13690888639806456,0.06804491357291385,0.0858955356385634,0.0668992366194131,0.14222833912075136,0.11621250705060025,0.04775779513076575,0.07169541789729442,0.21744303222610306,0.04691433634554734
399,0.0,0.13793405376038836,0.06853983956256272,0.08409882974255586,0.0656025082813674,0.1472050033319919,0.11280093579469537,0.047334147642408855,0.07039065630619912,0.21893849265242282,0.047155532925424785
400,0.0,0.14965005090867445,0.06987110573605221,0.06535844610288621,0.05815917625904732,0.1761557089174,0.10019230518333644,0.038362247916528855,0.06473232335291167,0.23041254502746414,0.04710609059571607
401,0.0,0.15073307536499145,0.07027356177738311,0.06324363122343378,0.05755371732792373,0.18098260871460659,0.09656907670471929,0.03780067122434594,0.06341212463107429,0.23200536368671232,0.04742616934482705
402,0.0,0.15184186965772853,0.07063619242383878,0.061103165475746346,0.057072453325763654,0.1856861556481366,0.09297993085152857,0.037232064495116804,0.06211162779293073,0.23357164640667596,0.04776489392255161
403,0.0,0.15297577940056697,0.0709572801339472,0.05894077277647864,0.05671852074182154,0.1902554907551971,0.08943246437075816,0.03665552163467212,0.06083411656547841,0.23510615685399494,0.048123896767102554
404,0.0,0.15413403223077346,0.07123525898513294,0.056760310920199064,0.05649461611145262,0.1946801922966459,0.0859340623395127,0.036070231788738694,0.059582786187946615,0.2366036884752883,0.04850482066432743
405,0.0,0.15531573653349157,0.0714687230990512,0.05456576234524266,0.05640298488230062,0.19895030571538175,0.08249187632475825,0.03547548626370459,0.05836073047789767,0.238059089721469,0.04890930463672061
406,0.0,0.1565198806601041,0.07165643452705261,0.0523612242227373,0.05644541210872183,0.203056371735129,0.07911280361954297,0.03487068482616178,0.05717092952155175,0.23946728876041387,0.04933897001860264
407,0.0,0.1577453326544034,0.07179733055544356,0.05015089790225657,0.05662321500622415,0.2069894525115548,0.07580346762497632,0.03425534134897827,0.05601623804109851,0.24082331755287642,0.04979540680220591
408,0.0,0.1589908404984242,0.07189053039183002,0.04793907775121014,0.05693723738943356,0.21074115575608904,0.07257019944177581,0.033629088775457734,0.05489937448746167,0.24212233517240694,0.05028016033592889
409,0.0,0.16025503288783235,0.07193534119565527,0.045730139428574755,0.05738784600877838,0.21430365676150492,0.06941902072949643,0.03299168337707429,0.053822910902477046,0.24335965025652065,0.05079471845210404
410,0.0,0.16153642054471828,0.07193126341806473,0.04352852763688074,0.05797492879274155,0.21766971826721151,0.06635562788566987,0.032343008284301915,0.05278926358976313,0.24453074248336837,0.051340499097298084
411,0.0,0.16283339807353306,0.07187799541844549,0.041338743399478135,0.05869789499421226,0.2208327081112747,0.06338537759103559,0.03168307627416807,0.051800684628730075,0.24563128297567385,0.051918838533466974
412,0.0,0.1677783404270208,0.07302304198954992,0.0300702808017464,0.05958780853484868,0.23309469565390986,0.0569051378942159,0.026503872955550983,0.04937879917164425,0.25007716942864605,0.053580853142885305
413,0.0,0.168964287697296,0.07284242683474236,0.028142033719468114,0.06080520640002625,0.23538350232828603,0.05429776512691829,0.025847523924469838,0.048574201809939384,0.25086595846386184,0.05427709369501018
414,0.0,0.1701536761601018,0.07261491225426803,0.026255250533125503,0.06214517780216551,0.23743961135133615,0.05180709771850008,0.025186688839468847,0.04782515140543123,0.2515620554389778,0.055010378496643364
415,0.0,0.17134455586529224,0.07234125602863305,0.024414255169461704,0.06360439584402038,0.23926045486795855,0.04943616952287779,0.024522073754944407,0.04713285296307962,0.2521624436225179,0.055781542361232866
416,0.0,0.17253489972718947,0.07202241407105317,0.022623319543902724,0.0651791142976031,0.2408441421540453,0.04718760632269508,0.023854504798839903,0.04649830893454324,0.252664416650418,0.056591273499728686
417,0.0,0.17372260902933045,0.07165953887296984,0.020886649374196747,0.06686518229043788,0.24218945768245465,0.04506362382867106,0.02318492511806655,0.04592231774528273,0.2530655890442501,0.057440107014358824
418,0.0,0.17490551937607254,0.07125397710909258,0.01920837006256845,0.06865806050778689,0.24329585688669467,0.04306602720325325,0.022514391128387323,0.04540547326147955,0.2533639051079316,0.058328419356752106
419,0.0,0.17757575199113806,0.07382540244725762,0.007775747543223712,0.07357137253137652,0.25056478805458415,0.039161262286653266,0.015499899990548967,0.044768280006985114,0.25485269834915486,0.06240479679909654
420,0.0,0.17836376449845356,0.07332997214218229,0.0069851768140087945,0.07570727021403618,0.2502231650614225,0.03782892799522134,0.015040536270541718,0.04455938477679491,0.25452993041699357,0.06343187181036396
421,0.0,0.17913306517196506,0.07280403830827498,0.00628317024975785,0.07790535241483366,0.2496517140344119,0.036625245931682954,0.014595987849056177,0.04441097157328718,0.25409435668900515,0.06449609777774407
422,0.0,0.16167206068503168,0.08285476254880803,0.01896211214304014,0.0901959624272893,0.2224295656968959,0.045373825685671595,0.012927521289272282,0.05456184719203167,0.2381179393516982,0.07290440298028031
423,0.0,0.15908913373546907,0.08313410169607033,0.023885351619252856,0.09244028412052002,0.21560521791149886,0.04653053952156412,0.014446792439562619,0.056089590006724185,0.23460521125897302,0.07417377769038432
424,0.0,0.15878225281749336,0.08269105064316307,0.025822655788691314,0.09395018849993372,0.2126366530737096,0.04647621464839801,0.015103977538191584,0.056399851795261066,0.23291428844214457,0.07522286675303318
425,0.0,0.14419683848849374,0.08524198087855356,0.05134371895288926,0.09701801876402835,0.18381957564088783,0.05432039187542633,0.024436104017086173,0.0645145455662491,0.21958236773058123,0.07552645808582414
426,0.0,0.14383618399573256,0.08483979653676318,0.05382321664886043,0.09774214412383338,0.1809600423939031,0.054319430800983406,0.02548713324906394,0.06479490361031454,0.21777850277645167,0.07641864586411348
427,0.0,0.14349912678685883,0.08442463620290176,0.05633597832725404,0.09840099771759969,0.17809099875595927,0.0543457257942058,0.026550366422905508,0.0650944884794379,0.2159461661563543,0.07731151535654268
428,0.0,0.14318687871593364,0.08399741395847073,0.05887818765588034,0.09899300957100066,0.17521930239221672,0.05439624301356458,0.02762414351780892,0.06541178585135372,0.2140900763076278,0.07820295901616264
429,0.0,0.14290063259596608,0.0835590435186549,0.061445949056475525,0.09951687469423057,0.1723515757844955,0.054468038258896005,0.028706766207554926,0.06574528107260745,0.2122149801003091,0.07909085871082985
430,0.0,0.14264155969490933,0.08311043476490391,0.06403529876038656,0.0999715553147416,0.16949418820146614,0.05455826845142405,0.02979649885018592,0.06609346441361673,0.21032563631566398,0.07997309523272166
431,0.0,0.14241080716728657,0.08265249038414904,0.06664221623730546,0.1003562818979121,0.16665323902047227,0.05466420238388525,0.030891569722826098,0.06645483618143393,0.2084267992382482,0.08084755776650103
432,0.0,0.13628859229452928,0.07693009825589096,0.11310581147856275,0.08534547216222339,0.13813027841204786,0.05465266183927794,0.055591285283013346,0.07341687422213393,0.19664900534865024,0.06988992070369006
433,0.0,0.14978319779599156,0.07233270282833541,0.10946663390242359,0.07467884808407374,0.15247241408149492,0.04679813004826463,0.057875298644932426,0.06860796828643496,0.21077226111269343,0.057212545215375325
434,0.0,0.15150653002271577,0.07163993696301404,0.10925862570192567,0.07365035797583687,0.15382812218770056,0.04578169662844747,0.05796101958228078,0.0683290809243222,0.21093388033487545,0.05711074967890119
435,0.0,0.15443522674371174,0.07074631950694853,0.10793270399723784,0.07207631510144265,0.1566932502604423,0.04421637446368885,0.057747175786922414,0.06755160022677832,0.2124061927831842,0.05619484112966329
436,0.0,0.1562642021696982,0.07002060228145798,0.1075534276119869,0.07112691014525031,0.15806719201649108,0.04326829777228663,0.057683701170269816,0.06731730774908572,0.21264798613716093,0.05605037294633269
437,0.0,0.1581266872301891,0.06928074172859727,0.10712948816143951,0.07021900875245654,0.15940323334443737,0.04236667500650351,0.05756409890794702,0.06711126635770044,0.2129062449774521,0.05589255553329749
438,0.0,0.16001917922702483,0.06852900156404411,0.1066623744527204,0.06935560621946005,0.16069532420238739,0.04151432537226567,0.05738895176020582,0.06693407408215012,0.21317838684256318,0.05572277627719881
439,0.0,0.16193805400608807,0.06776776132406354,0.10615368415304223,0.06853951703741745,0.16193752746254375,0.040713961149325406,0.05715900059475307,0.06678626434133814,0.21346171777778325,0.05554251215366565
440,0.0,0.16387957494270575,0.06699951109471976,0.10560511814717521,0.06777336626249836,0.16312404003511236,0.039968176376806545,0.05687514324213643,0.0666683037045249,0.21375344344331934,0.0553533227510218
441,0.0,0.16583990240178526,0.06622684577308136,0.10501847442604204,0.06705958178164922,0.16424921338121679,0.039279435878424904,0.0565384329886916,0.06658058982313253,0.21405068060338286,0.05515684294261405
442,0.0,0.16781510364836708,0.06545245887008787,0.10439564153273936,0.06640038749209413,0.1653075733491101,0.038650064667030914,0.056150076711905625,0.06652344953401235,0.2143504689606911,0.05495477523398223
443,0.0,0.16980116318260263,0.06467913586607833,0.10373859159496344,0.06579779740814208,0.16629383927126826,0.03808223776691022,0.05571143266358215,0.06649713713450235,0.21464978329992804,0.054748881812043196
444,0.0,0.17179399347155422,0.06390974713131324,0.10304937297535124,0.06525361070422397,0.16720294226341198,0.03757797049096572,0.05522400790666683,0.06650183282936349,0.2149455459027938,0.0545409763243763
445,0.0,0.19618939976521796,0.06962937409902402,0.06758815038567417,0.05927669033716426,0.19895383100213068,0.02827388338564559,0.04051868834420543,0.05286737197079057,0.24258791806572877,0.044114692644439346
446,0.0,0.1741045802248267,0.12073559861755492,0.0466334165878554,0.0645167758912641,0.18710027439202065,0.04279865281066679,0.027689160023631997,0.043991550710389474,0.22398216723984607,0.06844782350196478
447,0.0,0.1734222687621113,0.12155326946307654,0.04712104261051751,0.06451146770569371,0.18594174614889694,0.0434620269412266,0.02782588355350094,0.04488906143600605,0.22293104779201298,0.06834218558697827
448,0.0,0.17272682927110128,0.12237596147522213,0.04763348049963924,0.06454820416343617,0.1846613997382287,0.04416415059668629,0.028015859646362235,0.04582065539496167,0.22181692624502186,0.06823653296936133
449,0.0,0.17201993257923015,0.12320326933797138,0.04816763879199141,0.06462751521660541,0.18326271082566586,0.04490255491138248,0.02825999919790722,0.046784212810126846,0.22064037297919295,0.06813179334994734
450,0.0,0.17130335634501462,0.12403468512631818,0.04872039104468473,0.06474987094612072,0.18174934011195287,0.04567475354099098,0.028559062534747225,0.04777754647366725,0.2194021741992376,0.06802881967728691
451,0.0,0.17057898372735533,0.12486959233620097,0.04928859012814324,0.06491567792112665,0.180125123424822,0.04647825076600279,0.028913656667227533,0.04879840589297987,0.21810333546713864,0.06792838366902407
452,0.0,0.16984880153801388,0.12570726047531927,0.04986908265714475,0.06512527543350942,0.17839406165358407,0.047310549461640164,0.02932423295525046,0.04984448163962413,0.2167450842325314,0.06783116995340371
453,0.0,0.169114897865778,0.12654684026134727,0.050458723494957385,0.06537893163274701,0.1765603105480474,0.048169158915640414,0.029791085184809465,0.05091340990625641,0.21532887131248202,0.06773777087795593
454,0.0,0.1409140716214225,0.14240026439014983,0.08098624821286082,0.06554021323045343,0.14272223902857367,0.05941840301319209,0.046408382067783034,0.05987556558444765,0.18402143264307783,0.07771318020806067
455,0.0,0.1406953798497662,0.14287346812222748,0.08121507117375948,0.06580778876298538,0.14119987383619761,0.05993191256498833,0.04720644877782999,0.060818858753025694,0.18298028207667474,0.07727091608256656
456,0.0,0.14054408049693992,0.14329696618776494,0.08138708953232024,0.06614313734715455,0.13963643488574481,0.060447336800414087,0.04803006989379339,0.061758461246051805,0.1819302124259276,0.07682621118391024
457,0.0,0.1367004787165728,0.14293353299196276,0.0891671288627844,0.06590391436119589,0.1331761251590553,0.0619199082232483,0.053527966948601874,0.06397412612017193,0.17539075420776237,0.077306064408666
458,0.0,0.13741033413894935,0.13654425823373825,0.09704335238060303,0.0651621299189155,0.1298078395248045,0.06208857853332762,0.05982919008026214,0.06573989410800282,0.17054484655973373,0.07582957652168469
459,0.0,0.13857736924780692,0.13608556205803324,0.09604536926629086,0.06587403164030783,0.12908674012997107,0.0622204265899848,0.06023096414649297,0.06636423862104436,0.17035031222163222,0.07516498607845758
460,0.0,0.13983820275894338,0.13554705571232364,0.09497125405213283,0.06667702686323501,0.12833107984562467,0.062366513650488606,0.06062079577836392,0.06697658549094046,0.17016537982914026,0.0745061060188291
461,0.0,0.17040123076043995,0.10221277970440847,0.08435380809246361,0.06696029218996036,0.1498774727369812,0.05666295564875118,0.05806552971783966,0.06285487388432041,0.18512533894087807,0.06348571832397909
462,0.0,0.17315309158941355,0.10052119119882066,0.08195320081892006,0.068560046909236,0.14977605779961867,0.05668486513985334,0.05740202013834215,0.06316198067704239,0.185884717488496,0.06290282824027903
463,0.0,0.19262188101533737,0.08444832664188857,0.06761213488810752,0.07321823711273316,0.16079076451172925,0.054981096263138324,0.050618779901790825,0.06086911969644352,0.197020602064784,0.05781905790406943
464,0.0,0.1956060136738251,0.0824437012593186,0.0650269594766899,0.07531112978420203,0.16034852192825635,0.05524094693815962,0.04961708736008319,0.06116303845958644,0.1977769919577089,0.057465609162191754
465,0.0,0.2397894154475155,0.04694712540915703,0.013618392090444319,0.08955322834459588,0.19857082723993336,0.05886758552411452,0.015032451609433579,0.04997855090417461,0.23937846070799954,0.048263962722653715
466,0.0,0.22622941934468244,0.05612903938954141,0.014710942680378886,0.09562111547069371,0.18561750880822175,0.06710632697619057,0.012402604220385808,0.053939984813176065,0.23455366535942843,0.05368939293732308
467,0.0,0.2259175650400924,0.0558671288738958,0.015535582074230959,0.09771511474529403,0.18154698354842191,0.0684561959113889,0.012490844400510872,0.054885821097198105,0.2328754968430249,0.05470926746596441
468,0.0,0.22550022643051473,0.055701012254365675,0.01642319213088205,0.09977254043040137,0.17741268457191767,0.06983145308837287,0.01263081188254466,0.05584718161366739,0.23112126620154877,0.05575963139580713
469,0.0,0.22497813890445184,0.05563180649638355,0.017371866707608017,0.1017885812327376,0.1732239595444777,0.0712272965165166,0.01282313813477995,0.05682139927816332,0.22929571933542495,0.056838093849479056
470,0.0,0.14989059106145988,0.10895909513564442,0.08176967176007938,0.08459652871493303,0.10787807061916223,0.08130884064879519,0.051293028644203834,0.08731574854950797,0.1728335542296202,0.07415487063661627
471,0.0,0.15001365443853543,0.10918854904382687,0.0830087095700042,0.08446695253899204,0.10515941576441137,0.08187150190255246,0.0523621112351908,0.08831603977326738,0.1710782915584246,0.07453477417481726
472,0.0,0.15020586004656877,0.10937439221956467,0.08420841803141833,0.08430757491297006,0.10251035706126466,0.08242138916532543,0.053401626163711545,0.0893128106193561,0.16937715151429156,0.07488042026555129
473,0.0,0.1504693250872735,0.1095136473504077,0.08536840329225674,0.08411910275661512,0.09993285708604074,0.0829585642240489,0.05440910421607552,0.09030493746976172,0.16773269690520043,0.07519136161234212
474,0.0,0.15080599482417767,0.10960343086397945,0.0864884356872022,0.08390227539470381,0.09742862607256066,0.08348321935163118,0.05538209494350664,0.09129136409086112,0.16614726883622477,0.07546728993517512
475,0.0,0.15124164232876697,0.10981661758575924,0.08832357610469879,0.08277482687226212,0.09486048107671484,0.08358643642075432,0.056849197583387565,0.09276100362912597,0.1641697775312482,0.0756164408673047
476,0.0,0.15202956591638203,0.10981866621389423,0.08995111785299989,0.0815751670403225,0.09258177756769523,0.08362344398860871,0.058156097642379584,0.09418803632833789,0.1624055794531614,0.07567054799624123
477,0.0,0.16297123047180287,0.10574871496759612,0.09494693859764997,0.07415907683787541,0.08421752723149119,0.08358116855374367,0.062463115080423494,0.10191899039570164,0.15575506405034092,0.07423817381339752
478,0.0,0.16468943195902844,0.10486272489062434,0.09529643115069442,0.07368101558815084,0.08285215655667408,0.08399656743415146,0.06267954246579166,0.1028349462433293,0.1550266332585242,0.07408055045305419
479,0.0,0.16648338435251864,0.10390503784254493,0.09561669815898402,0.07319711910318688,0.08154328460756431,0.08441937936002855,0.06283312949500787,0.10374453326362544,0.15435653783865422,0.07390089597790804
480,0.0,0.16835078291592753,0.10287653304881507,0.09590945980715646,0.07270814384240193,0.08028939366418501,0.08485086692816646,0.06292284280965287,0.10464748654866442,0.1537433991764695,0.07370109125858375
481,0.0,0.2579792462471952,0.08114870773084562,0.04801192121198846,0.040875206202755275,0.1359457915115273,0.05910144570505354,0.018894902633537144,0.09290731855529519,0.20355654852543736,0.06157891167638789
482,0.0,0.25999702610318726,0.08013730658835506,0.047201560052239626,0.04120105922336231,0.1346699563879192,0.06028768524349306,0.018203708041381154,0.09430626875224726,0.2021730262633228,0.061822403344515296
483,0.0,0.22321546504741874,0.13225258311763985,0.04485765601268639,0.04922480475932365,0.11341973598152381,0.06215294349061004,0.024605375130354722,0.0828857818134235,0.19452518430823554,0.07286047033880673
484,0.0,0.2232317085242757,0.13267780445005103,0.04459215845635852,0.05007314824314674,0.11107373521433146,0.06329487387652004,0.025447636319191853,0.08436821452888442,0.19231738115122565,0.07292333923603772
485,0.0,0.22320810165373983,0.13313543018562887,0.044322770697980324,0.050974282599111645,0.10867632224509859,0.06441947950008298,0.0263631454434509,0.08584566707760911,0.1900842672876105,0.07297053330971047
486,0.0,0.18023117309754935,0.16833898654884039,0.06217075503796349,0.05957093846202264,0.08077063798029681,0.06801668216381726,0.049036993526526164,0.08447511895887885,0.16814289920303166,0.07924581502109666
487,0.0,0.1804196139446667,0.1686027609752218,0.06155139756972137,0.060669071945108045,0.07865827210337462,0.06881519746259661,0.05048334098446575,0.08573890505353417,0.1663913268566416,0.07867011310469285
488,0.0,0.18065351192267176,0.16882646149143246,0.060891535976012726,0.06181204599760259,0.07655658401149683,0.0695874369149506,0.05196565602121493,0.08697804519304224,0.16466509648246186,0.07806362598913766
489,0.0,0.18093401281691535,0.1690087285299116,0.060191794880145165,0.06299683834733528,0.07447027638407828,0.07033310743423504,0.05348119493555646,0.08818971318995214,0.1629673461744248,0.07742698730746961
490,0.0,0.16685779056836106,0.17324417587539315,0.07169839329369225,0.0684738982911273,0.0628914239727213,0.07293947068620488,0.06849667291060772,0.08942087438541875,0.14988745071416246,0.07608984930233494
491,0.0,0.1684676949217364,0.17231594875418457,0.0702466386600907,0.06976808573874237,0.06160300505201367,0.07356255890285628,0.0695792148291209,0.09037970122033308,0.1490653881973291,0.07501176372361666
492,0.0,0.17016045101399146,0.17130531538033447,0.06875495664952078,0.0710914039909558,0.060353976857718,0.07417826220354903,0.07064657544631896,0.09130626716759953,0.1482829891570198,0.0739198021330161
493,0.0,0.1914087719640734,0.15766095636809263,0.05125211180093095,0.0862688562265903,0.04873742621589524,0.07999152304273333,0.08012749424880816,0.0998603515539525,0.14270678764447237,0.06198572093447505
494,0.0,0.1936788775888961,0.1559269992216877,0.049661984599535886,0.08764636399670944,0.04803518550627907,0.08059458998667253,0.0809015742251907,0.10033437383434707,0.1423055881897142,0.06091446285099128
495,0.0,0.1959927686499548,0.15413490300054933,0.04808255397015531,0.08899651787790323,0.04739715278742081,0.08120886739441503,0.0816230509167552,0.10076069654818988,0.1419418215523532,0.05986166730232727
496,0.0,0.2355902822737428,0.11155109304749453,0.037682544523268656,0.08970037164173121,0.0642065393819581,0.09330493482784455,0.06867396159287627,0.09727091188600819,0.14540068231413686,0.05661867851096313
497,0.0,0.2986599215914799,0.051980178508938234,0.015069387348253466,0.0907471086860283,0.08089884146889385,0.11931056449315854,0.03734880789257158,0.09778572965297017,0.15081464249884835,0.057384817858881776
498,0.0,0.31755808832594035,0.034031762834305035,0.00873008326587413,0.08793598516794418,0.08712999682140067,0.13119824055364798,0.023871516706302914,0.09636677119612251,0.15252003091267693,0.060657524215809465
499,0.0,0.31935727912411166,0.03242011035782587,0.007949691506234294,0.08824320573448892,0.08645895580830884,0.13313873846354451,0.02263995208839217,0.09660609709497991,0.15185288483717602,0.06133308498496199
500,0.0,0.3319295984926619,0.02025438052959263,0.00343812138512395,0.0807804569549866,0.08846646401051163,0.1540565111005804,0.007355102599766441,0.09296166500745218,0.15297178550499396,0.06778591441435435
501,0.0,0.3316181354029456,0.02050637186636026,0.0035215503397203287,0.08081010874845632,0.08688717089475126,0.15582020154341875,0.0070829704387820715,0.09317888353835102,0.1517929219220236,0.06878168530521477
502,0.0,0.3310824312252183,0.020967396763466355,0.003661409971209355,0.08080421882606777,0.08532469624629854,0.15750879864971765,0.006899419182187916,0.09335115339444332,0.1506065918626385,0.06979388387877632
503,0.0,0.33032448250253055,0.02163584938691559,0.0038561505515380544,0.08076307417897814,0.08378270781740743,0.1591178089893069,0.00680649506200535,0.09347716925149502,0.14941753219409867,0.07081873006574849
504,0.0,0.3293468899293127,0.022509415421519935,0.004104224139583919,0.08068708344808458,0.08226481096885596,0.16064290378574944,0.006806002769615273,0.09355578527544842,0.14823050994782477,0.07185237431402919
505,0.0,0.3281528503353191,0.023585077922269333,0.004404092069177681,0.08057677418972418,0.08077453669469048,0.16207993636782175,0.006899492629912035,0.09358602533233265,0.14705029985170257,0.07289091460707449
506,0.0,0.3267461466393233,0.024859125827224507,0.004754232009098062,0.08043278983931655,0.07931532982706489,0.16342495920577818,0.007088248531275901,0.09356709255091307,0.14588166191833596,0.0739304136516941
507,0.0,0.32513113580068126,0.026327165116029644,0.005153144556405221,0.08025588639447567,0.07789053746267921,0.1646742404554591,0.007373276684894381,0.09349837817032781,0.14472931921066898,0.07496691614840316
508,0.0,0.32221814850564334,0.02894639353129341,0.005965831230915303,0.07955724947782054,0.07583283472018058,0.16669262885595615,0.008029921502047732,0.09298958662613555,0.14353007443179347,0.07623733111823855
509,0.0,0.32011365303504985,0.03086955451700734,0.006491804499508656,0.07931019310298076,0.07444179104765226,0.16770476078345933,0.008588925306721975,0.09282034668055161,0.14241906131681395,0.07723990971027885
510,0.0,0.3178204403804424,0.032966499049860425,0.007060779321418354,0.07903418152808787,0.07309605418406111,0.16860965219970203,0.009245818057277824,0.09260087697422806,0.14134024140000714,0.07822545690493937
511,0.0,0.28097107463940774,0.06632505776844076,0.019473691196160325,0.07017766962027654,0.05400012860256051,0.17725405620451531,0.028098503163673336,0.08571539337222063,0.13987012330682425,0.07811430212594518
512,0.0,0.2776195082391253,0.0695046798330764,0.020395677865243097,0.06977513649846925,0.05234675696806619,0.17719239790438712,0.03014257333541706,0.08544750993558205,0.13904792272212202,0.07852783669853608
513,0.0,0.27419040656264876,0.07274252639058548,0.021334549405743565,0.06936297003372245,0.05077522082545551,0.17700917821724002,0.03225435457221371,0.08514274880603905,0.13830072127220996,0.07888732391416636
514,0.0,0.2706940282440615,0.07602667176414188,0.02229004407410592,0.0689422020681385,0.04928765406978634,0.17670546382419355,0.03442893396928958,0.08480302821997276,0.13763082470458357,0.07919114906175109
515,0.0,0.2671407532557844,0.07934501371543386,0.023261989960500745,0.0685138935065369,0.04788593194209991,0.1762826915660698,0.036661114415150395,0.08443047073828878,0.13704021803390784,0.07943792286625206
516,0.0,0.23485252952886645,0.1091207689058514,0.034726552104090244,0.06231123450615282,0.0332127647991569,0.17279167612510682,0.06003062055098223,0.08136335940884454,0.13889605171020752,0.07269444236076579
517,0.0,0.23192319799472433,0.11195598342446912,0.035550490305243765,0.06185016444357477,0.03213896790953124,0.17171451595350254,0.06260210641371688,0.08112305028658649,0.13876069729469226,0.07238082597398342
518,0.0,0.22903976341545162,0.11471058049192151,0.03638380596156543,0.061391781376042336,0.03116500732949929,0.17054708536721702,0.06516619646186005,0.08087456865999884,0.13871000652927845,0.07201120440719035
519,0.0,0.22621099936406935,0.11737378152398441,0.037227362429756466,0.06093685627624703,0.030290741069837288,0.16929381459623788,0.0677156604841258,0.08062096382869033,0.1387428779065317,0.07158694252054457
520,0.0,0.21336198980228477,0.12932092018601377,0.04239713506817734,0.057899245100079676,0.02497544168415054,0.16435419612593777,0.0796091198403577,0.08059648421898909,0.1410134279515726,0.06647204002246167
521,0.0,0.21982972005439588,0.13104563653506235,0.045703672577058124,0.043562327758048074,0.03045266242294384,0.1372480546171809,0.09075123160776791,0.10129812995061781,0.14956194134645182,0.05054662313049829
522,0.0,0.2246910207960096,0.12736354531980576,0.044545322980876476,0.04282255464663118,0.03201073522850976,0.13556102430801986,0.08967927099052271,0.1035416267572967,0.1497956297637002,0.049989269208652896
523,0.0,0.22785602954919829,0.1247781905214397,0.0439088541599098,0.04242773323953403,0.03268396511444323,0.13468114230526948,0.08947238397427608,0.10481056171806365,0.14999694502364264,0.04938419439424835
524,0.0,0.23110939016541804,0.12204352909609992,0.0433071175544687,0.042052651198047075,0.03338760297649794,0.1338357776093961,0.08914205306769807,0.10612059407705068,0.1501913475759683,0.048809936679380495
525,0.0,0.23444286980705262,0.11916851613346223,0.04274057073675837,0.04169728209630799,0.03411890469166572,0.13302705612227766,0.08868856545079572,0.10747067692229026,0.15037585663202405,0.048269701407390744
526,0.0,0.237847803499276,0.11616273486093029,0.04220948529910635,0.04136158379337713,0.03487516838456847,0.13225686221429678,0.08811262690877911,0.10885948978656343,0.15054774439939078,0.04776650085373706
527,0.0,0.2413151225205698,0.1130363612580977,0.04171395083789978,0.04104549842332794,0.03565374363261407,0.13152683027885267,0.08741536322787728,0.11028543803064679,0.15070455187128276,0.047303139918856756
528,0.0,0.24726827840141805,0.10778563265069782,0.040710986928968886,0.04060057108154869,0.03749054999094798,0.13025295137506832,0.0849713783087194,0.11299134020638302,0.15066073388649093,0.0472675771697825
529,0.0,0.2509162062358146,0.10438275193638871,0.0402599345148341,0.04032811450918419,0.038306898433560596,0.12965000237327975,0.08397411762560743,0.11451901264400698,0.1507405355774078,0.04692242614994143
530,0.0,0.2545915026514287,0.10089900753470891,0.03984408547041268,0.0400753285956075,0.039135708627668145,0.1290904613970073,0.08286433687725342,0.11607632056345625,0.15079845041552917,0.04662479786695372
531,0.0,0.2582836007460807,0.0973467881591148,0.03946282371968296,0.03984207297956873,0.03997470301003919,0.12857470800160659,0.08164503718435358,0.11766047201234961,0.15083335681645832,0.0463764373707713
532,0.0,0.2619817153668087,0.093738837694233,0.03911538877879103,0.03962818951711346,0.04082169984411249,0.1281028486453968,0.08031961233587516,0.1192684255732059,0.15084445374510724,0.04617882849938208
533,0.0,0.2656748810516523,0.09008820522306576,0.03880088565859086,0.039433502153469184,0.04167461897439331,0.12767471634055666,0.07889183890179784,0.12089690003096243,0.15083126266630975,0.046033188999227856
534,0.0,0.2693519909070393,0.08640819355152146,0.038518295461793556,0.03925781682021534,0.04253148696620857,0.12728987158288765,0.07736586467265857,0.12254238557800214,0.15079362719010925,0.04594046726959015
535,0.0,0.301297285118764,0.05756788763028981,0.032231280976946594,0.04000098840761842,0.05463244013476148,0.12294325170725914,0.051926932548229145,0.13912435797947784,0.14416588601052285,0.0561096894861568
536,0.0,0.33642454587463205,0.02863385794685721,0.020968985110099182,0.0462204177687752,0.0690187691254907,0.11547353328418233,0.014009925180767734,0.1611116673775826,0.12607194643865077,0.08206635189298833
537,0.0,0.3387696228354031,0.026481491832415945,0.02051620645169071,0.04645835410363035,0.06885619730137592,0.11576055173623336,0.013065952508213375,0.16268517875295746,0.12478482980574099,0.08262161467236512
538,0.0,0.34090325071961586,0.02452130093118768,0.02009119783944413,0.04671743011078325,0.06867104293880652,0.11601257253157067,0.012186724275441343,0.164201614687202,0.12351027871937884,0.08318458724659603
539,0.0,0.3428190433530751,0.02276125020131449,0.01969301149721205,0.046996242915150005,0.06846571139748789,0.11622591005746076,0.011376656422524292,0.16565682044674607,0.12225254107208891,0.08375281263696688
540,0.0,0.34451120825250336,0.021208590022270504,0.019320789179636932,0.04729336887981878,0.06824265047054114,0.11639699719277434,0.010639936581931771,0.16704679263110983,0.12101589989777,0.08432376689166977
541,0.0,0.34597456728033554,0.0198698271487195,0.018973769248053333,0.04760737034738316,0.0680043368891937,0.11652240235592154,0.009980505587811226,0.16836769860192516,0.11980464629686004,0.08489487624382326
542,0.0,0.2955626761117225,0.0717174808103097,0.020520344015180363,0.06489400993593056,0.05205375377896256,0.09512133423573449,0.03427424419352334,0.15937563001198046,0.10684664739561585,0.09963387951106682
543,0.0,0.2943646086405954,0.07302383857476327,0.02032912533593439,0.06554110796378126,0.05118532902306172,0.0943454909096491,0.03643962209368308,0.15962300180743866,0.10595611928149547,0.09919175636962439
544,0.0,0.2930161782918572,0.07446586535260571,0.020164737754499947,0.06617889743658033,0.05035851008850318,0.093503070028368,0.03866003285065917,0.1598029315783746,0.105130741281498,0.0987190353370808
545,0.0,0.2915212511385524,0.07603905013273725,0.02002814716888051,0.06680517250408619,0.049575857422073565,0.09259609515387662,0.040930734590662876,0.1599155153442272,0.10437207452598858,0.09821610201894186
546,0.0,0.2898840817398042,0.07773840350577935,0.019920376833153352,0.06741783403933457,0.0488397067509898,0.09162686355734219,0.04324675736168073,0.15996104507382491,0.10368147357965697,0.09768345755846121
547,0.0,0.2628006938522115,0.10491128946117423,0.023049876278555998,0.07171142906140958,0.039790742282142494,0.08300344708060603,0.06687512240297225,0.14954651132579247,0.10762442742376302,0.09068646083139952
548,0.0,0.2610057600270171,0.10675933474198084,0.022946523076099977,0.07226576751455435,0.039318675750035254,0.08181169092997306,0.06947753730992734,0.1493163518498824,0.10729039607687313,0.0898079627236838
549,0.0,0.23284320155141874,0.13595950401913703,0.02609713396836293,0.07537025162151832,0.030509929445101624,0.07266525732691345,0.09951166487847371,0.13500251940726274,0.11685894236211147,0.07518159541972733
550,0.0,0.2514181530680516,0.13043754292399706,0.02315044142215347,0.060581607997795314,0.03472325782466984,0.0928467392999925,0.11256214142761886,0.10783992050196177,0.15210897723348765,0.03433121830029915
551,0.0,0.252865813493869,0.12943866257092132,0.022383294233092328,0.060073798832232704,0.03639289121894181,0.0934025296015502,0.11130177719642996,0.10772216889915558,0.15215492246320134,0.0342641414906331
552,0.0,0.3525398453714278,0.04559852279497153,0.00774685178658031,0.01852484749096025,0.07014759850238668,0.18662672423264526,0.011985602264113037,0.11267423296966836,0.11864447686476044,0.07551129772251369
553,0.0,0.34970111213773963,0.04836094481905759,0.007781237633504908,0.017836264206913095,0.07089375114315925,0.18712639610690834,0.011795190149523335,0.11155916643583916,0.11852798129548356,0.07641795607189869
554,0.0,0.32930309135743285,0.06595969939026292,0.010909021584209713,0.012270794271170265,0.06661530399193284,0.1993667983476388,0.016609447766888996,0.10412325166206243,0.10633967765251692,0.08850291397591198
555,0.0,0.22521600650495768,0.14865133157380137,0.028374053673887616,0.018790249379587603,0.0341108336678389,0.1804884655658154,0.10304614426359641,0.07726041759465263,0.11647298531002041,0.06758951246586993
556,0.0,0.2150139830064985,0.15432632087638343,0.030545134232343618,0.022050415438023673,0.03135519522269442,0.17201912889207432,0.115373934548798,0.07643360942020923,0.12393772863631208,0.05894454972669067
557,0.0,0.21279723291968167,0.15521620212100543,0.03138384065851662,0.022686859703138145,0.03148713177485961,0.16970909052194977,0.11711181603132392,0.07647448313268547,0.12520111262953956,0.05793223050732785
558,0.0,0.21069000761240897,0.15593748120050638,0.0322495854390973,0.023350791729420485,0.03168122699637787,0.1673934677248682,0.11870997078215971,0.07658688216604592,0.12645475417304108,0.056945832176102086
559,0.0,0.20853395631099023,0.1524499179759598,0.03352235630851574,0.02830591814733284,0.03098279919632496,0.15739163558978772,0.12647015814253315,0.07971435309607762,0.13620704025102112,0.04642186498148487
560,0.0,0.20838169910329382,0.15069540963270017,0.03421286258056918,0.02959549731635385,0.031541259301492236,0.1544365298686621,0.12720647388963988,0.08101669310811278,0.13838738416369187,0.04452619103551226
561,0.0,0.22842414316592094,0.123229277632342,0.03214928696995082,0.038261123646057764,0.037318921571699755,0.1420728911534334,0.11869208845216384,0.09549546189504525,0.15145704784815986,0.03289975766525467
562,0.0,0.2295530340898637,0.12090897501929665,0.032536958764288394,0.03895907964185032,0.03814881068495661,0.140754376934877,0.11735389856419365,0.09689429493224747,0.1522865068417108,0.03260406452674371
563,0.0,0.23069664818739197,0.11854909933220314,0.032935189776361506,0.0396604696063896,0.03901270142683397,0.13948902242446903,0.11587432669562225,0.09831726434194205,0.15309969369596338,0.032365584512851354
564,0.0,0.23184723098758667,0.11616051067635558,0.03334193747466619,0.040364101554070594,0.039909114164848894,0.13827750257857033,0.11425776791139906,0.09975954006581764,0.15389882473108146,0.03218346985563191
565,0.0,0.23299694747899996,0.11375416385135426,0.03375515683655378,0.0410688049895927,0.04083658361110203,0.1371202043774767,0.11250905294783707,0.10121610662042807,0.1546863203645327,0.03205665892215105
566,0.0,0.32346571394476087,0.010528426623796524,0.017943292720163092,0.07089033789408417,0.07562146749549906,0.11412965644241659,0.011453400247692584,0.1687165280478538,0.13292470074267165,0.07432647584109024
567,0.0,0.30567413722620995,0.026546410341895806,0.019793045542650826,0.0784688338735669,0.07255792393021702,0.10137024113486558,0.01631982571068681,0.1705705522446695,0.11919034916624222,0.08950868082902415
568,0.0,0.30328730818455085,0.02888116920097323,0.019854185838532094,0.07883306062251845,0.07231772014785894,0.1003640378191,0.01753930251746539,0.17012965179364495,0.11921465430854751,0.08957890956683745
569,0.0,0.27295324203184346,0.05831761772890491,0.0243620125147036,0.08414067602702614,0.06421828722245825,0.08637414011298923,0.03941447531507926,0.16355407693269491,0.1115347945469476,0.09513067756738144
570,0.0,0.2698333279371876,0.06136971000126486,0.024567062396730652,0.08449724101790607,0.0638961991000864,0.08493685781608491,0.04166585795955078,0.16278546500549482,0.111670829304365,0.09477744946135784
571,0.0,0.26660104857675676,0.06450918225231343,0.02481278280441518,0.08483315613672185,0.06361008184812796,0.08345433707210384,0.043947029075131476,0.1619842366046672,0.11183965256556802,0.09440849306422344
572,0.0,0.24835699294551197,0.11444354322389386,0.025915832207778995,0.062077401544307194,0.049219874075496044,0.09577962197716315,0.09796247256932819,0.11168656276824893,0.15742501398131248,0.0371326847069884
573,0.0,0.2491040927206162,0.11435698170014338,0.025068955428165455,0.06148356418295645,0.050918076347524543,0.09662631944027751,0.09574235438059725,0.11157601725559713,0.15761271611621985,0.03751092242793132
574,0.0,0.24976537636961846,0.11436184995842366,0.02423407558309752,0.06085501195498668,0.052657013675380886,0.09749102076847334,0.09347195202273811,0.11140726422643821,0.15782078654240833,0.03793564889846399
575,0.0,0.25033969656952887,0.11445899935131304,0.02341175952092248,0.06019310651200422,0.05443511445785503,0.09836936840547876,0.09115849153382134,0.11117793967430278,0.15805033141528774,0.03840519255951491
576,0.0,0.2508261903045139,0.11464888564833592,0.022602647163524732,0.05949932070667893,0.05625074274192128,0.09925689230699872,0.08880927457875963,0.11088592781499934,0.15830222458342677,0.038917894150869846
577,0.0,0.30218566674599945,0.08007688299046076,0.010824771470479303,0.03392270742290815,0.07697032084301324,0.14864006082576744,0.031606899993989024,0.10731249457623454,0.15735531013323484,0.05110488499794262
578,0.0,0.3004678208041801,0.0822388261911607,0.010375444865523397,0.03306484531811327,0.07865646209175028,0.14925222651026376,0.030112925102648444,0.10610008357564894,0.15771145880470339,0.05201990673603723
579,0.0,0.2986075078597438,0.08452755876980854,0.009956156574548163,0.032210119171613386,0.08036249128820408,0.14977155413795074,0.028716588836090882,0.10482301999457716,0.15807965183421724,0.05294535153327557
580,0.0,0.29661083703197294,0.08693468020695529,0.009568499113247392,0.031361097886633396,0.08208677105765487,0.15019480913438682,0.02742087092384729,0.10348523871486004,0.15845701166530302,0.053880184265168704
581,0.0,0.29767348830436136,0.08778194043345255,0.008681959679778277,0.025659561870500086,0.0858676163259064,0.159677923725052,0.019714457213893605,0.09987740873763949,0.15481567060648416,0.06024997310296169
582,0.0,0.294777655780665,0.0908479310319592,0.00857197971208005,0.024914573311819614,0.08744978873889003,0.15959637696327583,0.019199538132622315,0.09829693973937852,0.1552079658263851,0.06113725076295387
583,0.0,0.2917746541356189,0.09398825121674517,0.008501475364396148,0.024192601749420388,0.08904319221817474,0.15939930593750343,0.01879774624635231,0.09668447588491029,0.15559239874420844,0.06202589850269989
584,0.0,0.2886731858640353,0.09719175106463758,0.008471724037254333,0.023496527918457768,0.09064572005354019,0.15908600482301363,0.01850853527929278,0.0950461584479535,0.15596494693908292,0.06291544557276171
585,0.0,0.28548214098258007,0.10044712742080775,0.008483917649046402,0.02282927816820679,0.09225513564818828,0.15865615704439087,0.018330934788468707,0.0933883403371415,0.15632150249616986,0.0638054654650295
586,0.0,0.28221056399424055,0.10374297079119706,0.00853915096463614,0.022193817563116485,0.09386907698272608,0.15810983608826865,0.01826355951686426,0.0917175583714992,0.15665790060667464,0.06469556512080679
587,0.0,0.2788676205247726,0.10706781242058752,0.008638410307537342,0.02159314254788652,0.09548506189979229,0.15744750465170237,0.018304620644504027,0.09004050425276414,0.15696994915123214,0.06558537359925101
588,0.0,0.27546256377142386,0.1104101713448926,0.008782562732007258,0.021030273182153593,0.09710049419824511,0.15667001213848347,0.01845193887003427,0.08836399437512259,0.15725345906959806,0.0664745303180691
589,0.0,0.27200470090439677,0.1137586012069109,0.008972345729396616,0.02050824495310556,0.09871267052091666,0.1557785905241097,0.0187029592455795,0.08669493862097188,0.15750427531167305,0.0673626729829692
590,0.0,0.26850335956104027,0.11710173662645043,0.00920835754063667,0.020030100177153513,0.10031878801505263,0.1547748486183948,0.019054767678303015,0.08504030829858207,0.15771830815829496,0.06824942532612162
591,0.0,0.264967854571662,0.12042833891838521,0.009491048143837694,0.019598879004672953,0.10191595273972423,0.1536607647627809,0.019504109003246724,0.08340710338395334,0.15789156469502208,0.06913438477674483
592,0.0,0.2614074550541322,0.12372734095583492,0.009820710982636583,0.01921761004475412,0.1035011887897589,0.1524386780072682,0.02004740652371993,0.0818023192347104,0.158020180218335,0.07001711018887982
593,0.0,0.22597797019983426,0.14415918812009434,0.023921713177729925,0.01703731822434806,0.09236424529575565,0.159946063734808,0.047892687063513656,0.07064762203920744,0.1349872077929932,0.08306598435174567
594,0.0,0.22156011780752616,0.147103375958346,0.025132478434365443,0.0175749521118748,0.0931465126619918,0.15750599557634076,0.049902016475623534,0.06986154646300516,0.13490480975938293,0.08330819475157367
595,0.0,0.21722581658974277,0.14990131891978126,0.026369622618693814,0.018190316860815174,0.09391325965658663,0.15501121646049193,0.05190187645131636,0.06918200779276802,0.13476663999115673,0.08353792465867768
596,0.0,0.2129826241707894,0.1525462881111362,0.0276307649016236,0.018884749621487076,0.09466227263552439,0.1524682395942488,0.0538855367788023,0.06861240105896295,0.13457280890716108,0.08375431422029472
597,0.0,0.2088376409930341,0.15503222843687084,0.028913364684411875,0.019659449294682448,0.09539136286437264,0.14988365739376708,0.055846434690635494,0.06815564987088106,0.1343238367133074,0.08395637505806768
598,0.0,0.1708257583205405,0.11712522909702974,0.04464765884017106,0.08559054617721377,0.06820697154058804,0.12627258983994258,0.10213493373997048,0.0979444317935136,0.13647995348830966,0.05077192716275123
599,0.0,0.17111735902417072,0.1152045688689234,0.04453166138991318,0.08733637159958937,0.0689619007551903,0.12528204806337162,0.10014897405531062,0.09935091849984701,0.13772148107055016,0.050344716673164334
600,0.0,0.17295754685814566,0.11092768100108527,0.043651191375273325,0.09040484414479022,0.07037881003797952,0.12399302881008846,0.09663330994417063,0.10165440803956138,0.14017089300693117,0.049228286782005165
601,0.0,0.22421279215763812,0.04181161305040305,0.019380938857066085,0.12515169337984547,0.0980905591121238,0.1098384201489049,0.04112247665959038,0.12652913374478802,0.1719124295103491,0.04194994337932177
602,0.0,0.22433258525097938,0.04112681900131507,0.018846918945953636,0.1258555792110321,0.09885440643141283,0.10966415674801248,0.03929020437532583,0.12639678457260156,0.17341370743870696,0.04221883802469094
603,0.0,0.21464020034560466,0.04920171890903703,0.019037668909205,0.12449609873343033,0.09981290627403122,0.11206281956724774,0.03668347306483739,0.12107459243274325,0.1797358605892324,0.04325466117466171
604,0.0,0.21405096340852925,0.04926517449088077,0.018572115020456827,0.12480359484643405,0.10095192000005006,0.11177310807356435,0.03507248393044741,0.12058270200016334,0.18125045853175697,0.04367747969774774
605,0.0,0.21333727097504301,0.049473527869415466,0.01813249179275763,0.12502812963567445,0.10212636058110097,0.11146350389757878,0.033543910693319884,0.12001649626659405,0.182744478774478,0.04413382951406872
606,0.0,0.21249991415017835,0.049824674228387295,0.017721259369793973,0.12516906507419306,0.10333559940308154,0.11113230228786519,0.032099869294812726,0.11937941457712113,0.1842140538768563,0.0446238477377415
607,0.0,0.21154017399653874,0.05031587862153362,0.01734087670885472,0.12522604087264838,0.10457881525163108,0.11077797340159791,0.030742169296181038,0.11867517786130496,0.18565525976417377,0.04514763422556703
608,0.0,0.2104598140165478,0.05094379194384322,0.016993788474662676,0.12519897819408124,0.10585499585273359,0.11039916229446964,0.029472319744926673,0.11790776855735688,0.18706413624721813,0.04570524467419146
609,0.0,0.20926107067945918,0.05170446953219377,0.016682411685072774,0.12508808238249475,0.107162940387621,0.10999468787607364,0.028291536458283653,0.1170814092018251,0.18843670831254844,0.04629668348445896
610,0.0,0.20794664204743718,0.05259339229269921,0.016409122182443343,0.12489384468082149,0.10850126296787196,0.10956354087055142,0.027200750641653247,0.11620053981094255,0.18976900804288332,0.04692189646272756
611,0.0,0.20651967456291714,0.05360549024113468,0.016176241006131173,0.12461704291791961,0.10986839705134267,0.10910488082829937,0.026200618752517436,0.11526979418675228,0.19105709702117166,0.047580763431845405
612,0.0,0.20498374806700875,0.05473516833245694,0.01598602074277866,0.12425874114846067,0.11126260077442653,0.10861803224015149,0.0252915335137075,0.11429397528727231,0.19229708906693815,0.04827309082683056
613,0.0,0.20334285912589412,0.05597633444575049,0.015840631931845515,0.12382028823392305,0.112681963171144,0.10810247981067972,0.02447363597392651,0.11327802980525578,0.1934851731495647,0.04899860435204771
614,0.0,0.20231787321726089,0.055902262326649146,0.015626864940606187,0.12398482694542111,0.11560619102594102,0.10575299063734031,0.022388010506151752,0.11244092128319008,0.19561453442088741,0.050365524696583994
615,0.0,0.1960641749564188,0.05507478620126427,0.021809239704443317,0.12605347589362653,0.12309152508854286,0.08757923561842025,0.02325904966952634,0.11255288869869284,0.1948144689913971,0.05970115517769934
616,0.0,0.19320826267368693,0.05745747597194279,0.022528465973574725,0.1250602746600031,0.12394910485696671,0.08660107691698772,0.024285980262759004,0.1112788100897027,0.19510966931371718,0.060520879280690824
617,0.0,0.190304277840418,0.05986563811527409,0.023303296459840642,0.12402951565481528,0.12480751917580829,0.08558958531875577,0.02538285618165959,0.11003740662527145,0.19533169042653714,0.06134821420165151
618,0.0,0.18645562793582843,0.062700773555566,0.024998344162989808,0.12298421407057968,0.12557511041641228,0.08327805577717377,0.027478192682020133,0.10896818601750262,0.1947331831109367,0.06282831227102244
619,0.0,0.18345408598980625,0.06514744128234373,0.02591378041389105,0.12189281834884244,0.1263888568715655,0.08218555760870849,0.028776971370756996,0.10781837852907893,0.19477427588782154,0.06364783369721705
620,0.0,0.16202086443716746,0.07864590346884287,0.0433327864067274,0.12051433944791025,0.11982791097465939,0.061873213370815326,0.05212986448647806,0.11068197034748567,0.17699940062008604,0.07397374643985975
621,0.0,0.15902026700946367,0.08094215887578733,0.044568738775700084,0.11964006594272183,0.12008985532753927,0.06054105671702609,0.054241630921008296,0.11000766944461984,0.17656730114462862,0.07438125584153728
622,0.0,0.15606364978714368,0.083166517309511,0.04582629176308325,0.11877821454188196,0.12034516570279262,0.05920062995808608,0.05635552195556522,0.10940296511153402,0.17610180731276806,0.07475923655766649
623,0.0,0.14784587830376383,0.08902028031605642,0.05171219601324658,0.11801882879760521,0.1170298400322973,0.05320508277034844,0.06568897393994376,0.11081218129477541,0.16963140536877447,0.07703533316322084
624,0.0,0.1451434051557418,0.0909452483279336,0.052954893926613636,0.11731527188501849,0.11717508363755103,0.051852606685332134,0.06782803008923168,0.11047013133315262,0.1691136299754898,0.07720169898396749
625,0.0,0.14251570025004887,0.09277159022668273,0.054201047760681076,0.11663809788453394,0.11731482174329105,0.050503550385375975,0.06994685354108494,0.11019469983744266,0.16858561206639092,0.07732802630450007
626,0.0,0.13996846181340447,0.09449433723830042,0.05544742858632283,0.11599013213313612,0.11744852522107765,0.04915995867537255,0.0720428691604177,0.10998425945844731,0.16805133244244125,0.07741269527111215
627,0.0,0.13750708672761147,0.09610892374367751,0.056690778528024434,0.11537407213914051,0.11757571575697273,0.04782381557488004,0.07411373419664602,0.10983687819051209,0.1675147077948958,0.07745428734767182
628,0.0,0.13513665716963005,0.09761119777376406,0.057927822911341895,0.11479247543883722,0.1176959686703214,0.0464970433690508,0.07615733485352502,0.10975033640108964,0.16697956208211837,0.07745160133035413
629,0.0,0.13286192850187803,0.09899742979953353,0.05915528260861072,0.11424774803197414,0.1178089151596692,0.0451815025121196,0.0781717813580672,0.10972214527116238,0.16644959833663764,0.07740366842038016
630,0.0,0.13068731843708414,0.10026431981263852,0.06036988652394018,0.11374213345010464,0.11791424396870676,0.04387899235176951,0.08015540160292092,0.10974956651914163,0.16592837110188208,0.07730976623184439
631,0.0,0.12402545221954034,0.10302244705436925,0.06264705700315819,0.11004750909884943,0.12351274948884104,0.04155874679393856,0.08312380783449795,0.10657903466214638,0.1693661133038729,0.07611708254081863
632,0.0,0.12234630917729161,0.10363115705418376,0.06389058957853919,0.10967225340451285,0.12359147776380573,0.04034357107673676,0.0849620644476811,0.10683223428764235,0.16884323125410072,0.07588711195553874
633,0.0,0.12078672607783292,0.10410625226850191,0.06510605496023157,0.1093504372935612,0.12365403517059032,0.03914924199160922,0.08677277218927518,0.10712190312799702,0.16834111451860598,0.07561146240182756
634,0.0,0.11934869431197588,0.10444743711717935,0.06629030353039209,0.1090832698220079,0.1237003665487623,0.03797723795774159,0.08855547134591031,0.1074441965829594,0.16786181732119215,0.075291205461912
635,0.0,0.11803381506955042,0.10465486995393873,0.06744027469076877,0.1088717277600103,0.12373048638740167,0.03682901030338347,0.09030981260951096,0.10779519698750248,0.16740709824777925,0.0749277079901869
636,0.0,0.11684329978220838,0.10472915590356556,0.06855300884890324,0.10871655107224783,0.12374447611333272,0.03570598902726594,0.09203554239185266,0.1081709383952195,0.16697840598616187,0.07452263247927536
637,0.0,0.11577797189457731,0.1046713381521481,0.0696256590389258,0.10861823939479245,0.12374248090049245,0.03460958877293832,0.09373248783756356,0.10856743120211503,0.16657686718750156,0.07407793561897859
638,0.0,0.11453245721117666,0.1040657548546859,0.07093638981029801,0.10809752922547275,0.12464198522248844,0.03347157066481275,0.09552722038123469,0.10843432208823853,0.16683297271294395,0.0734597978286816
639,0.0,0.1108894965589265,0.10387002447014713,0.07597882438517305,0.11399352526110608,0.11552428383524234,0.02467439500209298,0.109984394832642,0.1189416451669957,0.15734347631855494,0.06879993416915263
640,0.0,0.12269457498794731,0.0987271264986992,0.0585229514526073,0.1324444819285101,0.10367083125152388,0.024358607072554328,0.11293276561102909,0.14322319576278808,0.14464069294128612,0.05878477249308789
641,0.0,0.12390323045837333,0.09750323503841339,0.0573953900648252,0.13284732278289177,0.1046466162392405,0.02428705971684562,0.11253535485815659,0.14314634003075463,0.14533202209012006,0.058403428720412244
642,0.0,0.1545914630510957,0.08876614097626441,0.012121717705624063,0.13104157541079564,0.13095545228435704,0.06374954555110762,0.053849643466670406,0.1366544936031913,0.16715113735281012,0.06111883059811694
643,0.0,0.15570013993801723,0.08820658289464887,0.011100960194939379,0.1280205963052041,0.13464329100507016,0.06651817698368408,0.05043740712479556,0.13361655959766183,0.16869778638033484,0.06305849957567733
644,0.0,0.15472907677458847,0.08822977249933493,0.0139440847897147,0.11252590756884319,0.1460816344881266,0.08133177282261617,0.04025865466009121,0.11534480913373123,0.1779303141619746,0.06962397310101255
645,0.0,0.1548294136912793,0.0877960399795264,0.014735107406227013,0.11041754262112,0.14784450783028386,0.08148624004910768,0.0403565409790407,0.11418245261229343,0.17720416256517735,0.07114799226597802
646,0.0,0.13751191645335153,0.09151540341238527,0.044068239274506836,0.08054888143960967,0.14923089864734781,0.09823361708018048,0.05930869955378018,0.07811077615889518,0.18146810868623162,0.08000345929374543
647,0.0,0.13730850517216153,0.09071290432569634,0.04584720991483894,0.07868201130566249,0.15029928295624653,0.097460201287302,0.06125871689833633,0.07718062435277394,0.18052793752126864,0.08072260626574722
648,0.0,0.13273924672796825,0.09096019800813393,0.054721942457215914,0.07214481883543716,0.14842662635329168,0.09891672691327223,0.07153865029494702,0.06969797108089211,0.17876573017687578,0.08208808915199993
649,0.0,0.13266470489375992,0.08996082710376155,0.05647124234865353,0.07052170202207532,0.14940572326220694,0.09785425521608554,0.07383443178235395,0.06892309654840754,0.17790693840822255,0.08245707841450713
650,0.0,0.1326435063976283,0.08890500784071102,0.058198324163682896,0.06893535483819212,0.1503984691655643,0.09673225096823108,0.07617608062829456,0.06819093352911959,0.17705202958494212,0.08276804288366811
651,0.0,0.13024211810926936,0.08845378315194233,0.06378100798027088,0.06517082254401362,0.14904638730276576,0.09668055091609787,0.08413353150094208,0.06388859776893983,0.17569348840467258,0.08290971232111984
652,0.0,0.13035239388245887,0.08727953334905912,0.06536235514166855,0.06380477056296288,0.15002196069172827,0.09537309443018467,0.08662276134673534,0.06327150440942135,0.1749829674203055,0.0829286587655096
653,0.0,0.13051115605012314,0.08606812391736812,0.0668952437242334,0.06248765351198023,0.1510110678181171,0.09401916283501675,0.08913536163729237,0.06269026193403786,0.17430491274984636,0.08287705582201893
654,0.0,0.12728311783060461,0.08601151429907601,0.07352376619701317,0.05867645072642259,0.1475047892072274,0.0943180047827701,0.10108325813918982,0.05683222822230602,0.17299707015217197,0.08176980044325262
655,0.0,0.12759474863163514,0.0847493427476108,0.07471220776376294,0.05770052296476237,0.14849688872647834,0.0928062368512148,0.10362214967700946,0.0563694597945825,0.1726284340041798,0.08132000883879824
656,0.0,0.12794698239862623,0.08347537855589802,0.07582453888036986,0.05678042459770884,0.14950437842698164,0.09126961078402052,0.10615174448022817,0.055934741569132786,0.17231421246739942,0.08079798783966899
657,0.0,0.128337065319633,0.08219504126121063,0.07685682433157924,0.05591775370148597,0.15052559784618436,0.08971309574009906,0.10866646931605883,0.05552679961499549,0.1720578050635368,0.08020354780525114
658,0.0,0.12876219987230464,0.08091369272994664,0.07780538493150932,0.055113940416408796,0.15155879650543197,0.08814182180026733,0.1111606889382049,0.05514444911195213,0.17186206841628832,0.07953695727772064
659,0.0,0.12515392755260907,0.08514008385927238,0.07843291042733477,0.055023197389104155,0.13893460249971326,0.09417027030162996,0.13631063679231492,0.04372531583505781,0.17003000689377942,0.07307904844921902
660,0.0,0.12586874235212556,0.08428337957299742,0.07784921668324023,0.05496732634071353,0.14034732652500442,0.09288136403686713,0.13759260617311075,0.04356395332184286,0.17063273433898082,0.07201335065515213
661,0.0,0.13925090115109995,0.09246037969991676,0.03974614299810688,0.06786037148018088,0.14363505620896333,0.11362990547630683,0.10855700968512745,0.05145668287769937,0.16000579437494847,0.08339775604768514
662,0.0,0.13980083002585286,0.09249415052277271,0.038152644835012885,0.06742132155617732,0.14580849559568618,0.11354147872745282,0.10745688475449706,0.051401008377730796,0.16017563923323755,0.08374754637161502
663,0.0,0.14034574252346277,0.09255521364423909,0.03655433524580811,0.0669442713228838,0.14797774572967848,0.11353867811097407,0.1062607494994038,0.05137281461560328,0.16027501013489606,0.08417543917308576
664,0.0,0.15926385393431194,0.08812856716736801,0.009354376198260564,0.06865337935950636,0.1838562821985048,0.12176831815507881,0.03192825395825343,0.0727135232579039,0.14640544390435553,0.11792800186649176
665,0.0,0.15870230380232037,0.08833110471259929,0.009951084892625353,0.06678808945648997,0.18530868836425515,0.12217198782832185,0.03153803827551544,0.07237030789704997,0.1451735264774753,0.11966486829338233
666,0.0,0.15817005856141106,0.08846238536235711,0.010612669582824905,0.06493632441382512,0.18669497501998308,0.12257609641641397,0.03119273311862855,0.07206493046307867,0.14391831790400422,0.12137150915750843
667,0.0,0.15767018671331703,0.0885186002312467,0.01133769812480427,0.06310275495177249,0.18801333631738013,0.12297780611938651,0.03089537332427531,0.07179603597859982,0.14264520510394338,0.12304300313530958
668,0.0,0.15720558192248893,0.08849628542240466,0.012124511097360336,0.06129200963226037,0.18926216524445097,0.12337416413175985,0.03064907912190144,0.07156202911936958,0.14135963777432553,0.12467453653371369
669,0.0,0.15658814880602437,0.08741445679537342,0.01485918892689451,0.059026343705389145,0.19129169109441008,0.12207382651726228,0.03035991027934582,0.07173953696990061,0.1404001374979515,0.12624675940748376
670,0.0,0.15617328317424334,0.08717670323883846,0.015875752132499244,0.057286268010665296,0.1923120235926289,0.12237217714453816,0.03042343266481668,0.0715412599303248,0.1391440837547424,0.12769501635673833
671,0.0,0.1558033348578289,0.0868505900584684,0.016943831267857434,0.05558788287844449,0.193259244927534,0.12265123756293494,0.03055125962803266,0.07137145998647786,0.13789839192180395,0.12908276691065307
672,0.0,0.14360084001160714,0.06716871607827943,0.06455867732602888,0.054179783491265315,0.18679440720658186,0.07445866101303913,0.08309354101168415,0.07002377255624749,0.15980784796339992,0.09631375334190245
673,0.0,0.14352502633047384,0.06589227135824724,0.06591503005235348,0.053758239998476315,0.1866305726566339,0.07320577023405934,0.08596370658528238,0.06966853208189963,0.16007348815769873,0.0953673625449109
674,0.0,0.14100059771560594,0.05560327429377021,0.04631730869239792,0.11465520182273319,0.15757021029501392,0.021801772162078435,0.13479361842731313,0.11640583945756774,0.17266287626135007,0.03918930087220546
675,0.0,0.14261544068490456,0.05427338710403988,0.04451167218558572,0.11507119221679914,0.1591536226758105,0.021519362900249063,0.13381400331051851,0.11711943530541044,0.17246660943143108,0.039455274185287215
676,0.0,0.14514724578889462,0.05312136828928931,0.039531127580485347,0.11706130103508096,0.16159291728318947,0.022689587751706704,0.1283270286026071,0.12065744562589005,0.16992906347702158,0.041942914565871146
677,0.0,0.14796950123246091,0.050386467986457496,0.03770263339750232,0.11657912969599715,0.16451063055464993,0.02195211218617483,0.12793417579379762,0.12082388255145951,0.1696983004984557,0.042443166103080965
678,0.0,0.1496043806003657,0.049050998268308284,0.036060765645705144,0.11663818995731426,0.1661900341769047,0.022057022105135868,0.1264970709003154,0.12165281966802566,0.16877874913961768,0.043469969538343714
679,0.0,0.1516977335942836,0.047773096758845855,0.03295414030325922,0.11726246982953696,0.1683956811866648,0.02309421289069763,0.12251995040530178,0.12394304894022051,0.16632537387979104,0.04603429221143505
680,0.0,0.16184638334934448,0.04580165348004487,0.00945232434791879,0.1196792226741438,0.1845736133407524,0.045815910091224966,0.06669520887020236,0.14776713300812241,0.13470392837818515,0.0836646224600972
681,0.0,0.16557536074693605,0.04202151935130294,0.009278421062360735,0.115699725084303,0.18917739146270685,0.04633738155917232,0.0653533871589727,0.14797850947005858,0.13040047272987365,0.08817783137434979
682,0.0,0.1669607886387612,0.040680080185227556,0.009058837153397848,0.11403049593281082,0.19112213977131037,0.04732688485530483,0.0634153478835998,0.14845795267722917,0.12796366705952844,0.09098380584286656
683,0.0,0.16831033991742647,0.039346552835065725,0.00893379491224356,0.11229131675127103,0.1930324788155478,0.048351532531532446,0.061510748565157154,0.14890849163636427,0.1254792149007483,0.09383552913468006
684,0.0,0.17073876743757146,0.03665528070532097,0.009287872800289816,0.10572660666249681,0.19895881118694347,0.056751724471730075,0.047326869975893845,0.1514578028827859,0.11463466324554407,0.10846160063146053
685,0.0,0.17188052817757637,0.03532511929224816,0.009801098477547218,0.10355659697581088,0.20072388482983217,0.05771408679226274,0.04599440299763068,0.1515252278955325,0.11228192486897628,0.11119712969262008
686,0.0,0.17297706316176537,0.03401412912241315,0.010395085729979046,0.1013470472393726,0.2024408826549102,0.05867932661948315,0.044740920635107394,0.15154305257325756,0.10995968335528715,0.11390280890846143
687,0.0,0.17402589013293143,0.03272602326691219,0.011066244658870857,0.09910343645081601,0.204106850545853,0.059644727959065905,0.043570692969369045,0.1515079924164596,0.10768031183886924,0.11656782976088992
688,0.0,0.17688531881187974,0.029519369005722853,0.012273076518675891,0.09414015514585775,0.20808446044719803,0.0608079018558584,0.042403896749881965,0.1514087505780515,0.10278046916638195,0.12169660172052923
689,0.0,0.17776149688128462,0.028357215498794296,0.013106873446177078,0.09186303487268434,0.2095523737181419,0.0618238970276807,0.041408789906933224,0.15124053198213835,0.10065425851255796,0.12423152815364488
690,0.0,0.17857848464924836,0.02723584915499429,0.014001394059842276,0.0895744354194229,0.21095648809180367,0.06283253060704509,0.04051007213320683,0.15100625048710414,0.09861968590876806,0.1266848094886018
691,0.0,0.17933418313937172,0.0261590474009768,0.01495207472614165,0.08728007937574864,0.2122946019928601,0.06383083966876867,0.03971126535331471,0.15070337132546394,0.09668793364021942,0.129046603377172
692,0.0,0.18002659408311858,0.025130554387419204,0.015954204106922058,0.08498569117307661,0.21356467587070999,0.06481587049070468,0.039015642535450645,0.1503295987266439,0.09486972271224045,0.13130744591375157
693,0.0,0.18065382828084037,0.024154062816474562,0.01700294455061711,0.08269697865593986,0.21476483529068205,0.06578469157763392,0.03842620939006541,0.14988289750278436,0.0931752519715729,0.1334582999634273
694,0.0,0.1812141138808551,0.02323319561433603,0.018093353829965228,0.08041961494478665,0.21589337321257973,0.06673440693091212,0.03794568677625594,0.14936151351995539,0.09161413997238742,0.13549060131800422
695,0.0,0.1817058045303236,0.022371487548100925,0.019220407123624193,0.07815922065893524,0.21694875146284578,0.06766216948605812,0.037576493933788625,0.14876399290046052,0.0901953699361234,0.13739630241977752
696,0.0,0.18104457965407375,0.02056171199994725,0.02575072709128639,0.07038863362653898,0.21790089375639188,0.07119252873532143,0.038784305288780574,0.14405847323425602,0.08898572919228803,0.14133241742115363
697,0.0,0.1812882604210074,0.01988044947073032,0.02707718683792979,0.06818740460602497,0.218718315755096,0.0717784641380517,0.039207655297052384,0.14302477255904214,0.08839789081245143,0.14243960010265186
698,0.0,0.18146098045864784,0.019271439471259765,0.0284098022959552,0.06603328515442536,0.21946194619129003,0.07232374434963415,0.03974873802555693,0.14191753819437464,0.08798388889024494,0.14338863696864915
699,0.0,0.18156186234797161,0.01873756843013294,0.02974336311238988,0.06393126364165633,0.22013102643316962,0.07282686425392676,0.04040697828160479,0.14073770224647664,0.087747290250411,0.14417608100229848
700,0.0,0.18159019377086927,0.01828152042199695,0.031072739691243762,0.06188616112037048,0.22072493636308574,0.07328648469142945,0.04118141088052231,0.13948657405580714,0.08769075797334737,0.14479922103136564
701,0.0,0.18154543357988484,0.017905760959055498,0.032392903847267125,0.05990261850886664,0.22124319121416386,0.07370144132014486,0.042070677527104465,0.1381658431243938,0.08781603445564487,0.14525609546351223
702,0.0,0.18142721736471054,0.017612521587413513,0.033698948791218895,0.05798508460164228,0.22168543793623915,0.07407075279099744,0.043073025435556495,0.13677757977383714,0.08812392969819788,0.14554550202022493
703,0.0,0.18123536247528804,0.017403785377032712,0.034986108361698826,0.0561378049399778,0.22205145112976724,0.07439362817288907,0.04418630773664269,0.1353242334903428,0.08861431490109996,0.14566700341529926
704,0.0,0.1740370445905082,0.017595489496252028,0.05611761534467669,0.03792897863187968,0.21622663117971597,0.07228689245573637,0.07907348956702134,0.10507757830110291,0.11534207501746513,0.1263142054156803
705,0.0,0.1735416800478947,0.017816197336610072,0.057100746630351425,0.036715642192638176,0.21636060934112622,0.07158350931489316,0.08156310387282316,0.1031250104727545,0.11749020812624558,0.12470329266470181
706,0.0,0.1729869433986357,0.018126102907909503,0.05801482417670146,0.03560474840381119,0.2164305120663986,0.07084962326016711,0.08408948790548579,0.1011662219788728,0.11974671256304815,0.12298482333900848
707,0.0,0.1695066909079203,0.01984663154669391,0.06530924610962,0.02902173228376118,0.2134609808886036,0.06741678359981851,0.10442796144093519,0.08515350586000388,0.13727067064537596,0.1085857967173064
708,0.0,0.16884664366885876,0.02043095128286789,0.06582612170791292,0.028364300887032505,0.21344068650691989,0.06639596993066903,0.10710902592161337,0.08325929292398171,0.1399071835229305,0.10641982364725243
709,0.0,0.16813742406691062,0.021099599062456002,0.06626023873793749,0.027814490167466236,0.21335766189097702,0.06537626073447701,0.10976645903965965,0.08139837318271806,0.14257962692608978,0.10420986619134713
710,0.0,0.16610744077579206,0.02354095513726273,0.06497800792032828,0.028836879504150384,0.21374857844935144,0.06301206534205611,0.1110603873465591,0.08129610084333017,0.14552203666122102,0.10189754801998775
711,0.0,0.1651537238184617,0.02456414814376538,0.06514313207189645,0.028704894749634766,0.2133110521423326,0.06212526572145863,0.11355560574948396,0.07958673164388715,0.14824178406164615,0.09961366189747237
712,0.0,0.16416004837394838,0.025659608820034294,0.06522805584485308,0.028679932881930822,0.21280703703864887,0.061259282744074744,0.11599672502308042,0.07793560476991737,0.1509473299163202,0.09732637458723094
713,0.0,0.1631290359876389,0.02682394645598994,0.06523374623011664,0.028761089098493495,0.2122363080133347,0.06041907408492899,0.11837595775035707,0.07634827465500114,0.1536267054640225,0.09504586226015586
714,0.0,0.16206344068958534,0.02805349371584918,0.06516146371364524,0.028947241399039095,0.2115986934295065,0.05960955095030054,0.12068571782902504,0.07483009026232951,0.15626810006134548,0.09278220794941351
715,0.0,0.16096614033483758,0.02934432026695928,0.0650127531948993,0.02923705774012222,0.21089407799366902,0.05883555573973766,0.12291865449561566,0.07338616220749299,0.158859927218371,0.09054535080833473
716,0.0,0.15984012733318434,0.030692247663998827,0.06478943379071911,0.029629003686604635,0.21012240576277907,0.05810183970092401,0.12506768569263121,0.07202133072313739,0.16139088928556805,0.0883450363604927
717,0.0,0.1586884988061739,0.032092865419142504,0.06449358758371651,0.030121350520880958,0.20928368328296487,0.05741304068693896,0.12712603060327501,0.07074013466885304,0.16385004040261023,0.08619076802548359
718,0.0,0.1575144462123268,0.03354154818292767,0.06412754737855811,0.030712183769907076,0.20837798283780667,0.05677366112664036,0.12908724118027895,0.06954678178550606,0.16622684733032916,0.08409176019575886
719,0.0,0.15632124448429166,0.035033473955101514,0.06369388353344906,0.03139941210945147,0.2074054457822355,0.05618804631948071,0.130945232498323,0.06844512038779427,0.16851124779990645,0.08205689313000598
720,0.0,0.15339781862652832,0.04304067143467741,0.062385249139611784,0.02652796934021688,0.2036837114960517,0.05260275598121957,0.16277806941822903,0.04087028847975962,0.19948893803652604,0.05522452804721939
721,0.0,0.15254833943219728,0.04447996758434,0.06123376406758041,0.027760302808156185,0.20280260539268782,0.052654193276431394,0.16282383841389442,0.040967277560721674,0.2001022884804653,0.05462742298356527
722,0.0,0.15170356696981072,0.04592335425237095,0.060048708297571675,0.02905912064506468,0.20184526052453944,0.05282636581569864,0.16269907479055806,0.04116884485791217,0.20055027781296494,0.05417542603354852
723,0.0,0.1548478889498409,0.051128438632154175,0.05002567649360726,0.028519942276304854,0.2036423174132033,0.061299041340415694,0.16013080441866415,0.0328719303285645,0.20379595262478467,0.053738007522500394
724,0.0,0.15435767948038565,0.05230378043217919,0.04860418634823088,0.029965417732122857,0.20267949722285883,0.06256060515657075,0.15804061539151398,0.03397571943924111,0.20248567517331534,0.05502682362362139
725,0.0,0.17268238779630035,0.05173412364813239,0.02267930152839237,0.031492341322974175,0.21904325672603892,0.1158020187016482,0.060847876121525195,0.06319256221351657,0.1299870475052979,0.13253908443621373
726,0.0,0.17308325771215544,0.04755115653350368,0.027914098744316305,0.03411668803838357,0.21998108048692985,0.1301715927342964,0.025956623774166028,0.07970413532323094,0.09618236557031022,0.16533900108274735
727,0.0,0.1580665071841639,0.04384827946433213,0.053219609120895475,0.042872394455599566,0.20692691547417252,0.09342909573250427,0.07908474035628846,0.06988187336511854,0.1282441234489326,0.12442646139803226
728,0.0,0.1573538632653883,0.0438381272478555,0.053861442187856656,0.04407779072537625,0.2055469261195075,0.09142654749879378,0.08264776276892388,0.0687731688598798,0.1307786232099484,0.1216957481165098
729,0.0,0.15664696753787297,0.043818314931037015,0.0545117494152463,0.04532160462006835,0.20412078920185564,0.08939725267969545,0.08621387071912076,0.06772199538135042,0.1333112790874249,0.1189361764263681
730,0.0,0.1559459977348139,0.043789874003418806,0.05516982391047495,0.046600629092578144,0.20265072031210196,0.08734787992234419,0.089771937006554,0.06673410182706933,0.1358281851981687,0.116160850992516
731,0.0,0.15258247971018035,0.04325700273957358,0.059324929343557625,0.05027675271500916,0.19898591662006046,0.07316697652697433,0.11062657142979732,0.06276368546716515,0.15063183436336489,0.09838385108435703
732,0.0,0.15198648603771087,0.043172498959303175,0.05987008499565677,0.05159095544147246,0.1976381140757091,0.07090964820920168,0.1140542781935459,0.06218676072646314,0.15286124253340316,0.09572993082757385
733,0.0,0.15139728636496894,0.04308566194888426,0.06041953620389527,0.052921500756995636,0.19625333761481847,0.06868506939907829,0.11739858203636575,0.06170231894125926,0.1549975922797007,0.09313911445407365
734,0.0,0.15081455045174963,0.04299812462966405,0.06097270361480834,0.05426504682518223,0.19483304716151664,0.06650074170671666,0.12064928193452162,0.061313679983152826,0.15703012057050078,0.09062270312222755
735,0.0,0.1502379011072971,0.042911583433817325,0.06152899146940897,0.05561826074927097,0.19337869453383555,0.0643640437293141,0.1237965220668284,0.06102375112498382,0.1589487411376708,0.08819151064761332
736,0.0,0.14966691895926743,0.04282779022754308,0.06208778760035905,0.05697782665748022,0.19189172825766923,0.06228219774815451,0.1268308323920354,0.060835005103900684,0.16074409694146372,0.08585581611216712
737,0.0,0.14910114747942102,0.04274854389622935,0.06264846353229997,0.05834045360845422,0.19037359859192432,0.060262236889901205,0.12974316768450372,0.06074946039448899,0.16240760813337035,0.08362531978944734
738,0.0,0.1485400982430583,0.042675681624276436,0.06321037468494385,0.059702883309796596,0.18882576270214496,0.058310972919486136,0.132524944834067,0.06076866383168911,0.16393151524577315,0.08150910260480498
739,0.0,0.1470423382422978,0.0422866265638464,0.06484723092332789,0.06231084653975239,0.18682886908656451,0.04881984314784917,0.14443073537992168,0.06063439678889932,0.17122283148015482,0.07157628184742634
740,0.0,0.1465531956501747,0.0422336155124804,0.06529981794742945,0.06359893400010397,0.1853661428885706,0.047115146630334975,0.14657831231814478,0.06110835136559573,0.17210662999039233,0.07003985369681354
741,0.0,0.14682593522813206,0.04147225156618951,0.06015484204865924,0.0719430492970777,0.18580733371082173,0.020414769206661677,0.16628759342163796,0.07297056479885297,0.18793022879397056,0.04619343192803711
742,0.0,0.14614940474674595,0.041705378782526746,0.060673402668162166,0.07299593909289549,0.1838326568431402,0.020599830978330777,0.16512220770235567,0.07525662895248847,0.18535779962150475,0.048306750611890374
743,0.0,0.14590470754476442,0.041872993850071344,0.06063482056951064,0.07364712800288803,0.18287290516485755,0.020662007516938887,0.1640907555627255,0.07692592746988702,0.1839663086718689,0.04942244564652827
744,0.0,0.14564482207408572,0.042080168280235086,0.06060233350706741,0.07425604800538164,0.1818740850056586,0.020896792579555287,0.16287294818710613,0.0786188285502521,0.18247160273789564,0.05068237107280307
745,0.0,0.14536899453962568,0.042328629838830976,0.060574908848426805,0.07482194394724183,0.1808375695150227,0.021302174326100425,0.1614741306324777,0.08032815289407513,0.18088293299973293,0.05208056245850658
746,0.0,0.1557275373417948,0.04603949173086046,0.0349370736265247,0.07985542090266919,0.18731710464227758,0.03985522010543697,0.09695011333869076,0.1192566421875392,0.15758741102924342,0.08247398509500356
747,0.0,0.1551629118878801,0.0469138315760879,0.03488336206529189,0.07943030642920496,0.18653142572115836,0.04225953092109326,0.0936030204982658,0.11996931570383536,0.15616247950795692,0.0850838156892663
748,0.0,0.15904396929051842,0.052235157450725885,0.02348251175533999,0.07544937367994478,0.1859934677026878,0.07280516723776691,0.03625410515257832,0.14040036134165335,0.1349306290414959,0.11940525734732965
749,0.0,0.15779101748122515,0.053688257912705324,0.0239041356638492,0.07467796820527793,0.18497687693576925,0.07498060680589662,0.03473742234765426,0.1391217744857321,0.13576760383415104,0.12035433632778011
750,0.0,0.15645565649997317,0.05538668871917085,0.024327911273810527,0.07359122439811444,0.18374891010583483,0.07794361465576784,0.032316369597018696,0.13792972854861443,0.13636934792517427,0.12193054827656181
751,0.0,0.15039702241553102,0.060599751330428074,0.033160525409078774,0.06310944294437675,0.17659280369562733,0.08652209540983671,0.03757225795871992,0.12854955027673315,0.1394602218637992,0.12403632869590998
752,0.0,0.14864431389175767,0.062383158862966456,0.03374485916507831,0.06280952072389487,0.1752779773430545,0.08720676153616341,0.03875957547331747,0.12640705335874716,0.14187041703000366,0.12289636261505753
753,0.0,0.1468938459590324,0.06417314984068209,0.03429299667074914,0.06257779965655992,0.1739390905524853,0.08782509792920613,0.04002442017551922,0.12430504224231811,0.14426632413360005,0.12170223283988878
754,0.0,0.14515025507858742,0.06596452394926314,0.034803818712336586,0.06241591475664447,0.17257737131702275,0.08837777322729297,0.04135988826274719,0.12225318570963098,0.14663637990636552,0.12046088908015037
755,0.0,0.13554612597136567,0.06333080830031605,0.061229366181485397,0.04508036079311304,0.16704792271718022,0.06085518209081866,0.15008076345965438,0.0682117198643556,0.17432433395058142,0.07429341667117081
756,0.0,0.1348547282254705,0.06441565573166712,0.060148222667744326,0.0471520596660902,0.16537141319493734,0.06179416158343128,0.14816849284104905,0.06947022159182574,0.17371987709615103,0.07490516740167474
757,0.0,0.13421663611918155,0.06544411739481183,0.059047825337627285,0.04928214032555852,0.16362512350873046,0.06284814296092937,0.1461177866920823,0.07076554702106443,0.17308432820829392,0.07556835243176166
758,0.0,0.1370175832569287,0.06422295875995367,0.05306912060683328,0.054276344534884835,0.16488672654909411,0.07016105507749423,0.1335696043309828,0.0715038673371473,0.16959891475991393,0.0816938247868084
759,0.0,0.14854588446468348,0.05733919302205327,0.025826348017926885,0.08394105942120786,0.17058718985565427,0.11962022622497757,0.028397082232371074,0.08376774446646314,0.15158705819425639,0.1303882141004475
760,0.0,0.14816224656608154,0.05754754814420812,0.025912430875796984,0.08610476630814001,0.16769124874079555,0.12097971618695434,0.02766112706449724,0.08294941029985646,0.15353790566215794,0.1294536001515534
761,0.0,0.1477966521212163,0.05771772511497571,0.026043211293252936,0.08826947779505215,0.1647618147805483,0.12228236726454904,0.027055089960538015,0.08208708779124459,0.15557925609778714,0.1284073177808774
762,0.0,0.1474492216782935,0.057850208421556235,0.026218168260182795,0.09043232517060414,0.16180489002260684,0.12352446640193862,0.02657671687239185,0.08118832217659626,0.15769927011829135,0.12725641087758005
763,0.0,0.14712001138388794,0.057945595708368325,0.02643672112580799,0.09259042071937937,0.15882644714704083,0.12470260288848146,0.02622329333103093,0.08026086241823482,0.15988578964369307,0.126008255634117
764,0.0,0.14536470507193877,0.05768353923621668,0.02861088615148742,0.09675299986683897,0.15434527857715766,0.12426315372080127,0.0269382000613528,0.0789399514616399,0.1631159207851404,0.12398536506746778
765,0.0,0.14500766220021855,0.05767453380902757,0.029125788704846355,0.09880501705037817,0.15130523597390738,0.12493027178780157,0.027474377717214508,0.07795896520954491,0.16545799260493924,0.12226015494216345
766,0.0,0.14403328591347822,0.057563661203270514,0.030665295576853924,0.10131276761532892,0.1476975620097043,0.12432899710351132,0.02961579292161534,0.07682791661565465,0.16815062629386554,0.11980409474675911
767,0.0,0.14369162594407797,0.05748625606720623,0.031317801149503985,0.1032968212763059,0.14465957132088442,0.12474027684014172,0.030522580873882012,0.07592440231550918,0.17044997796381584,0.1179106862487147
768,0.0,0.1433672003150321,0.057381253804020795,0.03200537128101501,0.10525739541035695,0.14163352733460602,0.12508636156441777,0.03150291069850476,0.07506512665446034,0.17271111601961409,0.11598973691801423
769,0.0,0.1430597799055824,0.05724993936605558,0.032726890372405705,0.107191612745513,0.13862454289431042,0.125367462779847,0.03255003106266871,0.07425750230979884,0.1749224525375231,0.11404978602633753
770,0.0,0.14276909461823434,0.057093651803030276,0.033481224671628,0.10909662793554677,0.13563760932694297,0.1255840190070624,0.033657076187699794,0.07350866366646648,0.17707287069744646,0.11209916208598475
771,0.0,0.14051959775953912,0.05694243077605989,0.03774470649585847,0.11131107629669021,0.13123776232053916,0.12050298397982179,0.04209202246206723,0.07276856280434368,0.17919058993078582,0.10769026717433701
772,0.0,0.1402176468682227,0.05674435151961566,0.03867739157233034,0.11305778273615154,0.1283269655590161,0.12034972451537779,0.04359999957619694,0.07235525574904042,0.18096790251286846,0.10570297939122258
773,0.0,0.13993191870083924,0.05652874104307291,0.03963533353074866,0.114764360222689,0.12545343830971972,0.12014914328929661,0.04512025381017415,0.0720336864911788,0.18263725285734725,0.10374587174497618
774,0.0,0.13966205457886974,0.0562971000034501,0.04061727675404896,0.11642818922554185,0.12262136642354392,0.11990308367518931,0.046645683152283714,0.0718082009432189,0.18419170456217304,0.10182534068172318
775,0.0,0.13940767470973042,0.0560509404815246,0.0416219663532608,0.11804672151660324,0.11983479399970867,0.11961346780181463,0.04816936717844746,0.07168261452363574,0.1856251442381326,0.0999473091971847
776,0.0,0.13916838173560728,0.05579177940686466,0.04264815006805903,0.1196174868126488,0.11709761915998472,0.11928227945677623,0.04968459988605596,0.07166018985703239,0.18693230854723378,0.09811720506977988
777,0.0,0.13894376427172186,0.05552113213756196,0.043694579927610534,0.12113809934798683,0.11441359020052423,0.11891154704162706,0.05118492116020829,0.07174361740757462,0.18810880556685133,0.0963399429383762
778,0.0,0.1387334004175894,0.055240506219488256,0.04476001366973808,0.12260626436344213,0.11178630209862876,0.1185033266901115,0.05266414671045362,0.0719349991613694,0.1891511303677252,0.09461991030149666
779,0.0,0.13064102286226764,0.058807545243664466,0.05996715731399528,0.11877676001349219,0.10627956111735892,0.09051048161340476,0.08973312189037935,0.07979103717983727,0.17826100146164006,0.08723231130400322
780,0.0,0.12794465153383994,0.06098938459055092,0.06515331196541936,0.11692783661941417,0.10372928588195687,0.07983127156830068,0.10247204230904586,0.08521859177522606,0.17268447430400327,0.08504914945228594
781,0.0,0.12774990431024702,0.060913441272814076,0.06620957394636158,0.11771017666532237,0.1016398157950254,0.07934876603729957,0.10307024078778343,0.08690933158849722,0.17204338314793063,0.0844053664487618
782,0.0,0.12757488340223114,0.060842169577556574,0.0672627364078073,0.11842421249509189,0.09961173007480816,0.07891139035856247,0.10354723702283147,0.08865591211392229,0.17132366210242106,0.08384606644481078
783,0.0,0.1274193704786088,0.060776596301843504,0.06831158137170092,0.11906889851113846,0.09764746920098388,0.07851862438352748,0.10390468298894767,0.0904508814121764,0.170532929561973,0.08336896578914313
784,0.0,0.12728316674712914,0.060717686401126146,0.0693548887907779,0.1196433518343716,0.09574938666208559,0.07816962449966822,0.10414479117222188,0.09228648567843686,0.16967909726026892,0.08297152095395717
785,0.0,0.12716609610180754,0.060666338318639795,0.0703914368370762,0.1201468566973738,0.0939197436117711,0.07786322935677072,0.10427031654861237,0.0941547099119098,0.16877030706772092,0.08265096554836121
786,0.0,0.12706800809958582,0.060623379611856223,0.07142000218492793,0.12057886852568661,0.0921607032280543,0.07759796744682905,0.10428453599679843,0.09604732007352008,0.1678148667867148,0.08240434804607037
787,0.0,0.12698878075121625,0.06058956289305001,0.0724393602963656,0.12093901768652095,0.09047432479683266,0.07737206649379187,0.10419122526750486,0.09795590649772658,0.16682118539181012,0.08222856992522472
788,0.0,0.12341259626039101,0.07726425602110097,0.07527392572125553,0.10533573448538576,0.09448493617026694,0.05195796824665198,0.11579936948840247,0.11709918287680403,0.14819714741735904,0.09117488331242578
789,0.0,0.13609732665689533,0.11161527054796334,0.044436624918851295,0.08353189531502841,0.10228621271482852,0.05981211198967832,0.04805011968957927,0.12922740783037465,0.1817379084800607,0.1032051218567836
790,0.0,0.14020406077958336,0.12026550968267863,0.038358406487646046,0.07609567636216054,0.09791559003786061,0.07143620735801028,0.027314196052135507,0.12373320406486134,0.2043969677515233,0.10028018142358401
791,0.0,0.13673175754836378,0.1217809626079025,0.04918409529426426,0.0678327665613636,0.08835202088861685,0.07461513213514162,0.0441783875758876,0.11688195252730156,0.2069752466102857,0.0934676782509164
792,0.0,0.13590222706564545,0.1223925606060904,0.049814003117349924,0.06767259186675104,0.08734474864152433,0.07516519010559156,0.04520144111386504,0.11544826121847711,0.20744154399274686,0.09361743227200234
793,0.0,0.1255939850746284,0.11097609779601696,0.07191310254763082,0.06620668967704921,0.08145658103383104,0.06986672502467173,0.09485972469639857,0.11249199787820251,0.173825196326955,0.09280989994465996
794,0.0,0.12383423490789683,0.09946268802468022,0.07341447564725215,0.07781456763745681,0.07937619236353767,0.0788587013835942,0.10192612029230076,0.11057096531342211,0.16046803059274084,0.09427402383716287
795,0.0,0.12418960065445558,0.09874744625646885,0.07280180081929387,0.07949090749897886,0.07798189037964756,0.08073043667416048,0.10052218094892477,0.11080835784338519,0.1613533384698057,0.09337404045492353
796,0.0,0.12463691199757286,0.09794344466423004,0.07215472543755692,0.08119878113285207,0.07660978017234166,0.0826110513248304,0.09906112820722662,0.1110354961138767,0.16231941063641178,0.0924292703131454
797,0.0,0.12517436990448616,0.09705288921684362,0.07147385215046584,0.08293518077923094,0.0752652232757333,0.08449321725940985,0.09754964180266135,0.11124821260409476,0.16336552193803675,0.09144189106908206
798,0.0,0.12579993783835647,0.09607825895618508,0.07075982564996641,0.08469700158182582,0.07395359047329014,0.08636954881595206,0.09599446565170545,0.1114425708615669,0.16449023185516254,0.09041456831603369
799,0.0,0.1300183277530624,0.08487729160907725,0.06374053068457233,0.09707979567016223,0.07874580953284518,0.09438180651915037,0.08554232307276095,0.10593672682949057,0.16631932585839324,0.09335806247053013
800,0.0,0.13858271133521294,0.06932933325056692,0.048989680992527644,0.11695666673162503,0.08732080907954662,0.10760138021070763,0.05930396138376504,0.0932509072679831,0.1806205684228195,0.09804398132529041
801,0.0,0.13972254105299559,0.06813504943487264,0.04803958639193983,0.11886723650598541,0.08628474807594391,0.1090668389613446,0.05740986540696494,0.0925318422364662,0.18272234995430328,0.09721994197922848
802,0.0,0.1408953568691983,0.06691065179021785,0.04709499793544452,0.12074691157887783,0.08532081758772384,0.11044265127940861,0.05557609480504129,0.09179957984550172,0.18479002780217257,0.09642291050645842
803,0.0,0.14379292243814049,0.06283293104747269,0.04318552826565074,0.1265875975173379,0.08617223050768982,0.11374390961355436,0.04818660004964173,0.08802907404899238,0.1907649608079888,0.09670424570357582
804,0.0,0.14499359887886465,0.06159334539039223,0.04234828965415071,0.12835130541540773,0.08533330005978633,0.11479692111800172,0.0466202791351895,0.08725949709983734,0.19266429769388257,0.096039165554532
805,0.0,0.15134150130241164,0.04996950562043084,0.03305766972084463,0.14720511407401055,0.08753571761598491,0.12016818393672273,0.0253135266280484,0.07442774172782844,0.21275916503790818,0.09822187433585447
806,0.0,0.1522571437972457,0.04892223745534569,0.03305427958508152,0.14849856187684685,0.08647434580358619,0.12030613159411692,0.02492070844953328,0.07413049823865706,0.2136696915565582,0.09776640164307354
807,0.0,0.1410682537531805,0.05397763745704715,0.05557194396331561,0.15202776150194972,0.06562098308158557,0.09770816592649792,0.050038144956541866,0.08493174665953714,0.2087917662029047,0.09026359649748464
808,0.0,0.14381985008116066,0.052296827280637385,0.07890941833089597,0.14029766454616824,0.04747774141912919,0.08688446927424824,0.06412489041223594,0.11317480960392924,0.20147887715929214,0.07153545189234804
809,0.0,0.14463684564258206,0.05153112843138788,0.08016635558897459,0.13941776205959674,0.04689513100916554,0.08689155405127945,0.06387233729138003,0.11454427433297276,0.20205325324024506,0.06999135835246081
810,0.0,0.14546203852270834,0.05077634163052747,0.08141362931362751,0.13847234461264732,0.046403847314035435,0.08688735551300503,0.0636052369180063,0.11582826876602441,0.2026915839312298,0.06845935347823337
811,0.0,0.14629447882916055,0.050033694961789395,0.08264966901304187,0.13746359620996862,0.04600391917981444,0.08686890077952439,0.06332848684906116,0.1170210844665561,0.20339070542946816,0.06694546428166048
812,0.0,0.14361292124872257,0.06392180091173819,0.0889378686827292,0.12093531280857214,0.047967344132561686,0.07312374477488517,0.07355477316014278,0.12280857375540072,0.1947373111698026,0.07040034935549026
813,0.0,0.14412147146762755,0.0680615173600798,0.08992410775148546,0.11473044764075149,0.050011580594880194,0.06960793208745644,0.07437219084236069,0.12331091044192785,0.19319107801640395,0.07266876379707184
814,0.0,0.14528091502580417,0.06747047908249675,0.09063054133251898,0.11323396819544708,0.0504177160137376,0.06969637089451274,0.073575587419215,0.1231752091008987,0.19419842047676666,0.0723207924586476
815,0.0,0.1464586927584651,0.06688514237399713,0.09130801807663988,0.11170411195997992,0.050900327238624074,0.06975108508533664,0.07280814193905791,0.12291749659660016,0.19517024026865185,0.07209674370269266
816,0.0,0.14728538763033877,0.07263589360346644,0.09104011070091046,0.10405998852960174,0.054767605469929585,0.06551712435813306,0.07275681081671487,0.12160750257893754,0.192678315919766,0.07765126039224682
817,0.0,0.14858654371549052,0.07208821763089059,0.09149896642487504,0.10243830812208284,0.05552387655308051,0.06551905968467704,0.07193572509388899,0.12083754584761551,0.193418182282382,0.07815357464506235
818,0.0,0.14990816589666112,0.07154283944391705,0.09192396747198973,0.10080217954399785,0.056341454786083656,0.06547870404854958,0.0711577806873753,0.1199645022962634,0.1940632437705997,0.07881716205460819
819,0.0,0.1512496023829026,0.07100001190547715,0.0923139532173297,0.09915589863377118,0.05721717572432353,0.06539421506591704,0.07042507226270292,0.11899373142261833,0.19460232090502982,0.07964801847997335
820,0.0,0.15261022133409938,0.0704599363475314,0.09266779885880647,0.09750383055179322,0.05814766205785386,0.06526403443194925,0.06973934535007154,0.11793099433862014,0.19502459732478267,0.08065157940453782
821,0.0,0.17137582821401048,0.0490227483575909,0.09838375513061974,0.08987856998418606,0.06250710811262,0.0718889728824524,0.06465238442119053,0.10581416371672059,0.2075743021436018,0.07890216703705326
822,0.0,0.17178323617251862,0.05701887667965058,0.09687302884141497,0.08174750207175882,0.07037703976455867,0.062499038358460254,0.06647280366341143,0.10080422003681914,0.1928121435739758,0.09961211083747759
823,0.0,0.1732044777366123,0.05659143329961991,0.09673036179877875,0.08044537712570618,0.07166889631500073,0.061633321517517076,0.06661533600893373,0.09918030449705698,0.19100985063857195,0.1029206410622484
824,0.0,0.17434603105120824,0.07751585860119273,0.0879559354834652,0.06716517947254959,0.08502463896226381,0.04641813428332598,0.061153310896515344,0.09140444239309027,0.15589594715986163,0.1531205216965733
825,0.0,0.1762510164624119,0.07679747328841362,0.08735435953269761,0.06647422506783197,0.08575701279985724,0.04586717220802544,0.060828616682608895,0.09015712436832123,0.15311144095115253,0.15740155863872568
826,0.0,0.17818183460096954,0.07605715990411357,0.08671375559149516,0.06586117555844016,0.08643075361279716,0.045318863146212085,0.06051558481881715,0.08898127101391251,0.15023340282597453,0.16170619892731444
827,0.0,0.18048000935966024,0.07934023543254194,0.08382137745713818,0.06416217882097767,0.08773513974771513,0.04363146818721133,0.05722752181421019,0.08764532166754606,0.1423865011424164,0.17357024637062893
828,0.0,0.18580146691858704,0.09282663399604306,0.07408219106674524,0.06365795133897417,0.08126461487210411,0.04713927836639198,0.03872457816668944,0.08906341009731361,0.13869526592547682,0.1887446092517208
829,0.0,0.18827465772035473,0.09132217447389024,0.07342002633878635,0.06380964276609269,0.08062117315303721,0.04752402875640108,0.03799568399204421,0.08890428744744154,0.13739962294969574,0.19072870240230266
830,0.0,0.19078299713109967,0.08977108259975981,0.07274683536616014,0.06402320337497304,0.07990148908786472,0.04794542113958357,0.03726455096991986,0.08882414070861148,0.13624519283883363,0.19249508678324043
831,0.0,0.20089071405322162,0.08324328142549167,0.08044624395684019,0.07297610128530257,0.036193282819939554,0.07857262162521976,0.023472991067153663,0.08793872174797195,0.24852375896404655,0.08774228305485894
832,0.0,0.20336887057033037,0.08035890018701955,0.08080259219060652,0.07281291608354218,0.03515223377809182,0.08018225711187672,0.023684107929896673,0.0876937211660757,0.2519449131686749,0.08399948781393216
833,0.0,0.20585491591869115,0.07746660043079788,0.08114792114694816,0.07265356268188197,0.03412280542798167,0.08178727579121677,0.023910754090057194,0.0874246191235675,0.2554258733166711,0.08020567207223318
834,0.0,0.20834380176454392,0.07457307649092822,0.0814800501735811,0.07249794737211282,0.03310833925887486,0.08338395801159358,0.02415331784993276,0.08713036942303942,0.2589527807870774,0.07637635886836266
835,0.0,0.2108304151968832,0.07168513074683408,0.08179674888879755,0.07234597424736729,0.03211220485964476,0.084968549714891,0.024412154632902947,0.08681018898291232,0.2625111027707329,0.07252752995908071
836,0.0,0.21308072249128282,0.06562517057690584,0.08475673164593123,0.0711588704845284,0.03133072711329869,0.08666118333142482,0.02955655037610204,0.08299338986919025,0.27371528912948273,0.06112136498189981
837,0.0,0.21542889695046746,0.06277994324610063,0.08504800349056306,0.07090285010449948,0.03064505120313646,0.08817444743731674,0.02997791547098102,0.08248968669436792,0.27689186933234045,0.057661336070273614
838,0.0,0.21499778219401836,0.05100307829521357,0.08927708027138365,0.06408216435863903,0.04494234994588103,0.08344638644910696,0.04925210386974268,0.06909052455963073,0.26639843663623214,0.06751009342019887
839,0.0,0.2167947719969257,0.04856960769961102,0.08932277986093379,0.06364443733508784,0.045210753683837916,0.08467465306017043,0.04979423906256956,0.06842009776254052,0.2668538862372798,0.06671477330109057
840,0.0,0.218540076515725,0.046221046142039014,0.08931507454569915,0.06322958241734972,0.04551001009285877,0.08586212135155781,0.050322473562256984,0.06776675489661288,0.26710382831778196,0.06612903215816592
841,0.0,0.23457386213345535,0.029586555073598385,0.08903902245345824,0.06300167775736806,0.037597573245101344,0.10125078054331116,0.047988366305141535,0.06634358914297667,0.285731663621133,0.04488690972450333
842,0.0,0.23578444520050088,0.02818560250981162,0.0885186847428059,0.06286147794311504,0.03799787206885766,0.10198183054248473,0.04845335994652316,0.06587908947899551,0.2848005167459574,0.04553712082099544
843,0.0,0.23612853489207214,0.026300275892131977,0.08331126714478437,0.061095154160727604,0.05040542122883514,0.09606579668847558,0.053966239597342334,0.06331263099784232,0.2568533846509654,0.07256129474687031
844,0.0,0.23689877404927806,0.025454586652628404,0.0825196954039829,0.06101643045914973,0.05118691016421748,0.09653765760921228,0.05423260674136901,0.0631204898354621,0.254271902717461,0.0747609463672863
845,0.0,0.23757174260053737,0.02474767499455696,0.08166669449188943,0.060965147386978794,0.05200917346045838,0.09694863790726217,0.05447079356213725,0.06298118870430061,0.25148069440066284,0.0771582524912634
846,0.0,0.2364202200806914,0.026372605911864216,0.06945256092602997,0.05913331019823227,0.07417969287124103,0.08741803964418432,0.05640424501776388,0.06432429650401672,0.19172180174451423,0.1345732271015094
847,0.0,0.23649288810792277,0.026346630904834984,0.06847493380486731,0.05922137612305961,0.07515450125121438,0.08764629964913229,0.05620864069904443,0.06468354859762594,0.18775880515916063,0.13801237570318525
848,0.0,0.2364670541149083,0.02645030709026415,0.06745874223372154,0.059338875777364,0.07614109857164328,0.08783003317661148,0.055977475813823535,0.06509947617164889,0.18375255542594654,0.14148438162411592
849,0.0,0.23634296012274952,0.026682197092782654,0.0664062997675309,0.059484955164512805,0.07713880507613943,0.08796967861468431,0.05571096887522964,0.06557082015629681,0.17972061936438846,0.14497269576573307
850,0.0,0.2361211031750838,0.027040493590293944,0.0653201008303066,0.05965865910437843,0.07814690415903634,0.08806576089708873,0.05540945907962723,0.06609607140151019,0.17568093377478577,0.14846051398793664
851,0.0,0.23580223213531976,0.027523026817624533,0.06420281211587678,0.05985893707112347,0.07916464223019196,0.08811888853186313,0.05507340627431192,0.06667348278805849,0.17165170869905613,0.15193086333662167
852,0.0,0.23390787413092187,0.031692100080003414,0.053388647037283216,0.06063926012750345,0.09359062218420673,0.08351093572897142,0.04832654375808792,0.07365457944275867,0.12665054985213642,0.19463888765817466
853,0.0,0.229974605884048,0.032985841471014854,0.05394327870723179,0.06861551115771786,0.08433867015325026,0.09833950317113078,0.01672260237549389,0.09379259374903233,0.12703323161542715,0.19425416171570092
854,0.0,0.22896107125059695,0.03182609406652938,0.05932351203099858,0.07018922344651862,0.07584790108710554,0.10326573663218346,0.013132275108593449,0.09533982441926592,0.14854874532722515,0.17356561663103098
855,0.0,0.22794342376735233,0.0323208572086262,0.06047876870135276,0.0702637406064111,0.0746103339516756,0.10387431281657938,0.012813246567621783,0.09552458587300058,0.1532003061263178,0.16897042438111062
856,0.0,0.22687289607242564,0.032854137955822836,0.0616639972564147,0.07032378291379575,0.0733908090367875,0.1044381417129769,0.012538735803248905,0.09565345119054448,0.158047285467259,0.16421676259077234
857,0.0,0.2257514429583483,0.033423642638587464,0.06287920586247536,0.07036856834029395,0.07219163952438275,0.10495523030278434,0.012310572173597378,0.0957258186563439,0.16307157856523646,0.15932230097799818
858,0.0,0.22128641453807177,0.027974144205316777,0.08910916734054738,0.07143477456492514,0.04229322909858211,0.11613514917876476,0.01288206967858381,0.0907307233390845,0.2598794714638826,0.06827485659228953
859,0.0,0.2175530964804307,0.030734368243421097,0.0913922375427275,0.07012356302413777,0.042503478207666257,0.115333707228403,0.014127088835085119,0.08899353599352666,0.26656255160577746,0.06267637283887305
860,0.0,0.2163201012246244,0.03122382927172954,0.09304876670953832,0.06976635095735541,0.041755768365165716,0.11511677661421707,0.014876670856642018,0.08814429673213497,0.2712604417981339,0.05848699747050731
861,0.0,0.21505891899656046,0.031729669751371176,0.09471037651157799,0.06939850627255259,0.04106551984395222,0.11482913024660688,0.015679523604677538,0.08726694964944107,0.27572303093080475,0.054538374192504055
862,0.0,0.21377134202941828,0.03225043465904975,0.09637541339298421,0.06902157760552953,0.04043234698481716,0.11447129850970221,0.01653451341618442,0.08636515418368093,0.2799298437129008,0.05084807550578138
863,0.0,0.21245917423877006,0.03278468395113843,0.0980421677512582,0.06863722276737133,0.03985565264207609,0.1140440451863163,0.017440344517387858,0.08544261745079201,0.2838615037557627,0.047432587739175684
864,0.0,0.21112422775923673,0.03333099560468795,0.09970887773824413,0.06824720244045443,0.03933463224941563,0.11354836614334192,0.01839556428288462,0.08450306993805522,0.2874998434274081,0.044307220416320146
865,0.0,0.2104317694682471,0.031041090798570075,0.10548528718652352,0.06808357797515789,0.035806074052855484,0.11279994932087828,0.021437698887448,0.08232961832762747,0.29951670691167126,0.033068227071069545
866,0.0,0.20914500388652862,0.03152931767039987,0.10713192814128011,0.06764640954114941,0.035473752941454585,0.11211360208138563,0.022565460966753974,0.08133290103868543,0.30193933136709955,0.031122292365311634
867,0.0,0.2114337919091742,0.017443009019117075,0.12753885399933032,0.06707758992937404,0.027395797957045238,0.1028512162802914,0.04161018848933874,0.07445776382283698,0.3144995539174156,0.015692234676125256
868,0.0,0.21205902178521424,0.013134331047919095,0.13185410087708,0.06617600787147117,0.0331870202456823,0.09078991017837637,0.05636670875843118,0.07288054553584124,0.28024915504883274,0.04330319865120075
869,0.0,0.21181176803741208,0.013095365206143341,0.13222730538093427,0.06593575466653091,0.033956015372481795,0.08973594059849654,0.05734841373930833,0.07230409034452273,0.2752982459717047,0.04828710068251419
870,0.0,0.2113977081916668,0.014389855663924981,0.12632750960063033,0.06671477458032012,0.046574347457661036,0.0779582693388235,0.06643855473917294,0.07520116818953433,0.21932670728477752,0.09567110495353745
871,0.0,0.2115367389104103,0.014243763382820072,0.12598840210422052,0.06685881437956273,0.047467604544671686,0.07710070080720936,0.0668465804687506,0.0750323440390842,0.21322266259986405,0.10170238876345564
872,0.0,0.20848349903694396,0.02597931569809941,0.10083438066790883,0.0733734253870278,0.0716945000495606,0.06591053285711476,0.06533048018606646,0.0875206253589673,0.12196987500309502,0.17890336575526528
873,0.0,0.209215933410286,0.02557168806830478,0.09982934146968582,0.07410326731571115,0.07204421671621804,0.06581768407163088,0.06467253856836414,0.08778922908778983,0.1181724481078884,0.18278365318417028
874,0.0,0.21237411349402552,0.022413946638577337,0.09945916629990709,0.0759005460156443,0.07078527177551898,0.06576494751024055,0.06364389162711383,0.08679995258014192,0.11275180101095875,0.1901063630479212
875,0.0,0.2140914932527239,0.02091300628139261,0.09862905785147029,0.07749795306736454,0.07014320573246563,0.06564908653680658,0.06270200407156179,0.08616992346694724,0.10915769675427511,0.19504657298504213
876,0.0,0.21437050464230645,0.020876805953057406,0.09758261826337182,0.07846690308227665,0.0703882478600211,0.06555634867162784,0.062001630704550746,0.0864555727803117,0.10680004257641877,0.19750132546610746
877,0.0,0.2119362813247767,0.025830055837681547,0.08633267754684688,0.08614282170862778,0.07427987254419192,0.06738277935673886,0.05364792417433119,0.09418988154342388,0.09541649776975022,0.2048412081936811
878,0.0,0.2083186088989976,0.03246456051400124,0.07406666679218163,0.09874872411221282,0.06761161876384092,0.08037541738144048,0.03492719532801949,0.10432330950685571,0.12818619620256694,0.17097770249993338
879,0.0,0.20802459488276356,0.03318675203299115,0.07292765048790098,0.10362237578590047,0.058026516797863595,0.09001085755655287,0.026068161802826277,0.10642478912671571,0.1665004452584046,0.1352078562681309
880,0.0,0.20931908646290115,0.03287728986120812,0.07185859268324012,0.1046248668557397,0.056452642355450035,0.09081792654680648,0.025377458366855947,0.1057915174657666,0.17242141212508758,0.13045920727699462
881,0.0,0.20984437817026783,0.032835753112007475,0.07140118059159924,0.10526335862756589,0.05516787043479733,0.09165663401181406,0.0246976998915966,0.10551642181493649,0.17749536082319115,0.12612134252227422
882,0.0,0.21030703906340703,0.032877659610903304,0.07094113239342684,0.1058642836721034,0.053917783816373625,0.09245609726242786,0.024057952146332044,0.10521639254705784,0.1825701061296052,0.12179155335841325
883,0.0,0.21070626774179083,0.033005145133156805,0.07047668755546711,0.10642654979453678,0.05270572641910171,0.09321370012154614,0.023459203283463754,0.10489232069264177,0.18762398199563068,0.11749041726271489
884,0.0,0.21104146742506547,0.03322004688544619,0.07000615434243301,0.10694914112749454,0.05153494924241956,0.09392692532573785,0.02290233209672443,0.10454517005852763,0.19263551569867474,0.113238297797527
885,0.0,0.21131225139989776,0.03352389020662808,0.06952792198543944,0.10743111743559186,0.05040860008354786,0.09459336481230138,0.022388105232799063,0.10417596468829024,0.19758354326236877,0.10905524089318612
886,0.0,0.212467709068603,0.03164206028270228,0.07506119306636613,0.10886162984805642,0.03541145788222524,0.10411571528719396,0.018093532819436205,0.10372780979888646,0.24638104394832855,0.06423784799825231
887,0.0,0.21266097220491886,0.032155150013880134,0.0747218306901535,0.10886034494900652,0.03448981676382362,0.1045077048389448,0.018087650726615372,0.10315750555285842,0.25004757621236895,0.061311448047480524
888,0.0,0.21279085586283897,0.032764623509344726,0.07435821103796988,0.10881256173035121,0.03364338662150845,0.1048325559793655,0.01812653989098195,0.10257338412396173,0.253473595637865,0.05862428560586328
889,0.0,0.21285803723624058,0.03347018229334957,0.07396902758333122,0.10871866106593608,0.03287389166508262,0.10508912888426435,0.018209667164056326,0.10197637586704593,0.2566477264791852,0.05618730176155895
890,0.0,0.21286341569837675,0.03427115296154006,0.07355314737382163,0.10857908494237903,0.032182870438345515,0.10527646625118577,0.0183363914281558,0.10136735901615479,0.2595599509096421,0.05401016098044948
891,0.0,0.21280811061292285,0.03516648675363752,0.07310961798880676,0.10839433218532535,0.031571672638489506,0.10539379693530479,0.018505965367584858,0.10074715218038141,0.2622016610212217,0.05210120431637621
892,0.0,0.21467285561583244,0.033941177422356694,0.07689759341675809,0.10633723246073618,0.024944514795258423,0.10777345579283466,0.0196091209015884,0.09918677185704111,0.2796237915139995,0.03701348622364557
893,0.0,0.21451592827752802,0.03505507814468399,0.07639471664113792,0.10585320503787467,0.024714831219757913,0.10758059135579712,0.020072806467070804,0.09849241427230643,0.2806249884918299,0.036695440092064296
894,0.0,0.2143044063425852,0.03625712648606405,0.07585653783804286,0.10532908070167088,0.02457355061222131,0.10731502522381992,0.020571461112301962,0.09779040900029841,0.2813277708856137,0.036674631797432834
895,0.0,0.2140402997689155,0.03754452545099681,0.07528301736933016,0.10476600989545201,0.02452057306085638,0.10697725469592591,0.021103609953892818,0.09708105365771683,0.2817352136758359,0.03694844247112871
896,0.0,0.21519784500782516,0.03767218102682692,0.07658020504867279,0.10258205476485213,0.022549185429143317,0.10677795329027828,0.022806024048982274,0.0957412323534538,0.2855695570941548,0.034523761935861895
897,0.0,0.21484068890401162,0.039134178292382596,0.07591560103654549,0.10185290145419723,0.022811318637772002,0.10620889986520035,0.023483325604809816,0.09499712605998237,0.28486569547305457,0.035890264672095225
898,0.0,0.21120736255231404,0.04696703163544019,0.07133845147457772,0.10047186403722741,0.026025470859985723,0.10363204145434717,0.025014222250878227,0.09256272156731465,0.27825818390393314,0.04452265026403317
899,0.0,0.21064343430257237,0.04875189161530504,0.07053378929068234,0.09967185687308248,0.026562776113505535,0.10282086493512815,0.025735434080723405,0.09180518694544311,0.2768064484430695,0.04666831740053945
900,0.0,0.21004856053069604,0.0505892694733435,0.0697001729406105,0.09884294967739482,0.02718088032656719,0.10194774324940133,0.026475981825032684,0.09104030350950798,0.2751362921358728,0.04903784633162468
901,0.0,0.2094260108658679,0.05247388565601091,0.06883932743279972,0.09798630276766424,0.027878155819748274,0.1010146662654973,0.027233880516850804,0.09026781254562491,0.2732627785516043,0.05161717957838326
902,0.0,0.2087791295961013,0.05440028518171878,0.06795314014970019,0.0971030629884856,0.02865282996978162,0.10002376099201483,0.02800711436549195,0.08948742377792177,0.2712019556706389,0.05439129730819677
903,0.0,0.20811132074491878,0.056362861795941084,0.06704365040302356,0.09619436197595038,0.029502991858701002,0.0989772836679739,0.028793642392332622,0.08869882413646413,0.2689707634371855,0.05734429958756064
904,0.0,0.20742603281043542,0.058355882922261154,0.06611303818385218,0.09526131474277738,0.0304265992143132,0.09787761143253088,0.0295914041625409,0.08790168701942457,0.266586936399125,0.06045949311279086
905,0.0,0.2067267432405723,0.060373515285092785,0.06516361217403577,0.09430501857832291,0.03142148561199882,0.09672723361299673,0.03039832559849375,0.0870956819694836,0.2640689019876729,0.06371948194138206
906,0.0,0.2060169427199453,0.06240985107579066,0.06419779708923068,0.0933265522556582,0.03248536790710496,0.09552874267171055,0.03121232486024418,0.08628048468074416,0.26143567501453413,0.06710626172508881
907,0.0,0.20530011934541378,0.06445893453051574,0.06321812042746668,0.09232697553601485,0.03361585386659765,0.09428482485393785,0.03203131827799916,0.08545578724936186,0.258706748985828,0.07060131692691622
908,0.0,0.20457974276830856,0.06651478878556055,0.062227198700240766,0.09130732895910604,0.03481044996819174,0.09299825058037815,0.032853226321160195,0.08462130857866222,0.2559019848502065,0.07418572048823718
909,0.0,0.2038592483819971,0.06857144287388689,0.06122772322581891,0.0902686339061334,0.03606656933487594,0.09167186462906836,0.03367597958806438,0.08377680484775427,0.2530414978131583,0.07784023539929444
910,0.0,0.2031420216336656,0.07062295872539416,0.0602224455666591,0.08921189292070464,0.03738153977259967,0.09030857615244939,0.03449752480014797,0.0829220799515635,0.25014554286040264,0.08154541761646537
911,0.0,0.23290489399790304,0.05954246739088584,0.05071529822519554,0.04417592469946133,0.09213517701230572,0.05554184819554521,0.04518580069407154,0.06763105331244844,0.18905867603875834,0.16310886043347717
912,0.0,0.22999231910295467,0.06270140791418341,0.04981191061254004,0.04330991110805023,0.09467675053728881,0.05377520746181719,0.046115718432704844,0.0661512202339797,0.19159349406969306,0.1618720605268403
913,0.0,0.22852863274536328,0.06442575845367392,0.04915934082893262,0.04248387690897143,0.09664118826980876,0.05264224103525754,0.04646917051657455,0.06535350978596044,0.19270424196776506,0.16159203948774464
914,0.0,0.21921678054777505,0.07640552494184488,0.042736729342898794,0.03177102224561264,0.1163660840885459,0.049065449793137,0.04027549925917071,0.06586588902773738,0.18998830876271847,0.1683087119906114
915,0.0,0.21711536595998013,0.0781506919152536,0.042542016285829806,0.03167989275710722,0.11728246195402775,0.04857460892988744,0.04046410552717587,0.06557780999600737,0.1937476576756764,0.1648653889991066
916,0.0,0.21500400649142687,0.07987797269216226,0.042362461006698035,0.03163697310394563,0.11814543238144047,0.048100533670575776,0.04065211487785793,0.0653604527429384,0.19761077999969598,0.161249273033311
917,0.0,0.21288515447588396,0.081584588946843,0.042199166257120474,0.03164067679120063,0.11895594520869504,0.047642821881193335,0.04084026766037576,0.06521783248477014,0.20155143548341012,0.1574821108105599
918,0.0,0.2107612576188343,0.08326780201191603,0.04205322938668543,0.03168931422604143,0.11971504317990357,0.047201082859247595,0.04102932113494963,0.06515375479220863,0.20554297492979687,0.153586219860469
919,0.0,0.2086347558358891,0.08492491648267923,0.0419257392110796,0.031781101295663784,0.12042385100637255,0.04677494656970933,0.041220046674593905,0.0651717894027153,0.209558489958911,0.1495843635624387
920,0.0,0.20650807813665853,0.08655328365313351,0.04181777302185024,0.031914168003974244,0.12108356440929079,0.04636407271412285,0.041413226801977614,0.0652752448661618,0.21357096378317578,0.14549962460970714
921,0.0,0.17462362508182308,0.10524797272677443,0.045398221609178724,0.044900234305828575,0.10169346883483535,0.07026536419836153,0.030745024135898087,0.09268295892094243,0.23159762780992035,0.10284550237649022
922,0.0,0.16155520581005636,0.10384475939420046,0.05315598069312756,0.06184264170668666,0.07545597445317241,0.08961289709911618,0.03141049514931662,0.11437049240089046,0.2342352171714609,0.07451633612202538
923,0.0,0.20195542067236774,0.026365332594432276,0.060419985803807454,0.09299785333616398,0.07128135647226873,0.09766348527482724,0.05346999259049687,0.11865378629229391,0.20768011368539666,0.06951267327799798
924,0.0,0.20248960980015862,0.0256616409728819,0.06009597297578684,0.09192358970584776,0.0747246981399262,0.0960547672446747,0.05302175665690105,0.1176319257915216,0.20665368288520716,0.07174235582714716
925,0.0,0.20296486730981586,0.025016223542189967,0.05978752967304387,0.09080473217579516,0.07821271328328455,0.09444064578917022,0.052564715876514075,0.11657479663824648,0.20576698425562584,0.0738667914563671
926,0.0,0.19942143969759818,0.028919685163428414,0.059266148618763045,0.08314387420223061,0.09423847796040971,0.08706617592855043,0.049193209395733704,0.11518029447339607,0.19979572283385671,0.08377497172608625
927,0.0,0.2055658602664586,0.020268859435953693,0.05746223172290481,0.08017477432405452,0.11096406775777844,0.07970688469594506,0.049012595407082554,0.10285874117621355,0.2068948366065598,0.08709114860710208
928,0.0,0.2052968611632449,0.020487614011543753,0.057122498220789505,0.07884494537287717,0.1145672843926601,0.07818382939108122,0.04846513286394803,0.10156286248911717,0.2077543654009096,0.08771460669388156
929,0.0,0.2049380663292328,0.020813189696869357,0.05677028768643279,0.07751827660680075,0.11814287724527368,0.07668126171352949,0.04792446396734914,0.1002597256792115,0.20875765158771528,0.08819419948763824
930,0.0,0.2044886020707996,0.021247495806251786,0.05640363105263542,0.07619891733552019,0.12168476898512733,0.07520110983496979,0.04739188501571181,0.0989531023596499,0.20989780178175999,0.08853268575762736
931,0.0,0.2039479258951522,0.021791977058152105,0.05602072076627475,0.07489093170946022,0.12518700566122004,0.0737452408569247,0.0468686332127721,0.09764694978590886,0.2111669366755189,0.08873367837866933
932,0.0,0.20391365406453843,0.021404128711650525,0.05499120324730693,0.07312870148634565,0.13259063303554758,0.07058912305782451,0.045987727313649696,0.09247381827589138,0.21671000568012433,0.08821100512717428
933,0.0,0.20308931012674974,0.02232333661641616,0.05451483289620897,0.07188410051795316,0.13595186793766323,0.06922703841266503,0.04542572301089792,0.0912380834360347,0.21841808723453102,0.08792761981093351
934,0.0,0.20217247995786383,0.02335621311598568,0.054016909071432584,0.07066634363997264,0.13925044680872473,0.06789562046746234,0.04487859198953138,0.09002271281553542,0.22020401631297312,0.08753666582057185
935,0.0,0.15074277141305195,0.08817508259750008,0.03822235927126963,0.10525467645049498,0.10437317247322334,0.07600859735392022,0.034417006248114584,0.08774795571966972,0.21695340790011441,0.0981049705726948
936,0.0,0.14977609982538725,0.09017885362305224,0.03722021320163483,0.10456322536017583,0.10543630119419965,0.07544758028466811,0.03475991378582974,0.08763405460895121,0.21400353595630933,0.10098022215984559
937,0.0,0.1846490558903239,0.06722288520447088,0.048905012444737675,0.08358635572677543,0.10653704572115136,0.05802510593340684,0.04500960126960924,0.07763123603675001,0.18571316769404556,0.14272053407878282
938,0.0,0.18476059954693583,0.06791182438020477,0.04803906713097379,0.08199752968130518,0.10905429486411533,0.05694769368381386,0.045593688266801755,0.0757111673687213,0.18692161248341002,0.143062522593772
939,0.0,0.18489612582898035,0.0685536411116136,0.0471912661139638,0.08043610374927027,0.11152628216897784,0.05590724233515003,0.046143207828021185,0.07381410575686054,0.18842068952572238,0.14311133558149397
940,0.0,0.18505488018519176,0.06914817559888414,0.04636276151989021,0.07890339314276737,0.11395063938514004,0.054903982709117345,0.04665772256154763,0.07194630382134826,0.19020222396642283,0.14286991710974448
941,0.0,0.18523596342132148,0.06969549802590044,0.04555464925740967,0.07740057425962661,0.11632521239651696,0.053937954030087894,0.047136962716165076,0.07011406527073707,0.19225635377018194,0.1423427668521069
942,0.0,0.1854383348334567,0.07019590763689666,0.04476796363179107,0.07592868902770142,0.11864805714852576,0.053009011082406854,0.0475808273050168,0.06832371773245043,0.19457158993243232,0.14153590166937613
943,0.0,0.18566081610557816,0.0706499305563368,0.04400367243563056,0.07448864971052371,0.12091743457709847,0.05211683245113395,0.04798938440590885,0.06658158497187447,0.19713488552832129,0.14045680925764795
944,0.0,0.18590209595785462,0.0710583163571855,0.04326267254733702,0.0730812441257146,0.12313180459513542,0.05126092979658281,0.048362870624920895,0.0648939586445541,0.1999317131836409,0.13911439416712862
945,0.0,0.19806629839568707,0.062081831188188774,0.04241640135926472,0.047927368541330104,0.1617955010460169,0.0323150238721504,0.04456422581033891,0.043143677410877476,0.2554132923560198,0.11227638002018031
946,0.0,0.1973550137224581,0.06281004423175975,0.04197511119574826,0.04715184537799804,0.16344097335781654,0.03159860350084846,0.04483985667911452,0.04284657488176521,0.2594102801011218,0.10857169695142374
947,0.0,0.19663094153448862,0.06352571252170147,0.041550287862849894,0.04643350240241121,0.16500135036811675,0.030907711544050268,0.045110817481012026,0.04269600851358728,0.26329999442412183,0.10484367334771515
948,0.0,0.19589399751276185,0.06422875483420526,0.04114276461588864,0.04577158982143033,0.16647653328714015,0.030242027865432737,0.04537865721808182,0.04269442919735152,0.26705770365879045,0.10111354198897178
949,0.0,0.19514413214471754,0.06491908190809968,0.0407533708740055,0.04516525127423913,0.1678665149898944,0.029601306401132666,0.04564494263892124,0.04284378352043432,0.27065933571040296,0.09740228053820715
950,0.0,0.1943813341717988,0.06559659167676027,0.04038293113670704,0.044613530912118136,0.1691713706755057,0.028985386012939592,0.04591124849837799,0.04314549979912622,0.27408160916841723,0.09373049794830367
951,0.0,0.17132186240113964,0.08408998831467962,0.037578046247173216,0.043201650035773545,0.17445903255088027,0.031721613865827794,0.04170278230076282,0.06261537505445236,0.27734211250318525,0.07596753672618034
952,0.0,0.1690947858757837,0.0842901817248945,0.03825770524776925,0.04341328308177605,0.17595642106458823,0.029171215511053405,0.04480056527732726,0.06678768917520689,0.27817810489669004,0.07005004814496552
953,0.0,0.15149302973875017,0.09604524872962782,0.03844485985173596,0.05135007569588437,0.1631824139848976,0.03899198722317951,0.04616090157631914,0.09095500237869017,0.2475995640938744,0.07577691672709581
954,0.0,0.13875254777976553,0.10234809200421502,0.039590801489943296,0.060930391317205096,0.1471713960124451,0.050433482108591624,0.04906115227436787,0.11330112244998405,0.2130134067420828,0.08539760782145477
955,0.0,0.13772888346212087,0.10223315180114151,0.04016711024756337,0.0614976198466781,0.1464870990903685,0.05066445183879013,0.05021268459844943,0.11542912088434018,0.20868225100799428,0.08689762722260878
956,0.0,0.13675685618596267,0.10204524467239981,0.04078721694514115,0.06204460996779538,0.14577516442933441,0.050941389075341646,0.051374016050796084,0.11752637464107021,0.20422627900993157,0.08852284902228229
957,0.0,0.1358368437951673,0.10178470784721784,0.041451111072218376,0.06256965467451306,0.1450362374538006,0.051266988902026696,0.052543004876935084,0.1195854381232541,0.19966610212769328,0.09025991112722898
958,0.0,0.134969082339836,0.10145209505000065,0.04215864494545547,0.06307114990134614,0.1442709781913103,0.051643847333827306,0.05371745372667365,0.12159900782660152,0.19502276589028833,0.09209497479471605
959,0.0,0.134153664916146,0.10104817780252445,0.04290953164873626,0.0635475975091161,0.14348006656744003,0.052074443863957716,0.0548951188081947,0.12355995257758,0.19031763349389774,0.09401381281246256
960,0.0,0.13021727202109484,0.10048638064651451,0.044682376194042736,0.06834258640227964,0.13437502606380064,0.059483434125741176,0.057615512565197834,0.13341199354146388,0.16989831846434497,0.10148709997557517
961,0.0,0.12972960928652622,0.09971990295244308,0.045533797732656305,0.06863313034685226,0.1337412960150058,0.06004845849243231,0.05876157123060108,0.1348079798529336,0.16550657160924878,0.10351768248135607
962,0.0,0.12929228802614992,0.09889121086152362,0.04642481662508377,0.0688867785786182,0.13309621099985386,0.06066986363613088,0.059898190564885066,0.1361165091284803,0.16118098663047112,0.10554314494885887
963,0.0,0.1289041627152991,0.09800284302744394,0.04735417163565084,0.06910297637094559,0.13244028631504268,0.06134905398904605,0.061023172423358155,0.13733277238705952,0.15694112389502599,0.10754943724118393
964,0.0,0.16050564970964745,0.04442355335651755,0.05182227060810785,0.07444890988794463,0.13058619308767555,0.09542141497187277,0.06317901517203202,0.10987157472925758,0.19597795017991354,0.07376346829708684
965,0.0,0.16092418689784982,0.04367265572194184,0.05183952304901317,0.07300924102836415,0.13346314906759474,0.09501190474656192,0.06295089764905895,0.10823719688089711,0.19828639851444305,0.07260484644433111
966,0.0,0.1671637343727804,0.03610887772518991,0.05106331538403543,0.06890958316528914,0.14429692044214318,0.09462713592242791,0.06112622284471812,0.09554533218770106,0.22039120827755965,0.060767669678211005
967,0.0,0.16727358843285295,0.03588751011696816,0.05088797974186064,0.06736739317905406,0.14744493960881885,0.09400643366843241,0.06075783777707913,0.09399823547252606,0.22290225525448001,0.05947382674798364
968,0.0,0.16730157746476412,0.03578110957782632,0.05069276600386751,0.06583412056486243,0.15055758150259518,0.09338587839265146,0.060396559512443895,0.0924778300143332,0.22538074911670708,0.05819182785000475
969,0.0,0.1672467658362864,0.03579105916837535,0.050476018280457974,0.0643146995404446,0.15362872899568938,0.09276638940505909,0.06004408265769172,0.09098798913923942,0.2278131867454317,0.05693108023138039
970,0.0,0.16710857140236463,0.03591822362082136,0.05023626194024343,0.06281403836460375,0.15665225756599463,0.09214896534732293,0.05970205105593138,0.08953248279029423,0.23018627693127694,0.05570087098120283
971,0.0,0.16688676921694093,0.03616294155630876,0.049972214856245145,0.06133700283461306,0.15962204677179287,0.0915346891559386,0.0593720496521505,0.08811496123956662,0.23248701874221273,0.054510305974287014
972,0.0,0.16561142763890588,0.03948071299304176,0.04395325348717516,0.05190761668453997,0.19514001384141552,0.08627580457488092,0.052713367995257505,0.04517691053636035,0.2823016361043753,0.03743925614410374
973,0.0,0.16395711648669686,0.04173535787219131,0.0431003529178316,0.05122659201986159,0.1971163101422132,0.08544747680838628,0.05257078231502179,0.04564647483397068,0.28014904525538925,0.03905049134849358
974,0.0,0.1622634450795744,0.04402713659430086,0.04225107710609507,0.050627604654539124,0.1989254518231234,0.08469451133392233,0.05245991818086703,0.046164966600532015,0.27779988722998417,0.04078600139711791
975,0.0,0.16053682020288687,0.04634669553074023,0.04140872288949374,0.050112225019476056,0.20056228746948881,0.08402225870167847,0.052378854488999434,0.046729875598282025,0.27526506760511404,0.04263719249389669
976,0.0,0.15878378643941082,0.048684476003530035,0.04057674766336517,0.04968172430109617,0.20202202967840044,0.08343597733409026,0.05232551723890354,0.04733859195489986,0.27255637077143496,0.0445947786149253
977,0.0,0.1570109974864557,0.05103075785311316,0.03975875303446063,0.04933706866840567,0.20330027498900496,0.08294080995682672,0.05229769061079872,0.04798841881375475,0.2696863935675931,0.046648835019643106
978,0.0,0.15119651798674963,0.05782482804433625,0.03905445259627429,0.05158184208997435,0.2011115538910806,0.08349598783754526,0.053192820038924296,0.04940460938598056,0.2566686530812106,0.05646873504798066
979,0.0,0.14943741209440847,0.06010237125193908,0.03830514088687619,0.05155153749800794,0.20169666878713682,0.08336642208478583,0.05327138406337277,0.05021892199908864,0.25314567218114736,0.05890446915329342
980,0.0,0.12882838484161158,0.08395634764240467,0.04252747724966751,0.09345674399739197,0.1356330736778077,0.09420928426266319,0.06650171711241389,0.07967974306574711,0.1328647336350331,0.14234249451531586
981,0.0,0.12997382295954102,0.08309913745207026,0.042193736583707016,0.0945080743897814,0.13396346294946368,0.09508019708934158,0.06663041724324727,0.07911045376086445,0.13320999934180477,0.14223069823023535
982,0.0,0.13039114039224295,0.08279222234429146,0.04184980816924114,0.09455951419105295,0.13341353913841547,0.09655135845020839,0.066577875484416,0.07826056182829368,0.13445511121576278,0.14114886878613211
983,0.0,0.13087849211031005,0.08238336630555876,0.041557831002354176,0.0946177648772532,0.13279845692476602,0.09809681931584022,0.06646407747700402,0.07740883129037787,0.13595569649881004,0.13983866419778274
984,0.0,0.13143411193467758,0.08187500075426954,0.041317757761245015,0.09468059912150795,0.1321227966193614,0.09971159917834709,0.0662896416227896,0.0765595561079839,0.13770113253519234,0.13830780436468265
985,0.0,0.1320559286239919,0.08127003307846217,0.041129321886090316,0.09474577941430148,0.13139135264101004,0.10139036332485235,0.06605550447123121,0.07571701699128111,0.13967959660744844,0.13656510296138807
986,0.0,0.13274157424069488,0.08057183569111312,0.04099203615393824,0.09481107144663002,0.1306091113639883,0.10312744388487474,0.06576291740910012,0.07488545917976247,0.14187813762697118,0.13462041300298414
987,0.0,0.13348839396688894,0.0797842327299361,0.04090519246674583,0.09487425737552109,0.12978122809187553,0.10491686254363321,0.06541344169019056,0.0740690704846286,0.14428275351384423,0.13248456713679307
988,0.0,0.13799213481099953,0.07557719498460666,0.04025502031379614,0.09619995361613931,0.1294456038809662,0.10409998611360058,0.06438838792527676,0.07213294928116343,0.15298432697869432,0.12692444209481424
989,0.0,0.1564373308769656,0.05904620376251753,0.03488553895708485,0.0921122365479453,0.1525005952489147,0.08370121315308883,0.05843042634365568,0.06083484601813476,0.20576654944786893,0.09628505964388104
990,0.0,0.1571538414304297,0.05836636765146776,0.03461851363639274,0.09164049748893949,0.1529849852415438,0.08438781578678747,0.05800311714675212,0.06051149249433832,0.20952425438243086,0.09280911474097513
991,0.0,0.15785400051122647,0.05770230070504289,0.03436578116869338,0.0911825490128565,0.15344574018338566,0.08504166540168216,0.05757076204515389,0.060299879875416726,0.21314993744858393,0.08938738364801582
992,0.0,0.16459868492794846,0.051848020174814935,0.027983932696152455,0.07794009503909828,0.19447623175760723,0.053815420326099345,0.052480939629167195,0.05608165363526357,0.26052299060555906,0.060252031208346706
993,0.0,0.16429463316118287,0.05212557863478397,0.027758250841355622,0.07777842032888649,0.19477338667548064,0.05355570457309434,0.052677110229298656,0.0574955870278537,0.2609692631938072,0.05857206533431396
994,0.0,0.1639557212471542,0.05243463306126342,0.027544843406370145,0.07766084503206121,0.19499477822038302,0.05327956019316344,0.05290455547457057,0.05902806475228042,0.2611134257030756,0.05708357290973544
995,0.0,0.16358231525715214,0.05277463430004256,0.027344265709508705,0.07758659450324275,0.19514019699864302,0.052988656405308754,0.05316387781197267,0.06067406698273957,0.26095529930322364,0.05579009272822387
996,0.0,0.16317493051294835,0.05314483974462479,0.027157134641825672,0.0775548246489345,0.19520942893585708,0.05268491678640953,0.05345545320417502,0.0624282341313702,0.26049626093453304,0.05469397645937937
997,0.0,0.16207586912031832,0.05407483963751654,0.026764183284729733,0.07672768329580049,0.19770261767191746,0.049948753910071385,0.05387968366001449,0.06521175088957067,0.260163214547092,0.05345140398302671
998,0.0,0.16152707121975804,0.054551073481510545,0.02663753183697901,0.07683176908141925,0.197516667525566,0.049618485151701024,0.054305253639383995,0.06727100637291247,0.2588135051108641,0.05292763657996353
999,0.0,0.1609492054244906,0.05505007085580783,0.02652825279348883,0.07697651559587723,0.19724911525461591,0.04928874605541823,0.05476221387855191,0.06941596585550033,0.25718257114881715,0.05259734313748999
1000,0.0,0.15387138558311098,0.06041793401031877,0.02710956126378721,0.07461797132730887,0.20373363128304645,0.03908462683851143,0.05758544454916627,0.08045234681008004,0.24653831079690255,0.0565887875378254
