time_step,site_0,site_1,site_2,site_3,site_4,site_5,site_6,site_7,site_8,site_9
0,0.0,0.0,0.0,0.0,0.0,1.0,0.0,0.0,0.0,0.0
1,0.0,0.0,0.0,5.682918427306443e-05,0.45110151151410505,0.9328551798227638,0.00016247993300107247,0.0,0.0,0.0
2,0.0,6.148593922455608e-12,6.231878075525005e-09,0.0009327685467392456,0.4646894799043488,0.9279861002902263,0.0025723540302716856,1.781799073820248e-08,1.7579867294507773e-11,0.0
3,4.856257375738525e-16,4.429026919057409e-11,1.590130330629472e-07,0.0014693911693332887,0.4782317090473023,0.9228980933782028,0.004003677554026828,4.418328780961069e-07,1.2438875130804333e-10,1.922287041934501e-15
4,7.92723940286878e-15,2.2600278098473843e-10,6.402844753292095e-07,0.0021389012454859357,0.4917257864625685,0.9175841313347899,0.005735468775467927,1.7622973866332544e-06,6.276368277877392e-10,2.5725106096008473e-14
5,6.028353456872174e-14,8.111708538435016e-10,1.6497844406935912e-06,0.002946917695686183,0.5051576794418283,0.9120422454977711,0.007759625816405426,4.4980469941386745e-06,2.2332505272986614e-09,1.7838794931917385e-13
6,2.9507487467637655e-13,2.2922180406918792e-09,3.432824688465809e-06,0.003898977243881224,0.5185136500373854,0.9062708513212606,0.010067705520644066,9.263857687453927e-06,6.259948306356533e-09,8.407393823124078e-13
7,1.0995769240297966e-10,4.076835105513623e-08,0.00021887343016122808,0.00528647406236756,0.7588289648720585,0.7409677649840682,0.012176418480827431,0.0005689558353304553,1.0722238426412866e-07,3.0087951815135724e-10
8,1.5880100417810788e-10,1.3281767569570043e-07,0.0002414729802738073,0.006907367267164148,0.7689061908104504,0.7302849524335064,0.01446040996967824,0.0006240579909174389,3.4660616327551145e-07,4.313915155462163e-10
9,2.6968990153164313e-10,2.872325994540215e-07,0.00026876257320884316,0.008766714315556265,0.7787375782694874,0.719414536263226,0.016910891953515625,0.0006871355791527435,7.446974185977526e-07,7.252760071903068e-10
10,4.857998887857634e-10,5.148005096183238e-07,0.00030133213287078547,0.01086929087385598,0.7883179888757655,0.7083652141021346,0.019519064745409292,0.0007588681846547531,1.324988350463492e-06,1.2932802569206275e-09
11,2.7100697632874313e-09,8.904132335118405e-07,0.0004687672952268525,0.013274070914914737,0.8242646928923247,0.6624950403846452,0.022156663001854558,0.001106732621785931,2.245545465814098e-06,7.073349041879849e-09
12,4.758030379972647e-07,3.1295870815356913e-06,0.008830794343602883,0.015410934578086434,0.9997100280926683,0.02997799343737818,0.021944235490548882,0.015493358988763889,6.61903245352769e-06,1.2017948671327233e-06
13,5.000084025252775e-07,7.340499827487927e-06,0.008990352961303133,0.017956849478542505,0.9996429884715574,0.03279938224111501,0.021769288217997916,0.01570243638036581,1.4434714281338745e-05,1.2558618412567207e-06
14,1.2852892129274816e-06,1.4292408626924435e-05,0.011944245668518526,0.020338254004744163,0.9952874301102184,0.13103644370831305,0.021359839954242482,0.01865724741289096,2.6211237691266125e-05,2.9254730463130943e-06
15,9.65165425059705e-06,2.2986231390950234e-05,0.020340852308765738,0.02045504403311478,0.6217159587112515,0.8516167364834254,0.02243446719908353,0.01970985469447504,3.6524423643178905e-05,1.8568428036328044e-05
16,9.898439921168933e-06,3.607312719214909e-05,0.02038269223474767,0.020770383817488997,0.6093948306616117,0.8591522041090035,0.02382706717524508,0.01955228079251935,5.096873347529013e-05,1.895516520835895e-05
17,1.0250213548170012e-05,5.3571244058825354e-05,0.02044666151776076,0.021209884203911532,0.5969540700397515,0.8664396777314001,0.025531509782931266,0.019357632444965044,6.946519427282686e-05,1.947899101674824e-05
18,1.8643646446863414e-05,7.401470587665128e-05,0.021301124835104726,0.021293868250474156,0.37570265544409187,0.9557164393482683,0.028388678711755395,0.015121497618643712,8.702395362006742e-05,3.1315977559620716e-05
19,2.4282613104082567e-05,9.800834164178244e-05,0.021405170657984102,0.021302589961175584,0.27471505413335245,0.9777081497175608,0.031945589637483215,0.01274886320120624,0.00010486742351078856,3.846449661045891e-05
20,4.0603868327618255e-05,0.00012329077127311533,0.02092534631626655,0.02118368983395441,0.10137286443659113,0.9969442907522009,0.036587683917561224,0.007511866135494299,0.00011817555145914481,5.6968828729600156e-05
21,4.1879453267277786e-05,0.0001528829273211538,0.020865245086601106,0.021074411937679206,0.09375488927511277,0.9972446695991579,0.04162212279015596,0.007206257174722387,0.00013262184238757994,5.824378207631394e-05
22,6.62553353069293e-05,0.00018220907010823548,0.01945722233529715,0.021052245459979815,0.022838080265617795,0.9992894037553477,0.047477890645692224,0.0028208121730242614,0.00014078695336520886,8.036756489752e-05
23,7.00390182285027e-05,0.000215011842150486,0.019211019165748133,0.021041997016243374,0.02121813564166122,0.9991429236881707,0.05373928698015799,0.0023788084164798073,0.00014855418596461552,8.334790569155805e-05
24,7.226929988641882e-05,0.0002515808897561839,0.019082809470669797,0.02104344807948489,0.021022494265901467,0.9989466867251137,0.06039162853741806,0.0021587009027011325,0.0001562764100770634,8.497836063219389e-05
25,7.479239271180153e-05,0.00029185342104746546,0.018951044948428586,0.021058595664454904,0.02122977793595092,0.998708262726595,0.06742642568010426,0.0019371640192715296,0.00016386130276746465,8.6711459084117e-05
26,0.00011464361195533313,0.00032962152986180596,0.016753199466640684,0.021380802585072054,0.06653396479846493,0.9973961779035383,0.07482460878698126,0.00017944596533176174,0.00016450430809055336,0.00011024725968651879
27,0.00011812153586931214,0.00037036221935541827,0.016568212751693404,0.021721008528889935,0.0726384368941004,0.9968481508898338,0.08255348276175424,0.00016540606973970275,0.0001646529941213282,0.00011203579238840036
28,0.00012194921608778362,0.0004140355742597095,0.01637465704146867,0.02210013987543809,0.0790657203278405,0.996216122729986,0.09060234817547327,0.00016911118654171385,0.00016433181775853147,0.00011384060214845677
29,0.0003312963866656754,0.0004285523676718391,0.005312366673997621,0.02466215431250563,0.6549492474450874,0.8272336683670531,0.09596384209218951,0.02459311428517682,0.0001648654364409077,0.00016490799815186728
30,0.00033527244455603056,0.00044299239325775315,0.005109941205102095,0.02737677190516558,0.6662516581117819,0.8188035841738803,0.10157211230930656,0.025479192130746398,0.00017095751246858716,0.00016502941442229758
31,0.00037924602432539507,0.0004517275325171299,0.002845881592078676,0.030819440344020316,0.7877112400708617,0.7059306131684908,0.10609120652027315,0.037271170061989205,0.00019239499766838213,0.00015463392714285584
32,0.00040213197610059815,0.0004574576268237502,0.0017842246521380155,0.03477541209246384,0.8446444027340664,0.6292328396802652,0.11011473353793941,0.04486873905026175,0.00022925882017936765,0.00014332209475707773
33,0.00044210204279695846,0.0004582749160179663,0.00048672333248750123,0.03954171041891392,0.9349208282096797,0.4405535222078232,0.1123911178015386,0.0632868520997112,0.0002960390019784826,0.00010620035061564656
34,0.00044407648918132854,0.0004585759084438725,0.0004683229463757995,0.044627397403617514,0.9387357969584952,0.428628200345713,0.11512234461032089,0.06446058029121524,0.0003778039419332579,0.00010393241001037443
35,0.0004459868270344572,0.0004586888840640022,0.0004584296380896394,0.050032088201212646,0.9423275890475376,0.41682665052730244,0.11782197152648295,0.06566332034956297,0.0004753305954424687,0.00010123605050515924
36,0.00044782017027297446,0.0004586232532829259,0.00045882328339008334,0.05575413988183898,0.9456989427191882,0.40516326873555436,0.1204854676331019,0.06689444245336607,0.0005890000607532432,9.813911944823763e-05
37,0.0004495628484621818,0.00045839402133894937,0.00047139068333910375,0.061791382600599576,0.948852585344941,0.3936522627393455,0.12310849116446718,0.06815327840637796,0.00071919502013661,9.467507993563038e-05
38,0.00045120043880291795,0.00045802248591213126,0.0004981244240665445,0.06814112064925978,0.9517912111724768,0.3823076164254213,0.12568689252252735,0.06943912127513638,0.0008662990325772993,9.088313067459429e-05
39,0.0004527178038606551,0.0004575369671291646,0.0005411215031900084,0.07480013485198606,0.9545174602474035,0.3711430547778291,0.12821671691439998,0.07075122513439627,0.0010306958090984012,8.680832227797658e-05
40,0.00045388543017532923,0.0004628305740478415,0.0060116878332463234,0.0819917875641081,0.9896616614181238,0.17217575742877456,0.1276902290627982,0.09965011725831502,0.0012566284151621328,1.4148100598761213e-05
41,0.00044564297827821224,0.00047191181540446746,0.008373982539222178,0.0894467042410241,0.991582454587575,0.1481147397121811,0.1278812206074631,0.10515403878698414,0.0015104196840519451,1.4824967817535768e-05
42,0.0004432937296375589,0.0004833829353197484,0.008917436532370674,0.09720890935248926,0.991511918531458,0.144332818621649,0.12826155682206106,0.10621400066324133,0.001788270868385419,1.68103892832286e-05
43,0.0004404354985847444,0.0004976167837901519,0.00950399438540558,0.10526375995350064,0.9913483181141042,0.14094913180217952,0.12858740134162258,0.10726454430628268,0.002090744319402396,1.9332850335600518e-05
44,0.00043364462220903756,0.0005159532433597115,0.010786952891164398,0.11357889585833753,0.991298096021546,0.13535537976171694,0.12875013547861824,0.10932622026511596,0.0024196298012168264,2.4779567548903237e-05
45,0.00042965258727260683,0.0005376900528785906,0.011486336400173755,0.12217117456853858,0.9909136459691232,0.13312205925093804,0.12892355443176792,0.11033426016669218,0.002773480612544769,2.9140239848929054e-05
46,0.00042512619633803666,0.0005631453690845464,0.012236466648488549,0.1310279731520081,0.9904319655406679,0.13128821703545218,0.12904825482086132,0.11132729825759342,0.0031525306258312086,3.4377249548967434e-05
47,0.0004200636862049621,0.0005926223393104721,0.013039783277633821,0.1401394126876853,0.9898502402636438,0.12985225160485744,0.12912602463274023,0.1123039091502522,0.003556865818323391,4.0607879864742946e-05
48,0.00041446501650848684,0.0006264442042194741,0.013898778713606041,0.1494952546171162,0.9891653758353869,0.1288118846217674,0.12915880700919025,0.1132626735215797,0.003986547210716812,4.795693570981603e-05
49,0.00040833205262763816,0.0006649549566741415,0.014815993537947053,0.15908492347683778,0.9883740200915246,0.12816417283670267,0.12914869626748307,0.1142021803882387,0.004441610143609109,5.655667948761565e-05
50,0.00040166875862663004,0.0007085200004860595,0.01579401166564685,0.16889753031679483,0.9874725865143157,0.12790552172358297,0.12909793370253322,0.11512102940852355,0.004922063585960338,6.654675250245994e-05
51,0.00039448140028014146,0.0007575268069502846,0.016835455335897056,0.17892189672473346,0.9864572791581694,0.12803170076474332,0.1290089031707323,0.11601783320726446,0.005427889477463553,7.807408180475074e-05
52,0.0003867787582194756,0.000812385567013497,0.01794297992228928,0.18914657937475465,0.9853241188633746,0.12853786030894337,0.12888412645569503,0.11689121972018975,0.0059590421066889375,9.129277231331038e-05
53,0.00037857235121725605,0.0008735298368678755,0.019119268569632714,0.19955989501677435,0.9840689706234931,0.12941854992017224,0.1287262584163895,0.11773983455416366,0.006515447526814057,0.0001063639840825903
54,0.00023129000282512454,0.000992698362936294,0.04655736422030127,0.20870957612145866,0.9759512045798849,0.20061080970795184,0.127632103585475,0.12910375585281683,0.007107809747442756,0.0005867071297618294
55,0.00022346018856449725,0.0011251234211243826,0.04840427759709254,0.21841072741060782,0.9738663333150589,0.20737357004731286,0.12730831086349906,0.12948152799043114,0.007720975958440932,0.0006285183203768128
56,0.00010277757114696144,0.001328916150089373,0.0840877424428383,0.22555067010934274,0.9455855848985466,0.35440419592461064,0.12732215527318916,0.13159535306034326,0.008328241638724233,0.0015508863262489285
57,9.818859701101842e-05,0.001555152456780268,0.08639704663047616,0.23391117609730464,0.941836499091923,0.36445007407981406,0.12759780705292398,0.1314441785308002,0.00895371183797096,0.001619327111828082
58,9.381061841864866e-05,0.0018041886415072332,0.08878681391480231,0.24233497468031281,0.9379050208030909,0.3745518030851135,0.12798101960219185,0.13122897317683713,0.009601408476630484,0.001692018307502333
59,8.97495945509358e-05,0.0020768033715115827,0.09125771789236452,0.2508119600554499,0.9337895365424704,0.384696033917281,0.12847696488566876,0.13094944616237844,0.010270722668169556,0.001769112387132372
60,8.612112763864812e-05,0.002373794713715353,0.09381038008530958,0.2593321089687301,0.9294888788101127,0.39486960782494057,0.1290906957914337,0.1306054051462879,0.010961005997758212,0.0018507646533613292
61,8.305074908621791e-05,0.002695979678723703,0.09644536645775283,0.2678854970421006,0.9250023405425487,0.4050595770688351,0.12982713430170603,0.13019675864213862,0.011671571095670888,0.0019371329157697582
62,5.4634564153580967e-05,0.0031002679762755087,0.1297574286903225,0.2732377131692768,0.8762873304664467,0.5300109531779927,0.13189074922973623,0.1230171130416295,0.012341347176107187,0.003128697201653566
63,6.124670226376597e-05,0.0035386957013358554,0.13264082680285813,0.28044647099844233,0.8700415999176511,0.5402277824992145,0.1336770293871307,0.12222193924218695,0.01302467294272576,0.003240911867665727
64,6.955071315172157e-05,0.0040111027570835225,0.13559755256289543,0.2876415928993376,0.8636260265774235,0.5503293691009652,0.13564328443579257,0.12135898229239829,0.013723198417832243,0.003358523792099418
65,0.0007986272619011399,0.004643850306352755,0.2434276947476776,0.278352620117734,0.5676819752662842,0.8629927971909609,0.14358016259951206,0.07529516612415513,0.01409334979627017,0.008738511091471992
66,0.0008475220026599037,0.005331151439161545,0.24567509489086609,0.2806873841163693,0.5581720208254837,0.8675475523571561,0.1494036427182856,0.07392234373723454,0.014472259770614341,0.00888058186124214
67,0.0009022660903728473,0.006074380148328274,0.24793819684240334,0.2829639217262862,0.5487366346872521,0.8718672144392421,0.1555095607561574,0.0725008483485151,0.0148532133264485,0.009027057043307966
68,0.000982632548929552,0.007728674764351138,0.25021209546865325,0.2877959907784078,0.538865662439534,0.8753306372273959,0.16840933567447638,0.07103063269245939,0.01562939754630187,0.009178090232390402
69,0.0010552092933379825,0.008640354913032352,0.2525546197610973,0.28998820251639085,0.5296624705795034,0.8790991562356,0.17525172385701335,0.06947283197651934,0.01602262895930609,0.009338323348062526
70,0.0011346867173388931,0.009608994999110216,0.25490728113058975,0.292114541219547,0.5205676397444174,0.8826302880269483,0.18235937665983826,0.06787797342257493,0.01641508858655354,0.009502930283463665
71,0.0012213960240204317,0.010634877207919299,0.2572682333610355,0.29417351776759,0.5115910710123096,0.8859239714397539,0.18972712110645257,0.06624959218780509,0.01680598477301419,0.009671874629509476
72,0.001909661993180203,0.011730629508523556,0.27702833032876834,0.2924709201847757,0.43871634607876453,0.9155804513144595,0.19838716731805345,0.05202309833422062,0.017096056507713075,0.011194611754438597
73,0.0020283693636855855,0.012881226289308271,0.27902541014618426,0.29367777118839766,0.43087254280985804,0.9173183873266453,0.2068933977025822,0.050506615732045464,0.0173900272420654,0.011365221431507519
74,0.0037728675486259056,0.014076023403018683,0.3047200868312986,0.2893266020202131,0.33228489229411,0.9461228576403709,0.21693139766998035,0.02987994425045339,0.017508312024868435,0.013924899997277466
75,0.003939580959814277,0.015313928819529114,0.30587588400197513,0.28954426619493834,0.3276734408726371,0.9459387799391971,0.2267674048951734,0.028863862438892884,0.01764027157827076,0.014077122640791678
76,0.004118202034226371,0.016613368588387575,0.30699445985015494,0.2897275557020836,0.3233284931279971,0.9455719098477293,0.23680360643173373,0.027868374895863607,0.017765057459760314,0.014230590246630473
77,0.006683285265618244,0.017901334695916385,0.31745654323484634,0.2875752805540716,0.2876438894158008,0.9521052010350728,0.24747388886544527,0.018145191372447227,0.017758075554863417,0.01628022803292691
78,0.010972533906496872,0.01812991642376821,0.018065635225242665,0.32945644498275267,0.94909266443519,0.2332672650038283,0.23001194556420787,0.2473644870505336,0.019214468880037684,0.0015179354746692859
79,0.006561260856177142,0.018420289610958242,0.043711998353449036,0.3398999306520261,0.9270853589711966,0.33263988276414286,0.23317175544693522,0.23172006091046563,0.020608358328932694,0.0004865324598699211
80,0.006383387236455704,0.018803247239835126,0.04564025797625297,0.35070842102869404,0.9229023168026147,0.3391270271510212,0.23429063002765566,0.2304787747041335,0.02202893343358523,0.0004994747100409283
81,0.003888424294347088,0.019407527845979648,0.0821569486378497,0.3591284684297614,0.885487524675526,0.4526492215451173,0.23947317266345425,0.20713813766974165,0.023387813289897932,0.001175650018951626
82,0.003745941906961231,0.020092386182115278,0.08504698801149846,0.3686061241404728,0.8799010799342748,0.4605349184590955,0.24194529267430642,0.20525404074130177,0.024765962999815316,0.0012630746107684606
83,0.002630527123699659,0.020918082748285636,0.11017403540626453,0.3760983787590512,0.8487229799954534,0.5266794766528452,0.24687355315157655,0.18899775063513458,0.026089427072490474,0.002127604377523399
84,0.0032824230738545948,0.02251157136493002,0.3346782642446079,0.34667869154382314,0.42648745309719277,0.9047607910845803,0.26566689172487445,0.04614458592521015,0.026298168799290866,0.01731705015523902
85,0.00349815354609959,0.02426407787987469,0.337034177327446,0.34743307172654886,0.42049856120616613,0.9052151002842271,0.27530706401396493,0.04473345755764483,0.026564884128892532,0.017578446118994794
86,0.0037284405359982514,0.026086522918676747,0.3393602720690012,0.34811948487409494,0.41473477066076114,0.9054486267625741,0.2851090590372982,0.04334869845421899,0.026819174588849713,0.01784234852580772
87,0.0061814791758768,0.027982463901751232,0.3632527228334621,0.3428093069951171,0.36277912129133916,0.9206330546379878,0.29574891594605235,0.0307777851724663,0.026883581436064955,0.020822070475698815
88,0.00745447626151084,0.02991361811172272,0.3706137852585542,0.3411666939140547,0.349134047485712,0.9225307231798119,0.30640899360926316,0.027998075264838558,0.026918083482126216,0.021960672084150763
89,0.007796352096663494,0.031901424536729416,0.3718751253556486,0.3410489160930708,0.3469949873172132,0.9209189115973698,0.31713541468779805,0.027631641271752123,0.026956431542396735,0.022190968454692307
90,0.008157359187516392,0.033957803666350594,0.37307622686702874,0.3409100446521795,0.34510153194861654,0.9191137722140796,0.32795303772655787,0.027334518751493654,0.02698434842860601,0.022420056167352046
91,0.029380084633013503,0.03520615438631879,0.3125907070881013,0.3580980778690026,0.5981206339584298,0.8022673212393874,0.3300007152313949,0.14151782416897973,0.027172441574508027,0.0258256467930179
92,0.02971720416993061,0.03613443045283533,0.30962723254871743,0.3618781969167783,0.6041453498650543,0.7958547323859415,0.33696895150997,0.14468518835188665,0.027501157314165536,0.025739340857447564
93,0.030073305656199673,0.03710020108416391,0.30656131693328564,0.36581860687634554,0.6100300090964944,0.7893503385241485,0.34387783416810364,0.14792572530091735,0.02787336688631158,0.02564266736206821
94,0.03190749848977566,0.03800447010990613,0.2870732362155282,0.3736000457135429,0.6488683788922199,0.7571158435552837,0.3486399768579694,0.16800724017227037,0.028398057424056104,0.024614314928237842
95,0.03255998514439635,0.038885862072585806,0.2801586008294123,0.37914822357064315,0.6605133327778255,0.7446515650588733,0.354354591457133,0.17487889095120399,0.028983222444385722,0.024263257449228602
96,0.03293272309782333,0.03978840672498827,0.2765853789728669,0.384227017596195,0.66550142804781,0.7375262049567092,0.3603236501009392,0.17837497473722286,0.02961796358960796,0.024112560032922205
97,0.0351162755774414,0.040607470431848085,0.2505653270457811,0.3938279941771987,0.705968375207368,0.6956851854888368,0.36309960998907165,0.2033557914903098,0.030466486651909062,0.02240949164865004
98,0.03547978171089592,0.04139714085029742,0.24669378191294253,0.3998667977342603,0.7099798985839519,0.6882206232081527,0.36815431616712413,0.20695772309068747,0.03134847315382273,0.02222452866927429
99,0.03703511401405436,0.042138084366934225,0.22693235469552764,0.40878556381528597,0.7350690641238954,0.6563561840733397,0.37074985592246923,0.2251814680009456,0.03241162697787484,0.020830737397546942
100,0.03739679572284578,0.042856576602320326,0.22288927361204774,0.4155328445295616,0.7381848391129839,0.6488191176041594,0.37512138405475237,0.22883124563419666,0.033517097738143,0.020624896883398802
101,0.037771563702724456,0.04358889788543394,0.21878599230088738,0.4224152529324899,0.7410650715227983,0.6413197843337618,0.37939139336134714,0.23251698306600485,0.03468967290939147,0.02041288156234648
102,0.04334938690946316,0.044070249964398345,0.12839255330610197,0.44026663783821907,0.8276619714772502,0.49805341719371127,0.3679707824482795,0.3123492451710509,0.03667215583005294,0.012785556825958956
103,0.04362132125258273,0.0448268089388733,0.12482144244497884,0.46703084566900094,0.8209808489054509,0.490169222218503,0.37432463140931754,0.3153230218595057,0.042422595099550583,0.012894757895492994
104,0.04465219807377135,0.04507865987375269,0.1038671867575197,0.4776607980466721,0.8319976690110693,0.4574610679433763,0.3721941867701868,0.33349899973670744,0.04466898301423676,0.011001220380304958
105,0.045326861235432406,0.045257248637740825,0.08818355131096711,0.48812449229315946,0.8381500814000271,0.4328402265414704,0.3703809007047307,0.3474543871732956,0.047078138994952425,0.00956742749366256
106,0.04546568301326726,0.04538214997309716,0.0852556494083788,0.49794220960385316,0.8359610442002268,0.42795306510275744,0.37110491078318564,0.3500665488535475,0.04951205267395167,0.00943432469058146
107,0.04565899407387127,0.045743820215200404,0.08238677547328266,0.5270486279760614,0.8250117345285852,0.42247428291847894,0.37435292045432916,0.3524976612792787,0.057203390637267114,0.009702269488400726
108,0.045815133928774766,0.04587700031421764,0.0795079735598865,0.5367866018601488,0.8220605877209413,0.4181203556537923,0.37493178716495995,0.3550667476633224,0.05991737659134304,0.009587458904088565
109,0.04596983391468969,0.04600470551774888,0.07670239917127523,0.5465103347671867,0.8188791858342366,0.4139611448001297,0.3754440882477972,0.3575956863347745,0.0627096852097021,0.009483619669159362
110,0.04614893634301422,0.04624003594389526,0.07398085309032534,0.5657278993868223,0.8106002952477136,0.4096590239039157,0.37698287144336895,0.35998120602598194,0.06848175233470377,0.009625081890203497
111,0.046307180655618986,0.04636206283322238,0.07131538244117513,0.5753178985894175,0.8068251644689688,0.4059568697833165,0.37736227059435523,0.36243200264882514,0.07148081965096681,0.009548524957209557
112,0.04705850104922426,0.046509462968741686,0.05596284854782621,0.5855201692832122,0.8086156980963496,0.38560565452970874,0.3736583746443044,0.37884277842050423,0.07482073036218742,0.00791530917675554
113,0.047146816185721266,0.04655891526461415,0.05428100771968911,0.5951924825719995,0.803985475705385,0.3830634541104496,0.3736485393075031,0.38086370123507196,0.07808335712331788,0.0079530838747648
114,0.047229116240391965,0.04660331113773823,0.052722731373544995,0.6047890116116914,0.7991528743786942,0.38070877315477325,0.3735962949182683,0.3828264773171395,0.08141594433055854,0.008010374779484145
115,0.04727306352469565,0.04683622862991125,0.0466816712204564,0.614573303949327,0.7989711977971139,0.36332192323077106,0.36654234300885585,0.4072801927217351,0.08544094742088792,0.007232315583233009
116,0.04719992183470921,0.046867980712614096,0.04748513905855079,0.6240694686025183,0.7930886701500129,0.36320003743040497,0.3662020347816062,0.4082647159478213,0.08906236857893146,0.007559375722142105
117,0.047115526794737,0.04690586661505808,0.048447640789454065,0.633438563511556,0.7870444243145815,0.3632268729330653,0.3658630275003916,0.4091716447103228,0.09274254924131384,0.007913652423072504
118,0.04100887325929974,0.04887037931280798,0.14366822427514542,0.6527064417105468,0.7515761247514895,0.4176002606352112,0.3661601741960905,0.41152690382180573,0.10460630593689509,0.020085944623307116
119,0.040674767469670345,0.04950912973776579,0.1488171005117003,0.6601136320641517,0.744689594062329,0.4207018341022137,0.3669072705190537,0.41037147493574,0.10824461020007602,0.020976894748196407
120,0.040328003414851606,0.05019787423973636,0.15410041380761424,0.667328881285725,0.7377427107769022,0.42381154092002304,0.3677312462742907,0.40912472669572175,0.11191000561307765,0.02190143647320914
121,0.039969134622008226,0.05093863170222152,0.15951656697930133,0.6743490480149807,0.7307431114686561,0.42692295454329926,0.3686331672835776,0.4077877081625967,0.11559952641168897,0.022859947874869772
122,0.03959875993119467,0.05173343063324993,0.1650637718867007,0.6811712360993123,0.7236985637460261,0.43002981812350877,0.3696139348206049,0.4063615891640965,0.11931018379909634,0.023852781931812984
123,0.039217524292435656,0.052584306651455075,0.17074005051903077,0.6877927902946362,0.7166169497512072,0.43312605124479797,0.3706742840752882,0.4048476612592574,0.12303896976529638,0.024880265532500598
124,0.0388261195152942,0.0534932998898614,0.17654323645631148,0.6942112916532638,0.7095062490746684,0.43620575605043016,0.37181478301555215,0.40324733854637157,0.12678286091573832,0.025942698519764235
125,0.038425284967310985,0.05446245231934033,0.18247097670484747,0.7004245526368896,0.7023745211560917,0.43926322277635454,0.37303583164942844,0.4015621583038739,0.13053882230165006,0.027040352774085848
126,0.011397952680870075,0.05711696996984362,0.6315033448926615,0.5561644210747154,0.5417561079246657,0.6839510143776429,0.418549602447163,0.20909451037065405,0.13258082644042155,0.11261463757251364
127,0.011569114225465228,0.06102226500570239,0.635357798440938,0.5547329068955792,0.5386246006770642,0.6842061384673179,0.42471825160745535,0.2061375087999157,0.1334372835537949,0.11361875661021462
128,0.011771340413939528,0.06508670165610739,0.639118884166341,0.5532520347604698,0.5356269567735493,0.6843000982879289,0.4309441899436481,0.20318826017029393,0.1342684080032211,0.11462304892335459
129,0.012006179117648712,0.06930882169148884,0.6427841248329846,0.551726179396148,0.5327627389343422,0.6842344900725355,0.43722157862979627,0.20025133328521139,0.1350735282548792,0.11562681859517394
130,0.012275205217827101,0.0736869877044528,0.6463510969440632,0.5501597330062894,0.5300312714300998,0.6840110568232383,0.44354455519612734,0.19733134187767637,0.13585201539610528,0.1166293636199971
131,0.012580017915903262,0.07821938368348992,0.6498174324042099,0.548557097883349,0.5274316462786872,0.6836316890043361,0.4499072453384705,0.1944329384476592,0.1366032846159977,0.11762997691811446
132,0.012752525035109468,0.08291318199467372,0.6600093591283613,0.5419778322980279,0.5217308702286511,0.6862796793326363,0.45702925015427487,0.18604052323029435,0.13716494522562636,0.12057069656584933
133,0.013172557142582527,0.08779290186412678,0.663063968596661,0.540308869248712,0.5195594951037884,0.685455772632781,0.46352734881090446,0.18330032554015996,0.13778972990763202,0.12152545282963413
134,0.015747024467512097,0.09284254243078564,0.7063536817211828,0.5061407980653997,0.5000717164119637,0.7007565926083082,0.474198969868069,0.14318679223622718,0.1368993756984089,0.135905267322666
135,0.01661369136512515,0.0981980483563178,0.707374131385052,0.5051069891395137,0.4995501189233806,0.6985013095834985,0.4811130447279881,0.14177185042853102,0.13699867255770581,0.13644178343353655
136,0.02619366354249717,0.10361872318021552,0.7131557764575834,0.4998947495187969,0.5019534804463308,0.6935747404049649,0.4888230985713654,0.1305938514425167,0.1358657101630081,0.14165174917498669
137,0.0274677052466644,0.10899514341883125,0.7121816160123756,0.5005457730533174,0.5025723106737634,0.6901819610875168,0.495577822413544,0.13088823347700926,0.1358092688031141,0.14171228881052847
138,0.03247456051993047,0.11444626416963019,0.7057991359198236,0.5059544839818325,0.5075014663224576,0.682773465042815,0.5019388170023178,0.13448376810248205,0.1355158307066397,0.14122382810171463
139,0.03393128694157736,0.11988815424834241,0.7040927541271508,0.5073242199668089,0.5083127713807616,0.6790335200291427,0.5084348554926239,0.13541298925603623,0.1355025952532292,0.1411190056886198
140,0.03544708045860091,0.12542374116940636,0.7022564553504397,0.5088029784043788,0.5091260764682963,0.675234492360835,0.5148526029592873,0.13643907273010575,0.13549961550014727,0.1409892463429093
141,0.03702218998919272,0.13104783326763367,0.7002901878201399,0.5103896997271883,0.5099377052586916,0.6713811228992789,0.5211880915889763,0.1375632781902632,0.1355082605170912,0.14083479348603678
142,0.03865682656314315,0.13675515615741365,0.698194020636086,0.5120831039277652,0.5107441001339481,0.6674782232329814,0.5274375069369641,0.13878674928212723,0.13552992504783354,0.14065593932949277
143,0.040351161876446266,0.14254036075411702,0.695968150540985,0.513881694281215,0.5115418274999138,0.6635306677666031,0.5335971886315803,0.14011051116178358,0.13556602831358658,0.14045302596304618
144,0.042105326921822527,0.14839803139197763,0.6936129086482745,0.5157837616156513,0.5123275827292059,0.659543385444611,0.539663630709759,0.14153546822479388,0.13561801275508734,0.14022644640403503
145,0.04391941070037749,0.15432269402040946,0.6911287670885826,0.5177873891158994,0.5130981947358816,0.6555213511396669,0.5456334816010088,0.14306240203977408,0.13568734271344476,0.1399766456035139
146,0.04579345901930461,0.16030882446059447,0.6885163455384296,0.5198904576439025,0.5138506301870169,0.6514695767375958,0.5515035437780751,0.14469196949201593,0.13577550304989291,0.13970412140495284
147,0.054906022911281986,0.16631249972160086,0.6708460794276351,0.534010657583372,0.5218323319720465,0.640313719516731,0.5559690775087669,0.15878840825672433,0.13572246883446348,0.1362872627501484
148,0.09885058279576864,0.17184250820615446,0.5549906566584024,0.6085950728434776,0.5659910168916436,0.5885165864656131,0.5474333463517247,0.2586616804849505,0.13641727443624815,0.11111226273325459
149,0.16983040752511544,0.1754084625488879,0.27109792709690916,0.7055525854364519,0.6347190113798592,0.48397684310042394,0.49200648565672095,0.4725876512588814,0.1413522024514442,0.0523590661664314
150,0.18094773049569035,0.17640576514850934,0.20617921246756543,0.7208096434070909,0.6414591586753573,0.4629536286599007,0.47346937156035623,0.518050534969124,0.14660092307071634,0.03940900993244273
151,0.18163342212741151,0.17745222486342443,0.20282569720105736,0.7418181758443034,0.6219272856950061,0.4610248382784979,0.4740574476840017,0.518896047824202,0.16576335335286296,0.042208023203565224
152,0.1822128035245373,0.1777443401538714,0.19950244979662285,0.7471426793828564,0.6173422817944703,0.45998220413459534,0.47331981491992536,0.5208849555188751,0.17075314639079556,0.04239341628589739
153,0.18277143043290334,0.17801686159277944,0.1963164007054281,0.7523592221607511,0.6127045972759042,0.459029773947408,0.4725672457892443,0.5227818008257277,0.1758216538923247,0.042629240714586555
154,0.18330837936757655,0.17827015861322565,0.19327283859499167,0.7574654008493629,0.6080209560981128,0.458164220005565,0.4718024107483538,0.5245855354843918,0.18096565395503975,0.04291726963383043
155,0.1838227466029341,0.17850466324254827,0.19037689979662117,0.7624590004636645,0.6032981757459973,0.4573821577277635,0.4710279348603701,0.5262952054462814,0.1861818409363313,0.04325923996235486
156,0.184313650004562,0.1787208702179353,0.18763355768295903,0.7673379892233827,0.5985431566686084,0.4566801551627185,0.4702463934238421,0.5279099530254654,0.19146682962273992,0.04365684849847698
157,0.18478023089412624,0.17891933702577473,0.18504761228386557,0.7721005128506865,0.5937628712486243,0.4560547423565192,0.4694603077276794,0.5294290189816533,0.19681715954424037,0.04411174810704747
158,0.18522165594658743,0.17910068386438988,0.1826236801728672,0.7767448883473654,0.5889643523281203,0.455502420564634,0.46867214094104614,0.5308517445292186,0.20222929942587464,0.044625544000650684
159,0.18563711911896963,0.1792655935297674,0.18036618465580329,0.781269597296542,0.5841546813183487,0.45501967128731574,0.4678842941467955,0.5321775732658605,0.20769965176878832,0.04519979012723767
160,0.1860258436097206,0.17941481122386396,0.1782793462925801,0.7856732787357725,0.5793409759239383,0.4546029651087275,0.4670991025268218,0.5334060530142883,0.2132245575523776,0.04583598567610773
161,0.18821752923774565,0.1801086033843875,0.16638564513319135,0.7909774224820747,0.5751122325608751,0.45313143874736056,0.45751944140429635,0.551680068110862,0.22004296051705258,0.04336369877416998
162,0.18813954051661155,0.18015401585101648,0.16681704932024966,0.7949351689957261,0.5700877671094714,0.45325073701068,0.4569659300505643,0.5519203428821201,0.2258675576784859,0.04460372227601824
163,0.1862551400895432,0.18065781357906802,0.178205913067396,0.7975135015210438,0.5640759420491546,0.4554659855091557,0.45370557485897456,0.55718926185853,0.23263561322394383,0.04800515011072035
164,0.18585636313737017,0.18081038836460936,0.1804391588791843,0.8009775538842677,0.5591027604039909,0.45585580338841347,0.45348686369268393,0.5567098488946997,0.23852693903088268,0.04968666088720001
165,0.16541733256395416,0.18254101074338694,0.29744469016809194,0.7858620542068936,0.5451998535280559,0.4736242944618385,0.46135058037796406,0.5411774733736928,0.2476871317587705,0.08027331690763218
166,0.16089957367256932,0.18391931215950902,0.32219677198322516,0.7834395889851724,0.5393485693369844,0.4770013272044456,0.4648163969883547,0.5344043793589175,0.25335710044653875,0.0879858464295692
167,0.15978774976222937,0.18539370145096218,0.32850316127837065,0.7847205118285768,0.535154664453685,0.47763730901990725,0.4661348764988922,0.5319754727548625,0.2585126623861901,0.0906466006460894
168,0.14940164978745313,0.18725411524282465,0.38191333071440814,0.7734785508585968,0.527604123802222,0.4845615504444181,0.47412515630955426,0.5160498474914889,0.26445086325649525,0.10721098320567687
169,0.10686178353715256,0.18994480576451436,0.5823141165135474,0.6929425335578631,0.5088468519164205,0.510870796031128,0.5081218632021554,0.4367262831463906,0.2712398797636999,0.17599789878892877
170,0.08773708121347275,0.1942094775384807,0.6646142145268454,0.6399796942728992,0.500056690357859,0.5211435366868497,0.5254779432530744,0.3902494038233441,0.27417245869478907,0.2100158765499761
171,0.08726179252631851,0.19964411606383228,0.6692681071677887,0.6367918387641447,0.49844653558598584,0.5206755366211061,0.5286595307027054,0.3865925727077066,0.2763060583109863,0.21248731696930587
172,0.0868298596034263,0.205231351758598,0.6737859729159403,0.6335475724911217,0.4969369312572688,0.5201518766949301,0.5318319726055358,0.38295027607843835,0.27839021069141334,0.2149612523294709
173,0.08644478519284862,0.2109689145822361,0.678164940160387,0.6302519284287678,0.49552576091208,0.5195748185009585,0.5349917960397963,0.37932679965372523,0.2804238829637281,0.21743620667533603
174,0.077550784972853,0.2167425291484923,0.7148618402480227,0.5989385980527716,0.4918571676372435,0.522612562817502,0.5446489253758553,0.35289199329982446,0.2819554848766236,0.2357661720712701
175,0.07081750517929584,0.23758462553451973,0.7536035552499075,0.5584856199437296,0.4877774552252057,0.5227386354194039,0.5605776128947008,0.31903067598619433,0.28452019900481834,0.2582310283105766
176,0.07605686377703577,0.26762409893918937,0.752053443797379,0.5557434034930477,0.4865849325988586,0.5174124517700551,0.5708357722865179,0.31594800666022826,0.2884657196910235,0.26005786788925545
177,0.076867976384787,0.2752953604567295,0.7537802113604074,0.552536918205433,0.4862642099683327,0.5162255120044379,0.5737600198311837,0.3131675187661845,0.2893514413484834,0.26196711938251016
178,0.07777036236167154,0.2830704978288976,0.7553408006671163,0.5493761848842941,0.4859942800902801,0.5150220536304477,0.5766287983967123,0.310463062761607,0.29018911938557823,0.2638512143022393
179,0.0774920606668502,0.29093486577786015,0.7621853769502245,0.5400166032908562,0.4856403387628673,0.5140173702063768,0.5805686701480108,0.3028050035345153,0.2907014545164232,0.2693945043724796
180,0.07871755812871846,0.2989896193044914,0.7632268079667017,0.537062939904145,0.485502707969339,0.5127592225422397,0.5833042687627107,0.3003911808571052,0.2913503572388441,0.2711451436082061
181,0.08004256890378302,0.3071279310047591,0.7641000738058046,0.5341729114782274,0.4854037137501252,0.5114960667755653,0.5859758837832727,0.2980647398463579,0.29195351805098846,0.2728651652099232
182,0.08106328937851962,0.31534615442864383,0.7671166794009429,0.5285677145057944,0.48532408227567014,0.5102622194757698,0.5890512845118381,0.29362442098446745,0.2923579572796682,0.2762705568005831
183,0.08266408718528127,0.3236694452303703,0.7675651074836389,0.5258777126254837,0.4853083639630368,0.5089864185188748,0.5915776125730593,0.29155282619218514,0.29282876031995453,0.27788579615850667
184,0.08437018690676272,0.3320554641674682,0.7678449247698689,0.5232634416477911,0.4853212920864778,0.5077160938175326,0.5940332787921534,0.28957706860251853,0.29325616297137735,0.27946637761546345
185,0.13691251560407047,0.3405020060757044,0.7821115894348099,0.5031526001073269,0.490223710934565,0.49913016462065257,0.5971410396440731,0.2822511181985062,0.2861802543288415,0.3091881093820332
186,0.14109396457609952,0.34824753196758396,0.7788584716536301,0.5051709015268188,0.49016554472086,0.4977980643975262,0.5984734403063089,0.2841082771327281,0.28613951813724486,0.3088005573946197
187,0.18819829119746345,0.3553438452906961,0.7419247776016832,0.5483794129066223,0.4928989461479788,0.49204370991042873,0.5912287751528447,0.3242335177146441,0.2847087072552552,0.29392175215159805
188,0.19263444806951538,0.3618379166846287,0.73749670819872,0.5518541128855893,0.49249715554039863,0.4909555966059824,0.5918344107539276,0.32707505884087806,0.28528195482201907,0.2929666607705077
189,0.19712584564058314,0.3682775149124243,0.7329676201350515,0.5553728991717782,0.49207422830962116,0.4899270752290409,0.5923542269270029,0.3299476176116702,0.28590497798435877,0.2919843987723029
190,0.27515373617825106,0.37288611762033935,0.6442329057818182,0.6373873026858133,0.49487573497788345,0.48356388957332985,0.5708282400891624,0.41041255964595386,0.28673828411448077,0.25085445155689257
191,0.3930575438917735,0.3747300327559416,0.43281397092961676,0.7567380680141993,0.4971130267435224,0.47730394914490176,0.5116632639324383,0.5528904613071397,0.2936290030152027,0.1569254181925136
192,0.41367411601599835,0.37573540200150823,0.3690094178569458,0.7800224583116225,0.4952809921691383,0.47729866093648765,0.49220258178327214,0.586198549655635,0.3005874540503539,0.12910367391104527
193,0.4142313073869682,0.3759081253069226,0.3662177741759033,0.7821541952616502,0.49344999102195447,0.4773898138295419,0.4912285636999701,0.5865955102996803,0.30623923363998634,0.12991610940984316
194,0.41473552574769823,0.37606160516530307,0.3635544838212404,0.7841784984362078,0.49170069373759623,0.47749034776075744,0.49028488303734413,0.5868863069906888,0.311937200169158,0.1308296998148341
195,0.41518572685133565,0.376196695727991,0.3610218297764818,0.7860948624078791,0.4900366257564945,0.4775983994424852,0.4893727663677622,0.5870715332396731,0.3176769446576307,0.13184585347753564
196,0.3872614168344986,0.3791312691395122,0.35385064543972644,0.7889081197078691,0.48642235519115595,0.4812634831640219,0.48320255388334377,0.5938029095169527,0.327989955475006,0.11665600465166118
197,0.38321719241049007,0.3797177999284182,0.35871828647806164,0.7882788422421039,0.48509768562883515,0.4814290001557829,0.4844600630060301,0.5905760090056551,0.33409552665113756,0.1201645442780503
198,0.3810628672091501,0.38030172822203806,0.3613188495418322,0.788235478532372,0.4839618808818197,0.4814598704360066,0.485205621381069,0.5882218208667064,0.3400304101686307,0.12314670317744614
199,0.2231880811763603,0.3846100684019421,0.6026687407125396,0.6749350758931653,0.4808848033122414,0.48556045361803435,0.5482216307638843,0.4627749211116411,0.3524733563021253,0.23239764217588235
200,0.12561197935374882,0.3908838172684108,0.7911033261934243,0.48518118966037904,0.48175365294678757,0.4836920725550171,0.5977149458385845,0.3091490049371894,0.35015813373855187,0.37468224295355995
201,0.1288557840030356,0.39952911810592345,0.7891271320593054,0.48437713277826394,0.48185786790334056,0.4831195088745353,0.5986270534338483,0.3088619463685921,0.34992821618942344,0.3752419765944716
202,0.13221097034429663,0.40817004165599563,0.7869953552797945,0.48368401139566325,0.48195391291271644,0.4825882652360027,0.5994609999023854,0.3086665969845464,0.3496778391568169,0.3757439997204956
203,0.1356763993469835,0.41679914801561113,0.7847097589739076,0.4831007297161006,0.48204096756370585,0.48209950165260246,0.6002164061035452,0.30856236232932627,0.3494083629508519,0.3761885551277347
204,0.14424600768744114,0.4252045051221311,0.7827721099591781,0.4819065614489663,0.482248392102305,0.4813927688979116,0.6009374751003919,0.3081520213839426,0.34782609800077346,0.37859599310190056
205,0.1602868170258339,0.4331439380373168,0.7768474350015472,0.48652075088966107,0.4824441911736083,0.4806450725328564,0.6004623468068085,0.31237658018476955,0.3453832882579493,0.3786802093133187
206,0.35588767287678746,0.4315633569176186,0.6137377746288852,0.6555206089068657,0.4825555047902519,0.4792100195672599,0.5547276154439714,0.46197899730147834,0.3378979968717264,0.28174721184394425
207,0.3600097600934744,0.43481340309177413,0.608332355442873,0.6590478752206484,0.48195777866993567,0.47928873291186275,0.5534694645996476,0.4644775379770429,0.3404802475020313,0.28064695650310834
208,0.3978409434228976,0.4365775315377062,0.56047946599075,0.6917765781474138,0.48123166729197775,0.4795845320349434,0.5396256475720553,0.4966753806247736,0.34409114694254134,0.2553063400912797
209,0.4046176986178893,0.4387417770024571,0.5510653860519649,0.6975247443622347,0.4806630331417574,0.47976006184512193,0.5369443359425398,0.5015570926460197,0.3476243286237488,0.25227050232579157
210,0.4294832576077917,0.4401641308556511,0.5166439341740605,0.7176535294784162,0.48004627683211154,0.48010470038140546,0.5266707252275135,0.5222483379136,0.3521464266514956,0.23522032182265262
211,0.43251090435300815,0.44175029001416566,0.5119959831265847,0.7201956779511585,0.4796140454543285,0.48028828827593056,0.5252426589947458,0.523801168311426,0.3562133081948038,0.23517489429493704
212,0.4892734479569668,0.442770149525753,0.42449653832593676,0.7619041504693087,0.47905711188080186,0.4809178380034335,0.4973979625561913,0.5738795118919682,0.36437973753332853,0.1881454393353412
213,0.4905254180986884,0.44308285513960943,0.4220325975007383,0.763080668921252,0.4788799794819773,0.48105963745181496,0.49635372427077556,0.5739999937447194,0.369749002006233,0.18974955043776442
214,0.4917101502965835,0.443366451345683,0.4196995632929089,0.7641476138769774,0.47879779901188485,0.48119605295080126,0.495340587383352,0.5740230008668277,0.37514229970007323,0.19147837968461615
215,0.49539590802741673,0.44373285362991444,0.41296805524568747,0.7668966080607029,0.4788350636943276,0.4813152233408846,0.49278206672739744,0.5765183188910774,0.38088760145209066,0.19055782704885632
216,0.5003811759225874,0.44419891460500543,0.40360423322209454,0.7705243339409115,0.4790352792037585,0.48137184290908697,0.489148108001806,0.580590901854801,0.38702038015201895,0.1878606329015677
217,0.5009004291251554,0.444269789098674,0.4023164803161111,0.7709798807225229,0.4792921886495458,0.4814610792014062,0.48840488311810765,0.5800117186269936,0.3926137621640822,0.19032639417231614
218,0.5013421014130931,0.44432277981180973,0.4011611729668331,0.7713269387454275,0.47965031823182086,0.4815405123879616,0.48769818105111734,0.5793423698699678,0.3982030532369373,0.19291263842201511
219,0.501705400457631,0.44435903329229487,0.4001377791138502,0.7715655416186606,0.4801099984268919,0.48160967129750887,0.48702809890126797,0.5785848476869966,0.4037836300581425,0.19561808538746667
220,0.5035998554733657,0.4446887834723756,0.39599230804367475,0.7728705085432566,0.4807974440956758,0.48152544388653373,0.48499931108421973,0.5798373481849342,0.4097775501459617,0.19603470732210562
221,0.5035844520691676,0.4446665510793412,0.39555898632308034,0.7727557777697305,0.4814843807041352,0.481560474491774,0.4844939687021486,0.578766990739489,0.4153649999632617,0.19914576731744368
222,0.5034871505383971,0.4446350586183216,0.39525120592568097,0.7725342997390817,0.4822725448102588,0.48158458518152586,0.4840251304345726,0.5776171475950539,0.42092486856268563,0.2023669629064619
223,0.5033077659743062,0.444595610325959,0.395067262721371,0.772206340898802,0.4831613460472905,0.4815977684148903,0.48359236163237396,0.5763904479081019,0.4264526465561191,0.2056958262798021
224,0.5030935705058485,0.4451995886442686,0.3938542355541155,0.7720743567720687,0.4844627769717861,0.4812127094610856,0.4819961636261102,0.5767164150071062,0.4324913619629395,0.2074391099438679
225,0.5024064705060833,0.4451583114929398,0.3944358677307001,0.771314697785811,0.48558248723821085,0.48118923141211567,0.48178266694686217,0.5751383613884157,0.43794324883531166,0.21122924117205477
226,0.5016366846290875,0.44511998621227955,0.3951255643706833,0.7704523719393271,0.4867979595778131,0.48115666914839245,0.4816019665892766,0.5734967988852873,0.44334234639466324,0.21511009839619308
227,0.46873982306378026,0.4494705503950749,0.44033375606209685,0.750429358967961,0.48962743810480513,0.47919757524540707,0.4874811772847647,0.5607851858895805,0.4509427516200541,0.24097286447462668
228,0.45794488234331043,0.4508891478465454,0.45523696450720447,0.7427309363418965,0.49115201023118266,0.4790147134785531,0.49031200336365144,0.5543537671364721,0.45612671950951295,0.2529246221547518
229,0.4554135672370206,0.45187504836237186,0.4583397824397372,0.7403340749444592,0.49259645054185797,0.47899988090360734,0.4909250083467169,0.551744833031538,0.4605836674086448,0.25777336915061516
230,0.452841232277118,0.4529180372989586,0.46144069039550095,0.7378627576373084,0.4941010061145927,0.47899411818328885,0.4915394178775876,0.5491318007535684,0.4649562172283682,0.26264667740405623
231,0.45023283290269034,0.4540196969587318,0.4645356743760936,0.7353190040990395,0.4956625638040847,0.47899883975558044,0.49215327227247174,0.5465189596840819,0.46924288494623895,0.2675410622443806
232,0.2711344610407255,0.46679336598612775,0.7017573823239773,0.5636392702928823,0.49251058023982974,0.48589918492219875,0.5456622993082904,0.44059715072045114,0.49494373273346204,0.4783172918355122
233,0.4124664616976494,0.4563298172671991,0.5820996990732279,0.6642333217663864,0.4867108894810371,0.49434617070957837,0.5238154352598199,0.49062999623915377,0.4633353964456208,0.37243555960121566
234,0.4157667851742592,0.4586983659650961,0.577370578681316,0.6664554892810926,0.4874980253444108,0.4946834940569458,0.5222997592689785,0.4913382954057876,0.46574838061531004,0.3711643012810526
235,0.4190419516060948,0.46100478257765004,0.5727042241890409,0.6685826146590387,0.48836277105387166,0.4950017956847552,0.5207977699648376,0.4919889332714083,0.4682159650834988,0.3700166892905244
236,0.46360658873126076,0.4605043879270441,0.5102512684808581,0.7070699712135928,0.49188830463952865,0.49175632739112735,0.5066740821367406,0.5169543709238473,0.47305373886505403,0.32535086562795995
237,0.512779432414772,0.4610063764141992,0.4349489228788006,0.7446984582705551,0.4979370720017168,0.48545915978756365,0.48864666574639487,0.5456010721491067,0.4823978247868832,0.2757891076687379
238,0.5133259694949621,0.46110794290642726,0.4335090776135631,0.7443153669963465,0.49984062169624777,0.48539622665762,0.48795020519832605,0.5445824164216047,0.4870175204708029,0.27865014802744575
239,0.5137984809965687,0.4611863284537788,0.4321940971462276,0.7438183767818074,0.5018325371210219,0.48531717113146877,0.48728632490502677,0.5435064527179401,0.49160315463193194,0.2816324909091227
240,0.5141964273732783,0.4612424702053331,0.4310030392329344,0.7432077447946736,0.5039111330656257,0.4852224473912503,0.48665465814095155,0.5423759400342615,0.4961502770107455,0.2847328226501882
241,0.5210344195173321,0.4621614480074818,0.419571828885144,0.7469323722046227,0.5077031790552687,0.48284401410691585,0.4829956315699094,0.5457440493934536,0.5016742693367162,0.28026217235660167
242,0.5207088408525297,0.46206243292425403,0.41947154633990047,0.7456619334447105,0.5100250729364428,0.48271537935119824,0.4826249583851573,0.5442391183341634,0.5061903140383331,0.2841754214320171
243,0.5211417608207466,0.4623507327688005,0.4181275074017895,0.744804181335887,0.5129140209492236,0.4818872752691017,0.48165354864451654,0.5435466661316037,0.5107240385493136,0.2869264463730674
244,0.49726445806788777,0.4678886044270949,0.45379885662543273,0.7258929643412746,0.5176564698686932,0.47866930962266324,0.4836769142690498,0.5364985521804468,0.5123982441863874,0.311611032591652
245,0.44872286755013907,0.47297693475723157,0.5234923295614675,0.686350794050278,0.5177024796701373,0.4822704045790526,0.4940146140472894,0.5167039661418408,0.5171694849751938,0.36968025227955015
246,0.44626109531601527,0.47473025662394475,0.526361500182907,0.682951681653698,0.519560429296821,0.48269832276940866,0.49431850121635695,0.5145953097262694,0.5199746761716566,0.3746464973204668
247,0.443819799465182,0.4765565926288586,0.5291670443305619,0.679524289443325,0.5214198717883116,0.4831576420982306,0.49459970562870476,0.5125408169773052,0.522704836635276,0.3795883315079029
248,0.44140575282802025,0.4784568022819647,0.531906338564233,0.6760717064452402,0.5232777429487723,0.48364945548886046,0.49485715112610756,0.5105436265222082,0.525360776365436,0.3845035837058274
249,0.4242785960464302,0.48172672247806,0.5540836991694185,0.6600729177342092,0.5236796470775766,0.4863437251630197,0.49826611018255507,0.5029832450896145,0.5295614442612796,0.40822293484717326
250,0.42213170493642527,0.4841732544536928,0.5565239248017314,0.656541289907179,0.5253522834844518,0.4869994128453964,0.49842230384553754,0.5012055526227892,0.5319022936236572,0.4129514494654442
251,0.4200498864245331,0.48669968173098294,0.558877154973906,0.6530043247253974,0.5270098690917004,0.4876921586800182,0.49854784282903025,0.499499945533787,0.5341783294338103,0.41764442773029126
252,0.41803977973976036,0.48930589401248603,0.561141718395135,0.6494651957091162,0.5286498062717602,0.4884227276536958,0.4986420690459408,0.49786864678251286,0.5363905044585136,0.42230015959902306
253,0.3672009550904845,0.49724765156119527,0.6264383037617205,0.5984871874247721,0.5222420536439834,0.5008870298811556,0.5092161181410096,0.4773469357876796,0.5494038609731531,0.5020464391020543
254,0.36675743968922386,0.5014358252174086,0.6274909834115889,0.5952117513698423,0.5231770641056392,0.5020121727016379,0.5089125694306943,0.47638694431942336,0.5509374572083259,0.5059187257827482
255,0.366450644379687,0.5056961501968343,0.6284207192384857,0.5919781189705098,0.5240797874764436,0.5031745906865587,0.5085693812584395,0.4755159965918269,0.5524231918673811,0.5097329729762722
256,0.4527274686463195,0.49522830585708083,0.6061074965595538,0.6088660272479173,0.5057934545828016,0.5284030351878494,0.5083567564634606,0.4831593458875861,0.5346664994491322,0.4924340101318802
257,0.45586316705138896,0.4974910189764896,0.6021243890495994,0.6103446567247731,0.5071905694250444,0.5285342422762014,0.5069508745398312,0.48331474921335094,0.5354938767844274,0.4900237478441886
258,0.4589740010623505,0.4996993725862367,0.5981940766303524,0.6117518252258457,0.5086602471442221,0.5286238070128313,0.5055746121701137,0.4834378303435286,0.5363741529121462,0.4877451729640848
259,0.5179598808188888,0.4968636000801922,0.5259129405603246,0.661236916698526,0.5232889809230042,0.5113225631962102,0.4945245733418876,0.5020821439280815,0.5393884918913611,0.41612968144480694
260,0.5194922821655642,0.4976421215955724,0.523184888920042,0.6614656743098714,0.5256864142729663,0.5110106378178053,0.4935752329123804,0.5014833933388048,0.5418852506034213,0.4165850145309671
261,0.5209695770131455,0.4983831033311139,0.5205586768977647,0.6615903644526518,0.528156929492555,0.5106655455666388,0.4926600015805609,0.5008523724274618,0.5444041663102192,0.41721845579293854
262,0.5404300038559061,0.5055327091826558,0.4710357204527515,0.6896007920920142,0.5540648525965384,0.4769690407388632,0.4814063445088252,0.512667239878298,0.5547604102964226,0.37154595574659405
263,0.5378687775557547,0.5057821987140043,0.4730222190304597,0.686418569929886,0.5568330495466599,0.4771867026793325,0.4814402231394684,0.5110432663973679,0.557329959117831,0.37657139180895877
264,0.5302551594014845,0.5065765040745359,0.479775551806908,0.6803875016508786,0.5592505661928366,0.4779661917664276,0.4818552169768188,0.5085170147775993,0.5587840974772321,0.38498056304385836
265,0.5276124113448147,0.5070086549357201,0.4818226138972943,0.6770646724909106,0.5619234079941317,0.4783054505163661,0.48187867629166725,0.5070094954619557,0.561091293782244,0.38992840726315264
266,0.5137801584437135,0.5085904163483845,0.49460899435343175,0.6671854194250474,0.5633310725569431,0.4806012178767633,0.48280142766103284,0.5034782423093908,0.5612474301623338,0.4033598989757085
267,0.5111459584760991,0.5093692245035448,0.4966847706062571,0.6637315519387365,0.5657881639567739,0.4811452751537879,0.4827918477362766,0.5021544148993732,0.5632517725634758,0.4081627088087053
268,0.5085336299669853,0.5101981693156532,0.4987292411340283,0.6602567350908021,0.5682158100729631,0.4817264613688326,0.48276759338575437,0.5008962221215563,0.5651735458478057,0.41291631793345784
269,0.5059494793830968,0.5110781838977833,0.5007400010702865,0.6567640839545523,0.5706110708908916,0.4823457655998379,0.4827281367811106,0.4997057842471674,0.5670144150380627,0.4176185485429186
270,0.46206427155431656,0.5167872659458873,0.5448642909209805,0.6254896277688475,0.5638018175391463,0.49687441218360867,0.48637878609727114,0.49109742251364674,0.5659873410999213,0.4661155945355739
271,0.43627179008287625,0.5222750624863142,0.5737542547441559,0.6027875362644953,0.55756300022403,0.5095355333293833,0.4887796694463272,0.48563678190014975,0.5712996562854047,0.5064499327708145
272,0.37625784107065907,0.5365617000320023,0.675006813253101,0.521225170237166,0.5115920163959077,0.5715569696870014,0.5003124237358677,0.46742276653673387,0.6233256553066729,0.693943162803648
273,0.38019579669958825,0.5414481225916008,0.6729142397950236,0.5205170556025156,0.5113599641075758,0.5730109373325867,0.49906608733120567,0.4682378568442587,0.6231064916241619,0.6938962232269732
274,0.40057507816690113,0.5415938404948922,0.6697371511457362,0.5217631463371769,0.5034254620844569,0.5822141374641212,0.4993086186392539,0.4692148547364003,0.6169850300407518,0.6900221176552087
275,0.5309606613329638,0.5222117732625615,0.5573928737063436,0.6082770298146923,0.5362237262175317,0.5421534588574589,0.4925339977897462,0.4880840403750166,0.564904789635602,0.5018556873621701
276,0.5326833879946956,0.5231863428530896,0.5548470862215006,0.6084672480141712,0.538636277473567,0.5415325446055222,0.4917184476934542,0.4876535781926151,0.5659633683904123,0.5008913910556362
277,0.5764935739523542,0.522941265884806,0.5038769271426498,0.6415602054143669,0.56442804001846,0.5102600651059274,0.48699139158525406,0.4941378905181649,0.5776140438209599,0.4502923226946977
278,0.5763601523963539,0.5229200376746983,0.502908561392524,0.6403813076332897,0.5676249137376138,0.5094637879023144,0.486529247901326,0.49319075438486265,0.5798771186700414,0.452697141350822
279,0.5889663792512433,0.5247245480501427,0.4814829801145554,0.6525321006804736,0.5842442678157179,0.4894404970552467,0.48361584677221486,0.49490965421247135,0.5916106058330095,0.4384751947390863
280,0.5873464793586668,0.5253318368470752,0.4782443032497085,0.652555798863872,0.5912802303257414,0.48330266661813637,0.4825256899901839,0.4942910085085443,0.5953959418524739,0.43925453651816265
281,0.5854339010956645,0.5249038240503656,0.47897124982303285,0.6499013296473923,0.5946262081860169,0.4828879886439631,0.4823202670607404,0.4932127620183161,0.5974333597227828,0.4437692644774867
282,0.5764266309239596,0.5221733784018102,0.48377596927626176,0.6354019722073321,0.6098187488126975,0.4831955489904343,0.48171759236476935,0.4882722545050853,0.606209033304871,0.46724024563678285
283,0.5668170409910681,0.5237870941800705,0.48581089551374357,0.631700982163248,0.6159955612300858,0.4779518855680462,0.48038589639326756,0.48765362686687314,0.6048014340804875,0.47043249169332485
284,0.5643198077057977,0.5234698853207951,0.48710393599115864,0.6284104001656196,0.61898680066633,0.4780070368383318,0.480213982429209,0.48697457268916405,0.605854837747111,0.47488452647818236
285,0.5618046191700987,0.5231652601778483,0.4884096467943576,0.6250879215133174,0.6219342329086599,0.4780972349141934,0.48003881480617705,0.48635599249233613,0.6068052036690375,0.4792762393098874
286,0.5592761304256134,0.522874173900409,0.48972529528144954,0.6217369405953053,0.6248348234094906,0.47822378490484335,0.47985998137527913,0.4857993872091256,0.6076535090338548,0.4836028599113121
287,0.5567390711326768,0.522597542878344,0.49104821776461427,0.6183608962067917,0.6276856131436916,0.47838794334944845,0.47967713051648486,0.48530611684270153,0.6084009480534947,0.4878598929793172
288,0.5337871173604776,0.5255108483029797,0.5047314709993044,0.6065896528709074,0.6248669980177063,0.4863391941654122,0.4780400272430665,0.48509900887992013,0.596014581137593,0.4965505376524269
289,0.5237835392286643,0.5268758929994704,0.5118270147062495,0.5993863423500922,0.6232992205665396,0.4925421283864348,0.4774165514967648,0.4850685439897333,0.5922853181165393,0.5041350839872633
290,0.4727769451049666,0.5359493662403345,0.5613981285700823,0.5657694544644756,0.5846131162645066,0.5499538653581791,0.47616541540091195,0.4848008545110924,0.5973294635614781,0.5796338690672895
291,0.47298362616971723,0.5380724894861785,0.5619226915840312,0.5634898146541537,0.584751949869236,0.5519186681509558,0.47573762827286425,0.4856139602469235,0.5986437942635096,0.5826808880064118
292,0.4733350854364996,0.5402327980283438,0.5623748783316798,0.5612647246756223,0.5848337898685084,0.5538966000349,0.475319459314999,0.4864968000851679,0.5999571300850749,0.5856725804051689
293,0.4738324283883497,0.5424283609252802,0.5627550582330818,0.5590948696149083,0.5848594397907015,0.5558860848256743,0.4749128295837257,0.487447145079646,0.6012679084341096,0.5886074521886755
294,0.4744763611090105,0.5446571074434984,0.5630636774910064,0.5569808384226976,0.5848297844254169,0.5578855042224147,0.4745196933668332,0.4884626860279131,0.6025744176105381,0.5914839082771853
295,0.4788041769434194,0.5510275415456215,0.5614489752671723,0.5521536101537304,0.5872426752983564,0.5603361357589408,0.47341274338771283,0.491868954246366,0.60424500438568,0.5942768933229705
296,0.4798845220375123,0.5533018730382475,0.5615429762749033,0.5502012292152899,0.5870552406365936,0.5623604806004451,0.473090965818057,0.4931038353383867,0.6054825785962569,0.5969372327222172
297,0.4811098760219968,0.5555989621773494,0.5615692807649042,0.5483067753707089,0.5868156258295876,0.5643885812483089,0.47279151069367054,0.49439235491366496,0.6067086631379963,0.5995325081141523
298,0.47950974023740517,0.558987621828543,0.5661114941384577,0.5440541002706586,0.5792259177488204,0.5755992093649793,0.47270362848509273,0.495693807837892,0.6138616008485492,0.6155922428474452
299,0.4813796808215555,0.5614521613721228,0.5658424746310647,0.5424364928614093,0.578771876305462,0.5776024877872412,0.47247554532613406,0.4971103177787507,0.6151081682868973,0.6179404556294655
300,0.4833839109847835,0.5639251926020183,0.5655078555804363,0.5408745962331706,0.5782760076583597,0.5795975492465859,0.4722793231464461,0.49857034254869587,0.6163267295243047,0.6202094045958298
301,0.4855191797002445,0.5664035345543582,0.5651088328330477,0.5393680492445347,0.5777398354417104,0.5815824590381546,0.47211699151351116,0.5000712517778941,0.6175144289772925,0.6223965603678626
302,0.551222156346606,0.5490030615637553,0.5577900431885746,0.5489938257464736,0.5322057741960267,0.6254574720919439,0.4982407777219925,0.484066333758718,0.6179943770335584,0.6320351650559369
303,0.5528643398225455,0.5498565145227902,0.5562728964073477,0.548687104620806,0.5342553517132217,0.624116245304076,0.4983603959309528,0.4842086079459781,0.6166304429424658,0.6288994425532684
304,0.5544646289450226,0.5506852359814087,0.5548124134170007,0.5483420398685797,0.5363513429557051,0.6227259387841823,0.49851834999875866,0.48437058172198433,0.6152983670656706,0.6258899149524385
305,0.5560218278966929,0.551489244877582,0.5534102413275565,0.5479584359644707,0.5384919053910953,0.6212887113334086,0.4987132016344866,0.48455328792667435,0.614001021500026,0.6230159245799821
306,0.5575347922144916,0.5522685734725038,0.552067900385294,0.5475361472494389,0.5406751474660171,0.6198067916425659,0.49894345168861576,0.48475775484107864,0.6127409908772711,0.6202863743026636
307,0.5590024279749505,0.5530232664355644,0.5507867824000262,0.5470750802824955,0.5428991327838799,0.6182824745647589,0.4992075438638184,0.48498500265088085,0.6115205586169553,0.6177096969884001
308,0.5607704631838578,0.5545246679317216,0.5490871541048047,0.5457391660007537,0.546011357291747,0.6165512785897843,0.49961756793784284,0.48568651687827913,0.6102969065309741,0.6151102392707204
309,0.5621573702529252,0.5552311521777712,0.5479665518240235,0.5451784849685719,0.548312948958499,0.6149262041086202,0.4999830456923799,0.48600070929119377,0.6091562953624899,0.6129443919499512
310,0.6040720344001542,0.5637338507360687,0.5192712358884851,0.5589065914612299,0.6321989149849936,0.5236341965118276,0.5037979426676092,0.48363311101640516,0.6102533218458086,0.5693847323791759
311,0.6021086345564393,0.5631662576650238,0.5200465385928884,0.556885340671804,0.6352760079794997,0.5224275995245267,0.5035579157568632,0.4838809147504415,0.6105852520238128,0.5729565399661217
312,0.6000938373101241,0.5625798949306245,0.5208706159688183,0.5548311411682311,0.6383250488682374,0.5212460378823726,0.5033144049542005,0.48418220798534484,0.6108480444346666,0.5766053140379895
313,0.5962452591448513,0.5625987503702878,0.5213836286966559,0.5513368747461997,0.6513579562040392,0.5095710276276029,0.5017216252314858,0.4859324779377334,0.6152798199986715,0.5860819027891631
314,0.5938093460279967,0.5618646924852159,0.5224765601393949,0.549038729388328,0.654199304506115,0.5087023491543331,0.5013824839680939,0.4864651371767815,0.6151308713960316,0.590091968527336
315,0.5913406288333928,0.5611164017778976,0.5236005113090345,0.5467255500984651,0.6569932051584477,0.5078694617522488,0.5010353579968668,0.4870545220613593,0.6148905398090047,0.5941078142684082
316,0.5888424899763522,0.560354527812073,0.5247530146433717,0.5444004040545674,0.6597371405528477,0.5070736388094222,0.5006797742818967,0.4877006099336448,0.6145572034810172,0.598120971965487
317,0.5863184054089342,0.5595797232869173,0.5259316275425383,0.5420664014983306,0.6624286515015422,0.5063160791794399,0.5003153211343739,0.48840325051948025,0.6141294757424844,0.6021230818942157
318,0.5687368125102864,0.5619600333200296,0.5267027666112725,0.5398603405462578,0.6707046054785086,0.4919723115200846,0.4909487362613745,0.49697444876056607,0.6104331246383377,0.6017104715770694
319,0.5661199756946778,0.5612590381754063,0.5279483795114689,0.537366295512901,0.6720576970564733,0.4927730738681824,0.49040970158028985,0.498200310677635,0.6091430434987356,0.6044575392852357
320,0.5610367076195071,0.5605964752258757,0.5293602369543181,0.5348839365073006,0.671128384693074,0.4959511040853613,0.4887681020943295,0.5002989229290526,0.6056035029794882,0.6046884172633726
321,0.5586783462146846,0.5599853141595975,0.5305233095599269,0.5325210778825259,0.672145392403686,0.4969802815428282,0.4882553855005488,0.5016515826735142,0.6043285417823462,0.6070428498674856
322,0.5509863603779107,0.5593653941534683,0.5319992969663467,0.530452298361534,0.6658001693601511,0.5066824630294271,0.48542332719258735,0.5046321007688149,0.5983371553148354,0.6033850300953562
323,0.5491979661264584,0.5589724568083242,0.5329715220292529,0.5283382410658661,0.6662715915669423,0.5080821200268477,0.48501678195277553,0.5061329833644604,0.5973815177578853,0.6052030357409528
324,0.5318654267851117,0.5590822148124359,0.5356410973960039,0.5316673288829921,0.6119125635586897,0.5794016223340912,0.47985751793989095,0.5093169683360214,0.6087065106928314,0.6089521707581479
325,0.532764140189174,0.5597230443821286,0.5356751299806158,0.5305369169318587,0.6110596404158017,0.5812650442019472,0.48027451197099985,0.5110505117949908,0.6101216895217347,0.6101917924580016
326,0.5367634051616335,0.5575116845690695,0.5382456980043843,0.5425228189637838,0.5251969662081531,0.6724704895343362,0.4915241495979179,0.5013930572713317,0.7044230109366306,0.6927376855646028
327,0.5399206156543629,0.5587244610641697,0.5372372558737183,0.5420074072171079,0.5248820463962176,0.6725050854032313,0.4931285536882672,0.5029554054533389,0.7045616181073208,0.691787569674645
328,0.5431042109673295,0.5599190991403303,0.5362157200908043,0.5414904481484041,0.5246033787703136,0.672461369732829,0.49479773525610465,0.5045454759701967,0.7045597577730272,0.6907007201450487
329,0.5513676831336554,0.5558789359952365,0.5345072387813045,0.543413271821104,0.5091869842715752,0.6806830985474888,0.505334344588415,0.4979748322432775,0.7073972544524454,0.693290121238476
330,0.5555867799184766,0.5555667311147409,0.5331576501001637,0.5427894710369096,0.5098316267755941,0.6779852770164558,0.5093325733466224,0.4973901507592231,0.6998422770279553,0.6858534590337744
331,0.5582836518332529,0.5564903417614536,0.5321952586192737,0.5421514998520148,0.5107673659209551,0.6764703430925443,0.5111777728550516,0.4987073675581935,0.697593032411838,0.6827992469102958
332,0.5840257251962775,0.5667017078533088,0.5236997808856596,0.5358111333884613,0.5190438418995009,0.6630219277336421,0.5283808482082349,0.5170346792343105,0.6836655599529641,0.6596934967355894
333,0.5851165391081518,0.5669583835057751,0.524821505692467,0.5284299768973703,0.5486250083859496,0.6289575775597133,0.5417762119828522,0.509927934721599,0.6249616933065344,0.6259803824607598
334,0.585978720419285,0.5692185115477264,0.5255687343311168,0.5257152596161485,0.5604682388790446,0.618045207970999,0.5444707305603225,0.5110684349956561,0.6141475776646246,0.6222406496191961
335,0.5873516123996819,0.5790680544768841,0.5286075713058588,0.5189637448762406,0.597761656119911,0.5865508559676667,0.5477519508241417,0.5154347912521822,0.5970247266978733,0.6263224135475939
336,0.5863458060241102,0.5790136176007122,0.5295152040545325,0.5177800292164366,0.6000965492801269,0.5850642623507336,0.5481111456245158,0.5169266568680078,0.5961199667814842,0.6285108334031111
337,0.5852830597394736,0.5789346696273079,0.5304731981948213,0.5165900771554577,0.6024094541032546,0.583628598952815,0.5484406923255376,0.5184641867730089,0.5951863423711611,0.6308366546973272
338,0.584164406748587,0.5788309618745934,0.5314798397747116,0.5153959193733761,0.6046984725207104,0.5822456201306464,0.5487392325661509,0.5200471300875692,0.594220282915718,0.6332929404758739
339,0.5829909625286432,0.578702259509236,0.5325333739490039,0.5141996317240533,0.6069617298567704,0.5809169290567726,0.5490054569962001,0.5216751704430681,0.5932182817885802,0.6358724162328085
340,0.5762341791905515,0.6006145176646135,0.5382154287402283,0.5057464747389656,0.663022176322769,0.5283057053057947,0.5396605201645548,0.5464548491557429,0.6030014786563125,0.6747332541133599
341,0.5732249115924068,0.5993588181367624,0.5397755617538289,0.5044568785286743,0.6642138979936564,0.5288194238209518,0.5386320752566028,0.5485286110503045,0.6008158689960846,0.6775680412296292
342,0.5702380604752357,0.5980763779366589,0.5413418744121011,0.5032070391976375,0.6653319144670709,0.5293627290136669,0.5375885316536351,0.5506186284153335,0.5985888166868234,0.6803053608635087
343,0.5672785908444294,0.5967683284508424,0.5429125698371087,0.5019987535117467,0.6663753918451745,0.5299340730372398,0.5365315210074246,0.5527217165694589,0.5963250475803372,0.6829421428566531
344,0.5643514264819677,0.5954358052921276,0.5444858920375787,0.5008337411525189,0.6673435946456073,0.5305318709130796,0.5354627839023782,0.5548346302974246,0.5940294222905347,0.6854756453651908
345,0.559457862463724,0.5937531510348494,0.5447083630106384,0.5013380727618374,0.6661957418737737,0.5289453992743817,0.5303490990019485,0.5602205930914531,0.5928687928403878,0.6808365117984111
346,0.5567288812281993,0.5921867755924264,0.5459739504748871,0.5005574838973631,0.6661567777798765,0.5298819852534224,0.5289791821813427,0.5624103218238353,0.5908082122460795,0.6816025274180276
347,0.5542336118531614,0.5907258648482784,0.5473855219832992,0.49962753315129604,0.6664202943742806,0.5308190139398334,0.5279534988753465,0.5643971750882809,0.5887079859226114,0.6831031969312845
348,0.5518176751640695,0.5892536409020093,0.5487865353625637,0.49874994197120764,0.6666096141171568,0.5317639345763575,0.5269409130817762,0.5663643238187628,0.5866363112611208,0.6844953653476467
349,0.5494849697708906,0.5877712127258181,0.5501757523611386,0.4979254362165667,0.6667253585897627,0.5327151547324027,0.5259443285621349,0.5683082784320381,0.5845978452111142,0.6857797493183349
350,0.5472391780291238,0.5862796501806335,0.5515519741009726,0.4971546419774779,0.6667682663032327,0.5336710985615508,0.5249667276039588,0.5702256042473061,0.5825971258172428,0.6869572520216558
351,0.5452225235524134,0.5833498871028827,0.5511629563762918,0.4986528134781113,0.6618537986331859,0.5365071306716102,0.5221689613439605,0.5721148912603463,0.5826846189689715,0.6794089678622968
352,0.544975815277787,0.5788178084853739,0.5486377621229294,0.5027811608121854,0.6512320968780991,0.5437947219575271,0.5196807015160984,0.5720211929504674,0.5864372604472401,0.663999187072425
353,0.5439196257232733,0.5774548531796166,0.5495922866104118,0.5023266957348141,0.6505531816676317,0.5449282973451639,0.5193235159335697,0.5735192808077723,0.5857126983081002,0.6640950380945736
354,0.5429805671772396,0.5760954178018154,0.5505250462940019,0.5019207510406006,0.6498272574171795,0.5460454467224225,0.5190244791742243,0.5749687530656621,0.5850661173209913,0.6641139184242658
355,0.5421589379625732,0.5747399649294049,0.5514354880043287,0.5015627964848355,0.6490565837561884,0.5471448893812909,0.5187868134044853,0.576367618616528,0.5844977425280352,0.6640576305952388
356,0.5414547139476197,0.5733889028083584,0.5523230892150423,0.5012522266656668,0.6482434887714476,0.5482253678499579,0.5186136941978451,0.577714078863235,0.5840075286556977,0.663927931194342
357,0.5408675508473434,0.5720425880668768,0.5531873573682385,0.5009883634051276,0.6473903637592152,0.5492856472995346,0.5185082394173997,0.5790065340522986,0.5835951629145224,0.6637265225636254
358,0.540396787721196,0.5707013288135101,0.5540278292685938,0.5007704582625547,0.6464996577572729,0.5503245148427127,0.5184734979073389,0.5802435888598397,0.5832600687801986,0.6634550454131412
359,0.5400414516500595,0.5693653881019543,0.5548440705480209,0.5005976951708755,0.6455738718699012,0.5513407787440264,0.5185124380363002,0.5814240572029306,0.5830014107325574,0.6631150723692953
360,0.5527774531752223,0.558828035355929,0.5423015896759018,0.5169153882324419,0.6151445462361671,0.5799218433403044,0.5270228291085949,0.5670625130752076,0.6170960405907687,0.625814557608023
361,0.5538696080615187,0.5578878373604511,0.5424736947023346,0.516837098975962,0.6141575033028263,0.5806606880504448,0.5285265447787532,0.5679808483223595,0.6184311052483625,0.6248322897076181
362,0.5720321079428345,0.5461907511870533,0.524030549748328,0.538323595907347,0.5798120796589309,0.6230677390457892,0.5510965598596809,0.5443144359056186,0.6757491829108093,0.59882403405662
363,0.5740910395954524,0.5457099171076589,0.5236459969535429,0.5380269656124954,0.5795039603246456,0.6227840990076889,0.554077914775085,0.5455263813103588,0.6770537823368397,0.5972413322701426
364,0.5761721597803163,0.5452324149189028,0.523253663993974,0.5377253455532697,0.5792395145692223,0.6224215451075202,0.557123291281283,0.5467559189451835,0.6782481930177479,0.5955926867332959
365,0.5782707625254213,0.5447583672584194,0.5228543474283504,0.5374182667389368,0.5790185687521082,0.621979797080562,0.5602298950086266,0.5480048571259417,0.6793289846579234,0.5938786814739904
366,0.580382186253556,0.5442879375253679,0.5224488493329468,0.5371052856288265,0.5788408113852238,0.6214586956606276,0.5633947487128114,0.5492750128618471,0.6802930610583822,0.5921000947221832
367,0.5903102237685592,0.5363763025085173,0.5078673751647627,0.5519713163414951,0.5556293232260239,0.6485544959123987,0.587797745121246,0.5266841155401217,0.7178154524335241,0.5836880276865027
368,0.5922804965113054,0.5362696517048268,0.5073692760292267,0.5512616993854268,0.5562422224832657,0.6466509900852184,0.5913963571723592,0.5285166205810135,0.7169635870434639,0.5814411170573233
369,0.5942177146703002,0.5361700320270406,0.5068854309476845,0.5505344477618473,0.5568833719797928,0.6446738109324437,0.5949942320465061,0.5303950482394524,0.7159731882306458,0.5791623985206212
370,0.5958803710392908,0.5351776968203356,0.503951260355981,0.5523528172027676,0.552702470293142,0.6464275376352088,0.6025720554890386,0.5266665752261875,0.7181701395666656,0.5768975543377537
371,0.5975946375104625,0.5351846515625371,0.5035503016111568,0.5514962073679499,0.5535285788358035,0.6440404172342297,0.6060783298944552,0.5287230666152068,0.7164959283938119,0.5746108091027853
372,0.59926463091505,0.5352013028189209,0.503170396371089,0.5506223287955917,0.5543687463288143,0.6415989953999882,0.609560163346675,0.5308239353341432,0.7147040139792802,0.5723233119303478
373,0.6008886321282921,0.5352282157913555,0.502812099608149,0.549731837517684,0.5552202539901067,0.6391075256871098,0.6130135416912323,0.5329679912400894,0.712798332804815,0.570040328205572
374,0.6024650312701456,0.5352659547908492,0.5024759317973959,0.5488254182717438,0.556080393720884,0.6365704423017455,0.6164344966835353,0.5351538672811693,0.7107829381974053,0.567767144787974
375,0.5980859918560851,0.5369380050916813,0.49997109719854393,0.5502459641072466,0.5486780955644956,0.6361233927396942,0.6233723301533629,0.5276924170694232,0.7020961621026253,0.5693799232732895
376,0.5990726432151533,0.5371949354808888,0.4999091969752365,0.5491565586654492,0.5497016767229704,0.633249370015536,0.626263089405302,0.5300017530516727,0.6993526060099394,0.5676896373701876
377,0.6000057988472252,0.5374637310781443,0.4998791910335986,0.5480543288363283,0.5507128168353754,0.6303811212279201,0.629094770588715,0.5323391083851932,0.6965505516681149,0.566067889961508
378,0.6008849292816298,0.5377445489222105,0.4998811091701247,0.546940413802636,0.5517092146987419,0.6275246355486717,0.6318645114679344,0.5347018785581106,0.6936938163801657,0.5645189766006785
379,0.6017095601014402,0.5380375147197388,0.4999149395125047,0.545815981630216,0.5526886547637341,0.6246859372897432,0.6345695532393929,0.5370873368020108,0.6907861123737163,0.5630469535557302
380,0.6024792689918813,0.5383427216698002,0.49998062927469444,0.5446822284798016,0.5536490100991799,0.6218710697996763,0.6372072430912429,0.5394926410765991,0.6878310378818265,0.5616556230352161
381,0.6025189416680532,0.5390270335908216,0.5001446056804101,0.5434857307848038,0.5541814518710229,0.6190468451931413,0.6395886391683658,0.5415570373578759,0.6838187561040234,0.5609793868442857
382,0.6083101746323354,0.5390567053585414,0.5006733116871619,0.5380627805728051,0.5602653365375589,0.6056143643809127,0.6526109772022919,0.5551540615246053,0.6724912940847771,0.5526783198772354
383,0.6087980049239586,0.5394160075714713,0.5009059844570015,0.5369033470041166,0.5610459177091154,0.603065657657066,0.654839388333839,0.5576440146829383,0.6692894830287509,0.5517509510444231
384,0.6092286315612292,0.5397882463003812,0.5011678213890817,0.5357443857848254,0.5617945038434693,0.6005805820318656,0.656983648859861,0.5601299850433621,0.666059847130241,0.5509205513514028
385,0.6096019299319749,0.5401732854297183,0.5014585054927504,0.5345872484719804,0.5625097196932204,0.5981647345881573,0.6590419633379474,0.5626083738278089,0.6628050967182769,0.5501886456780328
386,0.6099178094460153,0.5405709504232479,0.5017776895627764,0.533433301936597,0.5631902842722126,0.5958235834040998,0.661012652527167,0.5650755538807996,0.6595278063439272,0.5495564348916835
387,0.6101762121582862,0.5409810280969461,0.5021249974564638,0.5322839265215009,0.5638350095183207,0.5935624501226157,0.6628941521826889,0.5675278826102813,0.6562304176705699,0.549024793397484
388,0.6103771116211201,0.5414032665162729,0.5025000254014557,0.5311405140854061,0.5644427986184246,0.5913864927265254,0.6646850114842632,0.5699617152256566,0.6529152435202681,0.5485942680544504
389,0.5845210831993933,0.5600894420063198,0.5086614075763992,0.5244658090117449,0.5561333377548884,0.5955148307309118,0.6456034249987045,0.5724737366490305,0.6191510833720609,0.5791580211238909
390,0.5837048982779003,0.560611807580819,0.5094780821997301,0.5234837880595188,0.5566149120233841,0.5946026056470898,0.6461608444822304,0.5745296980118711,0.6162042524319139,0.5803265023153388
391,0.5067944286944124,0.6199597655782046,0.5315111651144017,0.5006346189754174,0.5830478558669187,0.6127564786526316,0.5891070265105305,0.655268140808738,0.543858035445213,0.677454280918949
392,0.504360696893313,0.6189324494595486,0.5331304096172028,0.5006265281853193,0.5834970096863724,0.6143905074259395,0.5865992610791778,0.6582039695978604,0.5414934114718706,0.6793483474272395
393,0.5019699452548487,0.6178532498476327,0.5347721248735462,0.50064626706613,0.5839078903709931,0.6160364672159372,0.5840269613752087,0.6611164005400997,0.5391420101894135,0.6811740823254916
394,0.49523991695770436,0.6193457756805422,0.5382149385197824,0.49872703288853365,0.59160324161663,0.6137508959272914,0.5732265490451478,0.6771411352727335,0.536515999013668,0.686235568760253
395,0.5080277469105966,0.6069664564036522,0.5373770224694733,0.5014276847784741,0.6001136471072293,0.5880660641466863,0.5577021024881756,0.6776431903881016,0.5576954572100072,0.6594873741295514
396,0.5078045470877219,0.6050103456198523,0.5386136418699743,0.5017458269466045,0.6000756913287042,0.5885385575516655,0.555670658550323,0.6781681987466834,0.5568397599910586,0.6589466826686485
397,0.5076834009892144,0.603033072604905,0.5398522956142716,0.5020806355605689,0.6000365803976846,0.5889501865626644,0.5537137463462825,0.6785678098834954,0.556058105046344,0.6583414923483152
398,0.5076629478918409,0.6010356395630364,0.5410920749744242,0.5024313791013821,0.5999981168367494,0.5892999121017024,0.5518372469542135,0.6788432047890505,0.5553496121430122,0.6576727039718278
399,0.507741578303086,0.5990190353866254,0.5423320682384329,0.5027973063410007,0.5999621021049096,0.5895867899043304,0.5500469541500379,0.6789959287884288,0.5547131975607363,0.6569412179961571
400,0.5079174411941868,0.5969842380142051,0.5435713614595403,0.5031776479956267,0.5999303314652054,0.5898099680847154,0.5483485522164272,0.6790278850896339,0.5541475822952433,0.6561479335004413
401,0.5374214899122767,0.572365047120077,0.5424916395825342,0.5099399059982733,0.6026020762909614,0.5663473537044484,0.5586820997836242,0.653877321767103,0.5819257024950564,0.6141693781242941
402,0.5388269024392571,0.570368652913174,0.5433316272253631,0.5101714762170803,0.6029410629585938,0.5655635443888886,0.5593571024423545,0.6527164283886154,0.5820304785455223,0.6123705680468267
403,0.5402763374096892,0.5683700077542455,0.5441637212949039,0.5104060438854259,0.6033097986228774,0.5647160744283448,0.5601723546937075,0.6515092669093855,0.5821416112748273,0.6105299364074124
404,0.5417653592375745,0.5663700799276579,0.5449874327140217,0.5106429363180517,0.6037088000902462,0.5638052186821836,0.5611282890713287,0.6502624101544335,0.582255957929365,0.6086487986885397
405,0.5432895057846523,0.5643698760844486,0.5458022808393832,0.5108814906391933,0.6041384886953339,0.5628313131510547,0.5622249313220716,0.6489825178876868,0.5823704433745488,0.6067285278102962
406,0.5448443031031108,0.5623704445497303,0.5466077941604017,0.5111210549877092,0.6045991888018363,0.5617947564953691,0.5634618941058702,0.6476763100782726,0.5824820693062166,0.6047705583279794
407,0.5563380837388933,0.5538847302808224,0.5449550393887372,0.5136508563808748,0.6073583669517809,0.5524843822605854,0.5774557824123676,0.6386246156081076,0.594834082110615,0.5882469258154526
408,0.5593905773621822,0.551050697903927,0.5452185441865145,0.5141173313352242,0.60839509331602,0.5499972231308252,0.5815922408881987,0.636388541862469,0.5966097882674404,0.5839240804857417
409,0.5610751740288024,0.5491705958791272,0.5458208332493499,0.5142169991684997,0.6091304052906005,0.5485280948070521,0.5839224670826633,0.6352344471650608,0.5966016767093685,0.5816538451674225
410,0.5627571857458218,0.547300879717289,0.5464125393147754,0.5143134614490061,0.6098968938573529,0.547002308989459,0.5863680851439923,0.6341050662750009,0.5965584751385757,0.5793607991368627
411,0.5683203635804783,0.5426775982240697,0.5459023136536362,0.5153965387171561,0.611964882411894,0.542113341198747,0.5956802926026048,0.6302951448682768,0.6015815199097577,0.570759882672807
412,0.5699751231786867,0.5408853826175785,0.5464078834429364,0.5154277632114618,0.6128580261836938,0.5403910247350044,0.5985471290685331,0.6293561418032876,0.6013973373075973,0.5683688160180295
413,0.6045974089643243,0.5101326077599183,0.5275386536769708,0.5337263284808637,0.6292475495337658,0.5199710270549076,0.6959362199380366,0.5954132506334824,0.6569483903683697,0.4884461878182873
414,0.6053329655204656,0.5095941103576649,0.5273395110613268,0.5328087500437938,0.6307645190093716,0.5173285708574946,0.6991019966316702,0.5968477401979626,0.655117609312694,0.4863774498430004
415,0.6060105446782987,0.5091005746437998,0.5271428064210573,0.5318836632216176,0.6322597685340133,0.514703549722036,0.7021866294255104,0.5983496564059867,0.6532071547700226,0.48437506366245076
416,0.6066296916194386,0.5086528395700622,0.5269486547523236,0.530952001822541,0.6337304374608134,0.5121017942228733,0.7051857238953424,0.5999168173441515,0.651219631361477,0.48244189817355776
417,0.6081371149027522,0.5078384548789777,0.5271438674601538,0.5274226819429635,0.637881908709065,0.5039068436987039,0.7114753170765665,0.6063227798447324,0.6437247778143868,0.47888928983108286
418,0.6085767536518177,0.5075116874899777,0.5269765544809978,0.5265092396590152,0.6392412556012265,0.5014422474163593,0.7142022716090668,0.608066277286808,0.6415145514904129,0.47717944350097063
419,0.608956664181433,0.5072340485455281,0.5268114625225129,0.5255939606875429,0.6405650315320509,0.499026165619266,0.716827823311712,0.6098640284903976,0.6392394434927893,0.47554860468792726
420,0.5688228456363852,0.5373487637028455,0.5124308939716116,0.5385777731676518,0.6060806852620786,0.5507460818749537,0.6791702027705048,0.5751108184068746,0.6259405257358084,0.49296803197026534
421,0.566270293970517,0.5394548800832981,0.5121690657849803,0.5374289206663678,0.6050231587006408,0.5520251312585387,0.6771388372348375,0.5768134859433385,0.6221720476197886,0.49566826324240654
422,0.5649520654292464,0.5405293879752854,0.512070450564097,0.5361644649225734,0.6051377394617576,0.5520840487914792,0.6768838625384036,0.578592850078466,0.6192726719629781,0.4970353789291909
423,0.5635931524478971,0.541602631673157,0.511995381572697,0.5349127367016837,0.6051846896798521,0.5523195616254192,0.6765608709489594,0.5803430163157428,0.6163560166710382,0.49846443467804535
424,0.562194681156983,0.5426727361943403,0.5119437151064234,0.5336753491672189,0.6051636362292039,0.5527322736541305,0.6761699325173238,0.582062006697343,0.6134239816117069,0.49995167412782465
425,0.5522758391043239,0.5503247447321098,0.5115692045174343,0.5328491579389782,0.5965011488924746,0.5636861636852735,0.6630245988003165,0.5845472688085388,0.6043225472676867,0.5112464734668916
426,0.5499746846534794,0.550847503255569,0.512096843473394,0.5271346420822076,0.6007732839226945,0.5628262741378086,0.6683673539707418,0.5913596193349181,0.5941269054955114,0.5135298192580001
427,0.534694970051739,0.5618534431193145,0.5124143053921371,0.5260687868047201,0.585522120659434,0.5833038734016461,0.6455975118964837,0.596584355574026,0.5807695957310569,0.5309420907330439
428,0.5206334615086472,0.5712243441791702,0.5131348451236724,0.5249286301569098,0.5716549720489718,0.6020883731198191,0.6252298838788352,0.6046466264566492,0.5680088981565744,0.5469671759350146
429,0.5187295725700778,0.5718541315850305,0.5135258687920884,0.5241539305340824,0.570752846061514,0.6048545125788066,0.6236635046773897,0.6060746468268844,0.565392457405686,0.5489923532734986
430,0.47124313849223237,0.592891796805134,0.522624600121763,0.5209457389684788,0.5274624277288957,0.6741533519646077,0.5447075731355867,0.6574177424123957,0.5202997115063317,0.6020300555138952
431,0.46141827655882395,0.5968445722273727,0.529916194688635,0.5171622025288932,0.5260017579303629,0.6874765360739562,0.4748328965107331,0.7093113429542615,0.5009681142206697,0.622630868310573
432,0.46183076391208866,0.5952474732414893,0.5311828495250545,0.517514924958806,0.5265180504960082,0.6885338445319172,0.46953194533192727,0.7093328133202774,0.5013872442383166,0.6224707009763655
433,0.4629402552853136,0.5932870412607505,0.5325565716979102,0.5177990096368105,0.5280807920764482,0.6884950212753626,0.46343459033211326,0.7093888914000401,0.5021775315641017,0.6219556589061037
434,0.47260999309529916,0.586754353085089,0.5345320131972112,0.5175027838744696,0.5425071813887865,0.6742595710198347,0.45253899584359925,0.7072379344007709,0.5080825409560491,0.6159861180664445
435,0.4736511993188901,0.5848810451545584,0.535783593682861,0.5178396301764432,0.5436321231027545,0.6742790094754206,0.44802167908170665,0.7062108411358927,0.5089622017892059,0.6152553882802781
436,0.474750354988869,0.5829790166381321,0.5370462684770907,0.5181698948556422,0.5448043314113451,0.6741922411751514,0.4436097381745895,0.7050669749242051,0.5099044444727321,0.6144780658846756
437,0.545156772340595,0.536681138121172,0.5332658438408279,0.5193203117930892,0.6400552596762223,0.5300025987611505,0.5202005211460798,0.6501965485431407,0.5670974713622842,0.543433073279743
438,0.5465310094705202,0.5348662493114563,0.5337773972426049,0.5189092932658712,0.6424744195761228,0.5271606450792374,0.5224739589763675,0.6478924886536009,0.5671459385568703,0.5416891807273732
439,0.5478727839624172,0.5330721369595673,0.5342838860860463,0.5184951361246087,0.6448908285947311,0.5242615041038095,0.5248965608524566,0.6456261374511713,0.5671522366864058,0.5399743279493787
440,0.5552908793906529,0.5265679473159829,0.5338210595719792,0.5184583618956319,0.6554409107062305,0.5051492191958207,0.5444909183197746,0.6388109886943389,0.57275013421005,0.5300037256997313
441,0.5564587268909655,0.5249225356683899,0.5342330927061849,0.5179315675638673,0.6578492128308728,0.5020457167156388,0.5476274531711163,0.6368456463868831,0.5724676686530243,0.5284043683690507
442,0.5575845247487285,0.5233079534592399,0.5346391670744738,0.5174050703910217,0.6602400370287057,0.4989059348563254,0.5508719549823164,0.6349504586227952,0.5721355917224703,0.526851385765734
443,0.5738836343583035,0.5090231774901595,0.5318905481169728,0.5181949153290955,0.6842136600445409,0.4484557551691509,0.6140249640845037,0.6231426972367268,0.5868368709966647,0.5014358002599952
444,0.585266613805338,0.4988508206994196,0.5215077366032583,0.5246748904908435,0.7074710907831002,0.40058388889850793,0.7358400147219687,0.5978490387313052,0.6066896558791266,0.4647035051170902
445,0.5845531159058736,0.4992967298185947,0.5211763921038642,0.5230126526700952,0.7089162443011341,0.3998342711193806,0.7373976932841874,0.5991403333636947,0.6042656730287892,0.46538505770650984
446,0.5837919521985867,0.4997821703422848,0.520846149005731,0.5213791148908492,0.7102742477449788,0.39926556019229587,0.7388413143854993,0.6004726531998384,0.601802938347323,0.46614214494758904
447,0.5829837349551326,0.5003058258700018,0.5205169135891482,0.5197763532239984,0.711544114070396,0.39888165935007885,0.7401705080422888,0.6018418757335273,0.5993035158718998,0.46697229861834605
448,0.5786074937918104,0.504206226435765,0.5189056392859249,0.519295831282684,0.7093267957593193,0.40877791237772326,0.7435514739881718,0.5989044140134607,0.596085838784089,0.4691694651848838
449,0.5775331625624893,0.5049622829166156,0.5185516099028443,0.5177178663332956,0.7102089907512965,0.40936922941214365,0.7441152630006861,0.6003869494823212,0.5934399206807307,0.47035856415660554
450,0.5764169877318889,0.5057447729871687,0.5182002593745934,0.5161784510562331,0.7109970127596773,0.41016195837842034,0.7445725372481853,0.6018781212760456,0.5907694853120328,0.47160294756162446
451,0.5752599099876582,0.5065520171087332,0.5178515199991445,0.5146794444363049,0.7116902275309109,0.41115681391180847,0.7449243188011112,0.6033736786479365,0.5880769139269024,0.4728993647237831
452,0.5740629202621519,0.5073823188572326,0.5175053289322209,0.513222637873417,0.7122880506968113,0.41235400079315593,0.7451717348646593,0.6048693792051758,0.5853646490573693,0.47424450649645367
453,0.55706108919549,0.5218544262692845,0.5147477400187633,0.5141290329729872,0.6922731908102931,0.46335682797260475,0.7235076040783105,0.5954579191018552,0.5758129681921204,0.4873348345696579
454,0.5283546660546609,0.5434453951519412,0.5117648009778318,0.5159118708475883,0.6483615477180952,0.5482895758027381,0.6632813269669365,0.5897293576114735,0.5588248874228994,0.512563804654429
455,0.5092389062708285,0.5526125015498299,0.510427501789862,0.5090662150102775,0.6269699816557973,0.5993500203469502,0.6343326876250542,0.5944970673963699,0.5398141246752872,0.5308434443930466
456,0.5042132748965454,0.555304288853056,0.5103150561067504,0.5086939007753993,0.6167238809416759,0.6153395211285565,0.6212505182635961,0.5957015709528265,0.5366301833000576,0.5352854776819223
457,0.5027429846617716,0.5557416038397074,0.5103457053288539,0.5081012766174705,0.6145439542176883,0.6199571426939552,0.6184181375019702,0.5959478657870514,0.5352668869210345,0.5366403298552026
458,0.501315315318557,0.5561370873235976,0.5103972159602554,0.507547475949884,0.6123008194650384,0.6245520264876654,0.6154955879403456,0.5961433741849027,0.5339940242030122,0.5379509695859908
459,0.4999326776132813,0.5564904533003368,0.510469297094157,0.5070321783169934,0.6099971236954421,0.6291151235702809,0.6124820795911192,0.5962878207495056,0.5328144087499719,0.5392162980522107
460,0.4985974047402989,0.5568014696615889,0.5105616268774426,0.506554999252266,0.6076356581607241,0.6336376152696712,0.6093770028617339,0.5963809692844491,0.5317306965415644,0.5404352910301214
461,0.4973117450443169,0.5570699562571332,0.510673852466242,0.506115492578897,0.6052193591469432,0.6381109426785737,0.6061799407401525,0.5964226205000951,0.5307453737998765,0.5416069952003928
462,0.49607785493874423,0.5572957829646682,0.5108055900907835,0.5057131528220252,0.6027513083014118,0.6425268348905186,0.6028906803461426,0.5964126097291264,0.5298607452133484,0.5427305244945477
463,0.49489779207543905,0.5574788677815113,0.5109564252305313,0.5053474177201768,0.6002347324576152,0.6468773358495369,0.5995092237843103,0.5963508046661203,0.5290789225792489,0.543805056523621
464,0.49377350880003906,0.5576191749516352,0.5111259129000097,0.5050176708233635,0.5976730029253301,0.6511548296955235,0.5960357982377814,0.5962371031455579,0.5284018139248475,0.5448298291295447
465,0.4787098844710735,0.5655319114340289,0.5106469052537462,0.506785805722084,0.5452788835857793,0.708878420056005,0.5245172490332065,0.6054543485505525,0.5248648970457427,0.5581358596920634
466,0.47664608270153175,0.566146079061906,0.5108328608028421,0.5070643868099446,0.5357838091272868,0.7189552201665437,0.5088509956301428,0.6070942038076592,0.5251549196235895,0.5602823925685736
467,0.47390280211688784,0.5670961903466727,0.5108732608733363,0.5077330649177114,0.5209308009933268,0.7335576157163349,0.4825095371146837,0.6111555918111209,0.5259151440917826,0.5633748877603281
468,0.4739540218641796,0.56658240249639,0.5112947874681052,0.5077360863658891,0.5191240660037971,0.7360886479584479,0.4771230711373073,0.6103468404619034,0.5269960383238671,0.5635623955371422
469,0.47407521061253977,0.5660270183106654,0.5117349282193214,0.5077457323583063,0.5173692743198378,0.7385009422995743,0.4716477557375432,0.6094694238349199,0.5281765478212866,0.5636961950738124
470,0.47426574776992575,0.5654305573332634,0.512192939443179,0.5077613245697509,0.5156704202248715,0.7407939242280166,0.46608987292128734,0.608522140299982,0.5294537609575631,0.563776418730125
471,0.47432345478961213,0.5648879906989467,0.5126023640533756,0.5078970876581829,0.5123692752653263,0.7444552244783962,0.4569681909072847,0.6082684589564179,0.5309642775498525,0.5640749562541587
472,0.4746845660825754,0.5641956448121379,0.5130972319637411,0.5079250512994364,0.5108658281518305,0.7464590394320922,0.451214435233696,0.6071580017116137,0.5324611789909305,0.5640242023262114
473,0.47546749145166245,0.5629688389146039,0.5124162990329357,0.509528952989495,0.49658606742708006,0.7605482414113152,0.4012364901175651,0.616498850341136,0.5366512829475829,0.5651560580351023
474,0.47637878221521346,0.5620116467918786,0.5129606404483424,0.509548109053389,0.4964201907955206,0.7616404203870414,0.3948479849966469,0.6149294561710799,0.5386612422192049,0.5646786115446297
475,0.4790316667250824,0.5598894790007876,0.5128791990127703,0.5101841997025656,0.4970971948723459,0.7630775569213734,0.3729286524328347,0.617364690453019,0.541807591933403,0.5633657005778091
476,0.5533840385101018,0.508023433814892,0.5031265579612021,0.5125117506928566,0.7270756486822809,0.4322724732392308,0.4614012296831659,0.5935781811428227,0.5436529743617394,0.5108618101492299
477,0.553430784718538,0.5076576052576386,0.5030744877974054,0.5109181563770204,0.7296488928275209,0.42822187376750304,0.4640485073903615,0.5911236627213792,0.5430135287522658,0.511650080981796
478,0.5534343283598248,0.5073223004855266,0.5030175525160856,0.5093703446721418,0.7321531755411803,0.4241912181642599,0.46678732526488287,0.5887213351234872,0.5423126479096985,0.5125127147109025
479,0.5533947413312611,0.5070174335027424,0.5029557582159693,0.5078710855520614,0.7345880901148258,0.42018750373389446,0.46961092627643763,0.5863762256732183,0.5415508043322191,0.5134490501360544
480,0.553312128282266,0.5067428771155702,0.5028891278828602,0.5064231074334631,0.7369532925384363,0.4162178496059151,0.4725123974699101,0.584093036523063,0.5407285186917201,0.5144582567840825
481,0.5531866271787655,0.5064984630425563,0.5028177018140242,0.5050290903078537,0.7392484920556891,0.41228947957916673,0.4754846929212666,0.5818761336893337,0.53984635573841,0.5155393366509452
482,0.5530184100036203,0.5062839821319008,0.5027415380145903,0.5036916589206222,0.7414734415393976,0.4084097039840498,0.47852065688743267,0.5797295376907882,0.5389049206097069,0.5166911265295967
483,0.5536026609655255,0.5057152759118605,0.5026816402225409,0.5022681494236441,0.7464448732533602,0.3956461111708852,0.48914019050069946,0.5765617151083166,0.5373266493229143,0.5178801734216049
484,0.5532920946164634,0.5055998111364364,0.5025830308263396,0.501033441096502,0.7484692712899113,0.39205066930049765,0.49237104412063065,0.5746905290179875,0.5362060577317421,0.5192321610824006
485,0.5541886795580383,0.5050657437801117,0.5025413707919156,0.4995790823330345,0.7554374777924522,0.3719588491362833,0.5107579322567375,0.5711622835929066,0.5336215934025776,0.5210033568734239
486,0.5536815307362672,0.5050839091606525,0.5024075287434847,0.498450291218236,0.7572082935277259,0.36894014779837203,0.5141487979829484,0.5697147859456609,0.5322740610644037,0.5225935622681345
487,0.5531340562969858,0.5051290950658586,0.5022693744995221,0.49739590886642854,0.7589074669991877,0.36603955844731456,0.5175394716745082,0.5683563141198519,0.5308744558367849,0.5242387270976278
488,0.5146823710874014,0.5379678510719498,0.5009979646569237,0.4978902767854776,0.6991867372043763,0.5346698611690506,0.6210802342099345,0.5547773680384728,0.5148708868627928,0.5491408117894533
489,0.5133783959080948,0.5383755334027734,0.5007998743025176,0.4972945396750804,0.6968754430379703,0.5402954497733422,0.6184484165902703,0.5548969497027328,0.5145405937715655,0.5501281803296058
490,0.49768499356520074,0.5454035031461562,0.4999069052656925,0.49759896042071816,0.6185597733669052,0.6563478211145425,0.5381142724522385,0.5539954543588795,0.5301808168437698,0.5552922095959577
491,0.4973598779749124,0.5453449542514102,0.49993848148675174,0.4974158140174029,0.6153240664083683,0.6600425335083566,0.5340629043005147,0.5531041610438477,0.5314920401979821,0.555496625010881
492,0.49710592980245816,0.5452491427518207,0.49998541914406675,0.4972668764235871,0.6120642401565065,0.6635950001439317,0.5299654046793932,0.552160790853314,0.5328988004152131,0.5556461339227404
493,0.5248369677768189,0.519848831811642,0.49567952332174314,0.5006430877787988,0.6167539253349316,0.6866532803988363,0.3183429487857731,0.5768238754348584,0.5644501167424758,0.5281955472215809
494,0.5256866672805575,0.5192617937607502,0.49580977865203385,0.49997526091351846,0.6200568609854936,0.6833561187373292,0.31515418392579275,0.5727200601415758,0.5652380309307854,0.5280655997209435
495,0.5265066974139415,0.5186846866196256,0.49594091766434717,0.4993291365955523,0.6233434150800286,0.6799059914742318,0.31216194245718754,0.5685645444333384,0.5659456765498745,0.5280006205827715
496,0.5303127362480414,0.5159464169498069,0.4961234341899342,0.49837062310249625,0.644496848801436,0.6478788790622114,0.31900997929999136,0.5626403752309584,0.561760204213089,0.5278358780402566
497,0.5323528248881836,0.5144849147957731,0.4962628097220349,0.4975459376931902,0.6563460763084178,0.628249501156522,0.322961871755042,0.5574956605316915,0.5593991480699484,0.5283652688301813
498,0.5328667758234984,0.5140461739632805,0.4963492080719389,0.49690970665176465,0.6593926372198428,0.6236718512223831,0.32165023063000686,0.5533988619796457,0.5594953342339554,0.5288735301895432
499,0.5333451140288754,0.5136245539522306,0.4964352987941727,0.49631186673254535,0.6623972952914067,0.618967450643476,0.320521513207514,0.5492955551894729,0.559509811378852,0.529459556370582
500,0.5414081301471473,0.5093466558178807,0.496860552226652,0.49451215260503784,0.7176586023875828,0.4921226274352786,0.3760111901322522,0.5372537096164671,0.536773617736589,0.5377724783500784
501,0.5458878030779551,0.5104353521089529,0.4971084136115753,0.4926297440643231,0.7636395719661668,0.34496587494850883,0.4665866317656664,0.5237704030151872,0.507073412165727,0.5548761501127589
502,0.5419429496768525,0.5111778216949712,0.49630529927067324,0.49061287111263696,0.7655455470822411,0.34617981557748156,0.46777983163407594,0.5187344728679562,0.503580765671715,0.5621474368216568
503,0.5409468387798153,0.5115165529210475,0.49612242382857485,0.49033264614475197,0.7668175633790685,0.3435217667801406,0.47042976629275535,0.5173308477370892,0.5018201225261575,0.5644629822830209
504,0.5399229308587036,0.5118683409246781,0.49594036065159164,0.4901510392932212,0.7680267395402682,0.3410319471440164,0.47304662278100174,0.5160037291174445,0.500012571731277,0.5667884346800888
505,0.532863818778824,0.5130418442885516,0.494630902932063,0.4918994576775971,0.7674468122458291,0.3486349096327954,0.47227285758115134,0.5085539168298009,0.49428527495723634,0.5784040107005007
506,0.5317895566942089,0.5134278003683694,0.49449575314783983,0.492521290160357,0.7682521344286769,0.34664915541020586,0.47455701549496615,0.5074906627414011,0.49220254203702596,0.5807153987638922
507,0.5306978192150258,0.5138206173833868,0.4943658056635798,0.49324145661131585,0.7689831382908936,0.3448506473788687,0.4767874844602694,0.5064980022187704,0.49007818707353046,0.583017991823979
508,0.5295903497566767,0.5142193843271182,0.4942417307257919,0.4940594336430513,0.7696375879670726,0.34324288510494666,0.4789605712986418,0.5055740667493367,0.48791377914907186,0.5853085490281286
509,0.5284689539949772,0.5146231930892766,0.494124216053063,0.4949745322126838,0.7702131219090017,0.3418289299304654,0.4810728200886705,0.5047168325131008,0.48571096333920327,0.5875838868263042
510,0.5273354982503399,0.5150311399855372,0.4940139660765948,0.49598589963740547,0.7707072611529417,0.3406113923332472,0.4831210149462381,0.5039241334184115,0.483471463725184,0.5898408865733031
511,0.5261919075790966,0.5154423272533929,0.4939117011271077,0.4970925220110579,0.771117418714273,0.3395924208495967,0.4851021818508057,0.5031936742661868,0.4811970861933352,0.5920765017022932
512,0.521520707562341,0.5211340928524907,0.49515216210981317,0.4971973860993075,0.7876003323643789,0.30630327656522266,0.5264931224877052,0.5022753342811587,0.4537688478414494,0.6067880531763763
513,0.5201673519237426,0.5215689071506159,0.4950428308769893,0.4983996817414556,0.7872520428636834,0.30866649579457395,0.5276186389297255,0.5022310794576318,0.4515799188044085,0.6086754426511498
514,0.5188276060719088,0.5219975318911223,0.49494633143279154,0.49969065005047875,0.7867935747372432,0.31121882666086775,0.528652305894324,0.5022161054724087,0.4493967102373977,0.6105104655212445
515,0.5118113799341137,0.5281121126989681,0.497743649274129,0.4986728734597256,0.7837728394156032,0.34631097612099404,0.5527190055243029,0.4966368002728658,0.4315909861549326,0.617719893404727
516,0.5106054166373858,0.5284535797328577,0.49764068382141563,0.49978560019333845,0.7820443952781369,0.35195162193024343,0.5520779663172677,0.49675206395118704,0.4305504005792238,0.6188132835178972
517,0.5094483319549084,0.528779066397664,0.4975548697660671,0.5009667560671905,0.7801900872321671,0.3576377218792058,0.5513686399229363,0.49686192513955496,0.4295804208170488,0.6198421270820325
518,0.5053313654189632,0.5300580295028825,0.5012781685342503,0.498935053663053,0.7375818982334906,0.4608228315561435,0.5323840580961439,0.48660383084909714,0.4487113454099978,0.6127704619594257
519,0.5047741689498761,0.5302377665069614,0.5011770261612501,0.4997178643489755,0.7345689579030378,0.4665299819630322,0.5302213483636817,0.48615311224746777,0.44967454944260027,0.6130444142456403
520,0.5042708650344705,0.5301447078180217,0.5015711273100654,0.5001189055150705,0.7244425947046691,0.485575550661398,0.523739816561478,0.48447339842107956,0.4554494994985946,0.611580108688877
521,0.5039251088560505,0.5302743972090397,0.5014970592569876,0.5009171330966814,0.7212070394500218,0.4909530660460409,0.5213627801198,0.48388845754497734,0.4568241700166335,0.611653640564821
522,0.5036501416091671,0.5303848530706202,0.5014397588416937,0.501751216231223,0.7179018898278898,0.4962157781664471,0.5189522858422916,0.4832812503210688,0.45830082906041303,0.6116631705944674
523,0.5034462871341314,0.5304760349492692,0.5013990282768938,0.502619443765423,0.7145317101046464,0.5013595066006112,0.5165102500737941,0.4826517495762262,0.45987840084972936,0.6116084786492022
524,0.5033136971917709,0.5305479360125777,0.5013746516989407,0.5035200782877832,0.711101228806178,0.5063806097019612,0.5140387035962811,0.48199996866082473,0.4615555961245467,0.6114893243538535
525,0.506610526416406,0.5259755448033018,0.5054973706764485,0.5007347193740374,0.6528140236330012,0.6010966629964173,0.47560637029777275,0.4748628338258213,0.5073181559768469,0.5948944472042753
526,0.5100086536676828,0.5224777002782983,0.5075267333961833,0.4993219679037704,0.6200924444937669,0.6533212712495438,0.4491853386101006,0.47077848291387897,0.5369533110766963,0.582874485804166
527,0.5138877950001857,0.5188422499822962,0.509118765611528,0.4980568386004796,0.5940153736394851,0.6979765490869748,0.42388651830904167,0.4672055233081017,0.5639566272146738,0.5703925747826383
528,0.5147805964496591,0.5187954015651074,0.5090038000373626,0.4981870058586381,0.5917928170946493,0.7008639386008692,0.4194869898560442,0.46469920642284424,0.5673524730550564,0.5690103555337529
529,0.5157046497827578,0.5187386044749828,0.5088946233866165,0.4983234539267651,0.5896255422569611,0.7036855314100332,0.41510263297081634,0.46215323004469966,0.5707529604640743,0.5675751809976586
530,0.5166579514842274,0.5186721290208332,0.508790802940226,0.4984659051565333,0.5875157165088033,0.7064445397236301,0.41074032911453123,0.4595687640300472,0.5741530679370485,0.5660885198665866
531,0.5176384595644055,0.5185962582632176,0.5086919041475144,0.49861410005520485,0.5854653576492331,0.7091441729641211,0.40640703282401275,0.456947081550527,0.5775478246956699,0.5645519973079495
532,0.5186441001389105,0.5185112874010381,0.5085974916780204,0.49876779811145255,0.5834763307691309,0.7117876133344218,0.4021097494751883,0.4542895588631091,0.580932322302505,0.5629673989731303
533,0.5196727739673211,0.5184175231794258,0.5085071304749594,0.4989267785909987,0.581550345724018,0.7143779919042321,0.39785551292705457,0.4515976747889172,0.5843017258628654,0.5613366743702904
534,0.5207223629214689,0.518315283315852,0.5084203868083742,0.499090841297707,0.5796889552153088,0.7169183653321493,0.3936513631440862,0.44887300990341755,0.5876512847738067,0.5596619395611123
535,0.5217907363547577,0.5182048959413913,0.5083368293260552,0.49925980729556935,0.577893553487598,0.7194116933359388,0.3895043238938773,0.44611724544159276,0.5909763429825584,0.5579454791445962
536,0.5228757573448907,0.5180866990540233,0.5082560301003669,0.4994335195868822,0.576165375646351,0.7218608170186002,0.3854213806151803,0.44333216192264124,0.5942723487194426,0.5561897474944805
537,0.5300072819743082,0.5112885407003119,0.5104853594022855,0.49752224212089796,0.5597175203548882,0.7738730244109272,0.3551741462873894,0.439870924168615,0.6247190922821798,0.5349569251585351
538,0.531075561544096,0.5112132413499099,0.5103419787766041,0.4975611193134543,0.559180550558988,0.7759602321333824,0.3508432720170717,0.4363436572518913,0.6274815419627422,0.5331757921648386
539,0.5394626260452889,0.5026715591123067,0.5120193045989333,0.49607607860688147,0.5658509589366435,0.8171743260122513,0.3165136008568415,0.4321948855539545,0.649187133834111,0.5107635023652533
540,0.5402290968207515,0.502726289543188,0.5117846795503022,0.4961461983375261,0.5666343299772386,0.8179259707606001,0.31226659391860234,0.427829064251463,0.6507759189856896,0.5097446660177186
541,0.5409723253772938,0.5027859966215669,0.5115426392530009,0.496243410218611,0.5674427128094733,0.8185719594987927,0.30817353816070187,0.42345559018830936,0.6522702682636339,0.5087883760512921
542,0.5416914977808893,0.5028508518728869,0.5112932128603687,0.4963686444099179,0.5682749968575086,0.8191094890690594,0.30423926238134885,0.4190783388295294,0.6536692560592003,0.507898435170647
543,0.5430288505707238,0.5021713603848065,0.5110231117651928,0.4965652971858381,0.5724173555196694,0.8192880177315603,0.29806997214220854,0.41464015268668947,0.6548014159295478,0.5062056527977138
544,0.5436421076110972,0.5022677716758467,0.5107519576543622,0.4967760789356663,0.5733870285827367,0.8193081485975867,0.29450672773611963,0.41020833288410474,0.6558573262184229,0.5056299010291245
545,0.5444145697150283,0.5021551522743924,0.5104447144348433,0.49705735047660876,0.5756005145192175,0.8186430564676865,0.29045311491322456,0.4057687603366439,0.6565342870857872,0.505044362585446
546,0.5449530335124186,0.5022709659313602,0.5101570102193509,0.497346621092633,0.5766300570258391,0.8183023570097633,0.2872544456943664,0.4013459851660539,0.6573433101952411,0.5046978763353054
547,0.5454628012186132,0.5023932121895409,0.5098621547256289,0.4976719166490046,0.577674189537307,0.8178284480761492,0.2842335813039322,0.39694196618989747,0.65805388968098,0.5044408459638534
548,0.5459433724222933,0.5025219368287167,0.5095604049775057,0.49803396036334097,0.578732405496621,0.8172190764880672,0.28139257397885625,0.39256056037013004,0.6586660308629754,0.5042759126392448
549,0.543070936923219,0.5099060741201757,0.5022335960626825,0.5051205130517137,0.6584329865703417,0.5806707171617783,0.29366508697433363,0.3845054340380338,0.561779591836529,0.571862283008993
550,0.542177726051739,0.5103373169852579,0.5020567227844794,0.5065400820710793,0.6596899295200368,0.5744845615594036,0.2930161828549081,0.3810861835630812,0.5596576138919835,0.5747080114022823
551,0.5412620832189993,0.5107669933507457,0.5018792548880241,0.5080483213633498,0.660943463184426,0.5682758771447844,0.2924511305745889,0.377735433495335,0.5574521935438477,0.5775764853602375
552,0.5375332125869333,0.5152465456411597,0.5000734633035495,0.5110522752530184,0.6743140997208038,0.5051266527239959,0.3012038458293227,0.37345277392406595,0.5278457168385394,0.5970898120206483
553,0.5363814753830669,0.5156678243525192,0.4999612141496536,0.5129002322005708,0.6755120505567714,0.4991502493693497,0.3010811644775821,0.37062265773014635,0.5252027247416842,0.6000140519672473
554,0.5352180396748478,0.5160821672366083,0.49985331354140744,0.5148384082500388,0.6766917962523451,0.493226892094296,0.30100934033147314,0.3678645570094265,0.5224881046847787,0.6029237842627277
555,0.5288318539058178,0.5233110681392568,0.49747657415783414,0.5187480415086907,0.6982631448608531,0.40788263014645487,0.31636288368576426,0.36363400855549327,0.473365917343769,0.6290395642642396
556,0.5274278679923134,0.5236596765799701,0.49750969201626566,0.521065268197527,0.6992214864131348,0.4034342530482961,0.3166717305070143,0.3616444589696712,0.4703177050293864,0.6316537154340103
557,0.5260335462316487,0.5239941366558392,0.49755386495468085,0.5234711985320256,0.7001229025720883,0.3991233635311134,0.3169911414280165,0.3597216291990079,0.4672245184421383,0.6342116352788866
558,0.5140293469812353,0.5362474574531174,0.49631877677677233,0.5269101572359617,0.7444241614263202,0.3029046651177326,0.34588008148890603,0.3548083434207485,0.38053046629992043,0.664691849856406
559,0.5100819889745518,0.538825989402842,0.49729049363783506,0.5290302754128149,0.7547935055565275,0.29552714723354584,0.35305883038707414,0.35331248703318374,0.36181045364735964,0.6697566568746963
560,0.5037136677030003,0.5426183383206071,0.5054027633861029,0.5248084861824169,0.7656772347807949,0.3480343710738663,0.3698966051999892,0.35054423379194816,0.3532738946586162,0.6690285440425627
561,0.5032043325631006,0.5423822172483971,0.505970306263315,0.5269978358493698,0.7627385478133825,0.352986612857666,0.3695552960155572,0.3506041777212246,0.3545553990494417,0.6693645444882017
562,0.5027918239752013,0.5421256000849186,0.5065533887321408,0.5292313693455668,0.7596652222285636,0.3579113434630776,0.369208151415937,0.35066859286060403,0.35592840603698905,0.66962721536176
563,0.5024765462201317,0.5418487821659811,0.5071516177413155,0.5315058074650412,0.7564602339333878,0.3628036282339044,0.368857503877135,0.3507372039077164,0.35739254392580333,0.6698162930346206
564,0.5022586707232433,0.5415520837892099,0.507764588841853,0.53381781777131,0.7531268841664055,0.36765887489455007,0.3685057128819598,0.35080978518571587,0.35894728697320605,0.6699314644992175
565,0.502138137630357,0.5412358493987451,0.5083918868318862,0.5361640187971051,0.7496687935306993,0.3724728399042687,0.3681551612806873,0.3508861615606787,0.3605919553373086,0.6699723689791651
566,0.5021146581972347,0.5409004468240325,0.5090330864297646,0.5385409843048864,0.74608989470292,0.37724163312123976,0.36780825146658735,0.35096620925353494,0.3623257154315488,0.6699386001978932
567,0.5021877179781118,0.540546266570158,0.5096877529759866,0.5409452476137349,0.742394423850004,0.38196172077512014,0.36746740137181766,0.3510498565450521,0.3641475806867365,0.66982970929618
568,0.5023565807952075,0.5401737211566888,0.5103554431644448,0.543373305998399,0.7385869107915692,0.3866299267549294,0.3671350402907329,0.35113708437244695,0.3660564127199232,0.6696452083851757
569,0.5026202934676051,0.5397832445014876,0.5110357058033814,0.5458216251663213,0.7346721679519371,0.3912434322272406,0.3668136045391646,0.35122792681625026,0.36805092290773794,0.669384574717672
570,0.5029776912745164,0.539375291345549,0.5117280826063253,0.5482866438184079,0.7306552781515516,0.3957997736076342,0.36650553295970795,0.35132247147611173,0.37012967436017424,0.6690472554566852
571,0.5034274041246843,0.5389503367145272,0.5124321090131547,0.5507647782991596,0.7265415812930485,0.4002968389161926,0.3662132622844707,0.3514208597342849,0.3722910842891675,0.6686326730168363
572,0.5039678634005796,0.5385088754122698,0.5131473150412641,0.5532524273414811,0.7223366600024207,0.4047328625554002,0.3659392223681043,0.35152328690559,0.37453342676469104,0.6681402309505289
573,0.5045973094431365,0.5380514215414167,0.5138732261666521,0.555745976911102,0.7180463242905799,0.4091064185561962,0.36568583130523535,0.3516300022727308,0.3768548358495242,0.6675693203476133
574,0.5053137996400328,0.5375785080458638,0.5146093642345542,0.558241805155041,0.7136765953051061,0.41341641234498094,0.36545549044762926,0.35174130900589,0.3792533091023151,0.6669193267140601
575,0.5061152170779626,0.5370906862697209,0.5153552483990232,0.5607362874579129,0.7092336882461139,0.4176620710911334,0.36525057933752914,0.35185756396561363,0.38172671143707426,0.6661896372922023
576,0.5240985467391213,0.5195937956038521,0.5392880017285349,0.5403765313932398,0.6300362280289573,0.5556968686782315,0.3566929814275194,0.3547673038582435,0.514461291951092,0.621114522566792
577,0.5421937526602059,0.49931742860707046,0.565497115664282,0.5167753645684466,0.5862003909377872,0.7363688495792248,0.3320147371566119,0.35565281749464733,0.6507303730511951,0.5349060394340024
578,0.5438072414945491,0.49816802534186005,0.5671250064604842,0.5159870931330723,0.5868167051930632,0.750864981051939,0.32850703089103245,0.3535485293244132,0.6595980798054218,0.5262433764887324
579,0.5445192222346592,0.49814504712955276,0.567266595055128,0.5164773505531759,0.5865113948588209,0.7531166480625576,0.3272680916244293,0.35136556645130385,0.6615554103921646,0.524141902533032
580,0.5452082959431525,0.4981413203725324,0.567386795689287,0.5169942858118951,0.5862166561974665,0.7552954820373495,0.32617658101032826,0.3492384174802712,0.6634221885272499,0.5220943621135592
581,0.5474101018375273,0.4959431350424562,0.5707036879551608,0.5153389479371538,0.596036986196018,0.7864061928872146,0.31827835469254057,0.3473729374386547,0.6789515799700184,0.5038222233020883
582,0.5482050785627754,0.496496248288682,0.5703099263598749,0.5178910272552655,0.5943027005393834,0.786688877921086,0.3166136674132607,0.340459999246926,0.6805052619201424,0.5023450285122232
583,0.5484637456245546,0.49668267671181715,0.5701827306068767,0.518794497503902,0.5942337226836336,0.7872272796743284,0.31613694735946046,0.33835235462555496,0.6811248382443787,0.5016091814244092
584,0.548379257119501,0.4972016679767927,0.569728754718627,0.520562185847439,0.6025898987466746,0.7875672211760728,0.3129114651867076,0.3367001133206245,0.680556535731751,0.5004855823986326
585,0.5466993031897179,0.4995341314470735,0.5671772548670115,0.5242434288757267,0.6121280723691731,0.768261806690804,0.3099591950865742,0.3349240886770624,0.670952505970206,0.5090832052047153
586,0.5463596202625484,0.4998377830763584,0.5668405057889444,0.525747612832774,0.6122034970242143,0.765892352920949,0.3097342464101701,0.3328219767293055,0.6701087078569792,0.5104280477004234
587,0.5459935191084578,0.5001509981977158,0.5664757565881318,0.5273010724914438,0.612291945547096,0.7633876405436071,0.3096356203552168,0.33081029946278173,0.6691793301889845,0.5118756114192344
588,0.5456012952175725,0.500473241113783,0.5660834454638922,0.5289021040809015,0.6123949807703514,0.760749702973048,0.3096614752441345,0.32889028448145174,0.6681650961931812,0.5134238618764738
589,0.5451832756124824,0.5008039610949759,0.5656640717269882,0.530548891999571,0.6125140604896333,0.7579808064216718,0.30980984748197327,0.32706303056212516,0.6670667082786941,0.5150705321183556
590,0.5447398197726115,0.5011425934980159,0.5652181976397593,0.5322395151208741,0.6126505249194046,0.7550834439640035,0.31007865866112133,0.32532950734305466,0.6658848473804188,0.5168131286450096
591,0.5385608622061114,0.5086007567141075,0.5551203555738579,0.5416410491554934,0.6262876565960735,0.6723130834581265,0.3083571329999835,0.3247363328817946,0.6232811526920585,0.5556808454456397
592,0.5346313013626798,0.5125062521091143,0.5500394742218305,0.5473470657312306,0.6313530546941246,0.6263266890011804,0.30821822307288904,0.32351091033313706,0.5978960850741364,0.576216467738645
593,0.5335541900980337,0.5127379418698729,0.5496259282828067,0.5497521009825788,0.6319490143775954,0.6209579481839393,0.3084779955303587,0.32210277783154506,0.595043101711212,0.5792396710446166
594,0.532472709577767,0.5129615527134795,0.5492003386734398,0.5521954891858253,0.6325539638675042,0.6155678625703649,0.3088056425791955,0.32077810477962604,0.5921172828749179,0.5822625600905197
595,0.5173435452559253,0.5286723283025493,0.5303431986953907,0.5693601365104065,0.6595305583440719,0.4385160914167531,0.3094416432344154,0.32059777265552375,0.46425392196954196,0.650503407474747
596,0.5159949687874514,0.5285636394205668,0.5304484571321519,0.5726248807041717,0.6599688125937764,0.434180573613661,0.3095266345261467,0.3197530260818171,0.4604679630276164,0.6527276454546563
597,0.5094060281330047,0.5337298700548306,0.52573899257938,0.5809624429923368,0.6767265907538474,0.37859445780121725,0.3104182193684743,0.31904181985948915,0.4021054013187935,0.6716985235455707
598,0.5082396743675951,0.5334338384895536,0.5261699095160473,0.5845888035071207,0.6763544944571231,0.3758329690584714,0.3104367185415412,0.31846710235973774,0.39866258941013544,0.6732100298948697
599,0.5096490231115413,0.5305258494616071,0.5498687625861076,0.5672257495276618,0.6877113594264198,0.4487475562774682,0.31800503637314426,0.3138427170226882,0.4039122913032332,0.6701857083952214
600,0.5119069621197656,0.5284761765134682,0.5532453617135548,0.5663647774118181,0.675923968726183,0.4659773067189932,0.3188079040040045,0.3136619296149663,0.42321432617495414,0.6650901432987127
601,0.5127870533948583,0.5279140387844211,0.5541337697365235,0.5682207679925213,0.6714912342425163,0.46973936662199195,0.3194458767460459,0.3137996553941979,0.4271142572673984,0.6639591684933264
602,0.513729772428838,0.5273601799830244,0.555009802655719,0.5700392365267429,0.6670572106680943,0.4734800389809316,0.32015929871631044,0.31395671521126456,0.43103457351493535,0.6627310331550365
603,0.5159938385289053,0.5255842285146053,0.5577753734865012,0.5694641262643496,0.656924498314948,0.48746263214390984,0.32119023348409714,0.3138680946798756,0.4472041897879131,0.6575569073808145
604,0.5170781263293939,0.5250722276457105,0.5585917225591756,0.5710781434960231,0.6526292851279973,0.4911950249250657,0.32210715714212385,0.31407058982532227,0.45121985735776077,0.6560016108032917
605,0.5182122244689845,0.5245716788407128,0.5593938077877845,0.5726482322463508,0.6483546524969463,0.4949050252570119,0.323107252592529,0.31429954716802566,0.45523787079895667,0.654350586301274
606,0.5193933353861679,0.5240830802083931,0.5601812782347938,0.5741724505060671,0.6441048216881329,0.49859243284963944,0.32419136628623263,0.31455668229126715,0.4592547717824277,0.6526046090666326
607,0.5215304783650148,0.5226989421086309,0.5622760377427722,0.5739553165644926,0.6361444242861913,0.5090373989263187,0.32554202290697026,0.31463906823902027,0.4715490936090508,0.6477391163078973
608,0.5307699178585602,0.5139007591381894,0.5754974654009973,0.5602393930889761,0.6007574019563026,0.5756947871705368,0.3282923500470417,0.3135037759220457,0.5484019219543653,0.6126114848977534
609,0.5319994851277094,0.5136562002703356,0.5760406093984968,0.5610219331105515,0.5978801797635798,0.5793048225541018,0.3299598464980756,0.3139067004223386,0.5521160756887367,0.6098687866256807
610,0.5332374806422164,0.5134332590680675,0.5765666626774472,0.561774840525062,0.5950593441128568,0.5828755232370927,0.33173463210828935,0.3143642253293369,0.5557730786657707,0.6070711942278351
611,0.5344819296014796,0.5132320264634408,0.5770755528955087,0.5624985142384544,0.5922958659669609,0.5864048400357689,0.33361620895201843,0.3148782533502296,0.5593704895631734,0.6042226194628546
612,0.5357309229681774,0.5130525598965965,0.5775672239576835,0.5631934575004974,0.5895906179348063,0.5898905861570314,0.335603925486895,0.31545066312444886,0.5629059390081743,0.6013271387056136
613,0.5369826205997464,0.5128948834206657,0.5780416350326901,0.563860275379253,0.5869443784040552,0.593330442840714,0.3376969797484665,0.3160833051166177,0.5663771297645855,0.5983889844778139
614,0.538235253933607,0.5127589878544624,0.5784987595419727,0.5644996718164629,0.5843578358247549,0.5967219658742866,0.33989442285887883,0.31677799741293483,0.5697818367725644,0.5954125363234009
615,0.5394871282265432,0.512644830981133,0.578938584127403,0.5651124462697308,0.5818315931093845,0.6000625929387221,0.3421951628222692,0.31753652142406175,0.5731179070543211,0.5924023110621933
616,0.5415702978034141,0.5129587028915172,0.5790458012220658,0.567037087814225,0.5780747127082323,0.6034099485728008,0.34701711545131747,0.3193104513602773,0.5761759530058885,0.588448514434361
617,0.5448050994979822,0.510562849952633,0.5830646609326731,0.5638202174465324,0.5708111416402778,0.6221220391713526,0.35000901466611767,0.3200519741167186,0.5955894807644254,0.5746118985133057
618,0.5459713341559533,0.5105788696719652,0.5834157754753112,0.5643117563299321,0.568793314003249,0.6251275101671266,0.3527590408003655,0.3211233820399041,0.5984464384985515,0.5715247063291654
619,0.5509932152798446,0.505802234697335,0.5924172257542129,0.5570021390928606,0.5612579624444154,0.6623178083886859,0.3563977125307499,0.32265853304332226,0.6335580549530251,0.5437874792450387
620,0.5555306962411699,0.501100288953845,0.6095091897312203,0.5462419345308868,0.572843661996289,0.7208689726366395,0.36033479323669415,0.3298072263137655,0.6781485818071809,0.5019850861867935
621,0.5556859699626563,0.5014338242638757,0.6096496577954857,0.547380544121072,0.5725439150385202,0.7210618623091937,0.36322828769228904,0.33126089432650135,0.6783889591688418,0.5011614904545807
622,0.5558135670696036,0.5017831397802549,0.6097584414993523,0.5485537897024473,0.5722568749112249,0.7211225668110974,0.36620451049254704,0.33280942489269943,0.6785345061745931,0.5004594016023245
623,0.5558871563195615,0.502182672420147,0.6101689259355325,0.5496121899566314,0.5729205587976958,0.7216907528959448,0.369268437273041,0.3347941767933086,0.6789568534990441,0.49953667301865246
624,0.5559323033600473,0.5025603207945909,0.6102077843431728,0.550874963060532,0.5726754256133528,0.7213967307282338,0.37238147811725447,0.3365259398430562,0.6788560285205485,0.4991664666267791
625,0.5551425684654181,0.5040606217185858,0.6121688444932448,0.5515101438802299,0.5827257227867895,0.7205687016041401,0.375579740893759,0.34243265890151303,0.6777821063208423,0.5004881564562492
626,0.5548564109215365,0.5044275594096319,0.6120872086324161,0.5530391455519804,0.5826208680506794,0.7191123419047388,0.3785954661182513,0.34427663812952314,0.6769295627600607,0.5012225665821437
627,0.5539558935942537,0.5055960769141196,0.6120320285404209,0.5546524596001242,0.586837504205631,0.7140928390195597,0.38165029412334556,0.3481415377531594,0.6734776174155114,0.5049972916009092
628,0.5535041274178577,0.5059502313708207,0.6118547846669601,0.5562940176217339,0.5868007949685267,0.7120454457151135,0.3846646357973901,0.3501138129285425,0.6722289935909693,0.5062889546748603
629,0.553026063107187,0.5063084247395178,0.6116389847297886,0.5579530958037,0.5867819137817736,0.7098848617625084,0.38772834590095995,0.35216708980265216,0.6708945720137076,0.5076902521001344
630,0.5494140224175431,0.5107168817560356,0.6082533958077706,0.5609090989585418,0.6015096841353503,0.6810346494703375,0.39074488953758335,0.3624510940322706,0.650713284367018,0.5285605867973722
631,0.5485049858868818,0.5109352717831247,0.6079230921893914,0.5627460324506972,0.6016410914299861,0.6776318963511906,0.39341265882164944,0.36443704317133474,0.6484940977138871,0.5310526349281391
632,0.5475757576950088,0.5111489043932148,0.6075567426671848,0.5645846056536142,0.6017887401828518,0.6741581921098296,0.3961093551193064,0.3664866688538124,0.6462003308159283,0.5336105039919639
633,0.5466271837971083,0.5113573361435628,0.6071552450646182,0.5664219937653842,0.6019516096415289,0.670617473038006,0.39883213762621905,0.36859756504540375,0.643833673694756,0.5362295333127793
634,0.5456601509779434,0.5115601394916984,0.606719608830043,0.5682554310266089,0.6021285034120231,0.667013732189956,0.40157818204757534,0.37076725584806225,0.6413958719228032,0.5389049933678586
635,0.5446755867941391,0.5117569040014989,0.6062509557121578,0.5700822239149478,0.6023180524026852,0.6633510105421947,0.4043446838405064,0.37299320042587497,0.6388887289072902,0.5416320984816994
636,0.5436744593541142,0.5119472375295193,0.6057505199795128,0.5718997641034163,0.602518718705509,0.6596333882516006,0.40712886143406324,0.375272798062541,0.6363141081178393,0.5444060195251257
637,0.5426577769318012,0.5121307673881503,0.6052196481668722,0.5737055411131703,0.6027288003934739,0.6558649760441978,0.4099279594296886,0.3776033933379528,0.6336739352335001,0.547221896573972
638,0.5416265874111648,0.5123071414821138,0.6046597983331742,0.5754971545922188,0.6029464372078743,0.6520499067650699,0.41273925178437415,0.3799822814109423,0.6309702001853963,0.5500748514824736
639,0.5405819775594384,0.5124760294147981,0.6040725388178904,0.5772723261525939,0.6031696171050709,0.648192327117727,0.4155600449779063,0.3824067133948503,0.6282049590718042,0.552960000327457
640,0.539525072127903,0.5126371235608997,0.6034595464847444,0.5790289106999618,0.6033961836277207,0.6442963896190443,0.4183876811647338,0.3848739018121959,0.6253803359231705,0.5558724656805318
641,0.5384570327799385,0.5127901401018357,0.6028226044440662,0.5807649071914806,0.6036238440614433,0.6403662447935775,0.4212195413101025,0.3873810261143839,0.6224985242954194,0.5588073886667949
642,0.5293377328026437,0.5218592796810041,0.5851731357249222,0.5888693388634249,0.6306786402191079,0.5417069231066209,0.42571288279899006,0.4130478307236042,0.5352278946814968,0.6176034419610844
643,0.5244299761191157,0.5249239287136235,0.5802034063213523,0.5949488365359943,0.6385117448103541,0.5031346846566516,0.42834116111317333,0.42318958060222955,0.4961495916608466,0.6367653351831151
644,0.5228127800542038,0.5244310048268676,0.5803092055620502,0.5972983031110107,0.6382909375503225,0.49923876836683356,0.42967936902302706,0.42465255431208493,0.4925399514734229,0.6393050406224743
645,0.5160397797949047,0.5288001048380225,0.5758918908389558,0.6089083296371264,0.6499588267971341,0.4478292682990455,0.4330142645089344,0.4389397598751174,0.4308042596253978,0.661574896171651
646,0.5131982712500427,0.5292560425347635,0.5760853709564641,0.6149297809372722,0.6521292778217996,0.4343844515272614,0.434456741053245,0.44304960675008354,0.4126873503138085,0.667503389530996
647,0.5118001192460634,0.5284638055431151,0.5768657525971482,0.6181581395200875,0.6506916679023675,0.4317555828614522,0.43519329317185024,0.4438316037271787,0.40998719598246075,0.6691656290161198
648,0.5104773952187757,0.5276590040002002,0.5776618165910985,0.6214180582543649,0.6491113913100666,0.4292008362620567,0.43592273174511104,0.44459617863416473,0.4073620598525513,0.670750109021446
649,0.5092320749254861,0.5268428124064074,0.5784735107186996,0.6247085924085816,0.6473874609998944,0.42671988431360847,0.43664506343372855,0.445342447222268,0.404814923096906,0.6722566839811411
650,0.5063630119705884,0.5275216417022427,0.5802970665774386,0.635286320132295,0.6509220146595084,0.41106562673303476,0.4387961647536153,0.45147243639216017,0.37736647314177657,0.6789718794589188
651,0.5054438247232927,0.5266354472953785,0.5813645237716153,0.6389563358070582,0.6482953742499199,0.4093681125882133,0.4393421477971661,0.4518923312101509,0.37575656868167545,0.6800547310672553
652,0.5046161004208615,0.525745185374281,0.58243720585857,0.6426449684190334,0.6455209670410235,0.4077372843521657,0.4398831673587956,0.45228842834432326,0.37424549666822815,0.6810632419260313
653,0.5032902698841221,0.5239065740704394,0.5843872903590385,0.6493929009028765,0.6392267385053128,0.4052150687871622,0.44082436151304943,0.4526508222797135,0.37308867652831346,0.6825946254928065
654,0.5026484449515385,0.5231700979668205,0.5885181274838912,0.6597301671532516,0.638466400755576,0.402436008860418,0.44248427434304255,0.45591163812009267,0.3600430347807739,0.6850374898843283
655,0.502398357721442,0.5222936680135298,0.5896843253069173,0.6635211501023052,0.6345549548409756,0.4016616730011644,0.4429188773087589,0.4559795159785857,0.3598579931821659,0.6855283691249007
656,0.5042649311395608,0.519877947254633,0.5963501015855373,0.6675792502922541,0.6271259702755031,0.4200007415685674,0.44276091224304437,0.4540346129559586,0.3740186697291285,0.6824824696756191
657,0.5050444894255469,0.5187715574104648,0.598024874822247,0.6693752202543356,0.6208917248494467,0.4249188996564792,0.44280070044445385,0.45279366248364883,0.38111060311843636,0.6812105592673304
658,0.505481034441044,0.5181016808791143,0.5989418186994223,0.6723059851060438,0.6159280427104334,0.42537129516004024,0.44323850302245277,0.45253672469875833,0.38299256416465194,0.6809703504997765
659,0.5079636364021748,0.5158062983161262,0.6016647184141588,0.6673379680406702,0.6042691651199504,0.4438944166712104,0.4416259320158825,0.447323472956449,0.4095184759935722,0.674774815352865
660,0.5097724062848981,0.5143669235357696,0.6031087104609705,0.6639983063759104,0.5949525779293106,0.45479862398950555,0.44081939355599253,0.44394965069732556,0.42697602293806713,0.6700691599128298
661,0.5106145142561613,0.5139637206773408,0.6036738489975553,0.6656730540323922,0.5899188514887628,0.45581615200919673,0.4414257992896919,0.4437393399433512,0.4297717689509536,0.6690925354486005
662,0.5115172171863684,0.513593397481532,0.6042017594518362,0.6672340555762775,0.5848967098922445,0.45683160342619933,0.4420339338208142,0.443532886790325,0.4325953710232753,0.6680311689256785
663,0.5124782897108244,0.5132564914392601,0.6046929784542312,0.6686794357085859,0.579891478469569,0.4578427450930181,0.44264340702677496,0.44333225969470613,0.4354434563255748,0.6668852090627877
664,0.5134954844587498,0.5129534946455843,0.6051481320078219,0.6700075270689596,0.5749084020148989,0.4588473337449012,0.443253865209468,0.44313950157525944,0.4383126236449282,0.6656549254949877
665,0.5145665397745458,0.5126848532504896,0.6055679345379384,0.6712168748079193,0.5699526373204223,0.45984312075676637,0.44386499439739985,0.4429567274987353,0.4411994490283447,0.6643407114352846
666,0.5220450159560446,0.5062156700352277,0.6125826117177833,0.6223916315084079,0.5348079733761726,0.5206939468604375,0.4322963928537082,0.4188769570253776,0.546558170479343,0.6208695501825421
667,0.5233392765507335,0.5062308592347684,0.6133058333887171,0.6199650775615188,0.530174597352838,0.5239216213291985,0.43332781636221784,0.41892306991610784,0.5528084184360892,0.6165072910046336
668,0.5244671913636162,0.5064833903374012,0.613604036517542,0.6192348327036958,0.526720913886106,0.5251203739081899,0.43482900962429716,0.4198855063920467,0.5555134448851542,0.6139312612722044
669,0.5256099292705197,0.506776355560742,0.6138983552496643,0.6184372685842944,0.5233517048971358,0.5262596854449026,0.4363535125993336,0.420911016721079,0.5581530970925914,0.6113117901541474
670,0.527882377269899,0.505878841987294,0.6180368879803408,0.6052016176715204,0.5136407713581682,0.5397626776225951,0.4349470424399223,0.4165967327802822,0.5832061415252232,0.5949829360659924
671,0.528974337310911,0.5063165552273883,0.6184233704645449,0.604200773732694,0.5108615520617732,0.5407043325846256,0.43680178117440255,0.4181356363140355,0.5854434280026196,0.5921807538895085
672,0.5317459776602551,0.5044895273594714,0.6514905410304476,0.5608208779645903,0.4929499175645455,0.5850471358920065,0.42858180918786115,0.4022966474826338,0.6660011092487091,0.522548855355769
673,0.5318740410585892,0.5052996149140917,0.657299641954408,0.5583131131855428,0.4928611074959546,0.5876755347653886,0.4311533249757562,0.40499424179251914,0.6715231497068754,0.5142652049082685
674,0.5322098493062609,0.5058235344299924,0.6581610012187236,0.5586289297972974,0.4923695221902318,0.5871769848097563,0.43453230973279955,0.40887326874987795,0.6713159904312892,0.5127022736010469
675,0.5325298169213829,0.5063723523579302,0.6589848226125611,0.5589758858528346,0.49192594528292405,0.5865903678130977,0.4379323817861655,0.4128246571607662,0.6710066265331153,0.5112285242291174
676,0.5324439576305641,0.5072855003364246,0.6641541582853705,0.5578953420833699,0.4931383753209603,0.5870162064173398,0.4408908235243044,0.4164848931855404,0.6736865262294124,0.5056928358832036
677,0.5326200773175769,0.5078251494337928,0.6648523953800479,0.5585185265920654,0.4929243501025861,0.5860663053480745,0.4444046443614824,0.42071788896629747,0.6729115933160363,0.504742806929525
678,0.5327798146528603,0.5083845028176736,0.6654958585921887,0.5591647848925533,0.4927484960127346,0.5850383570270802,0.44792865838536217,0.4250075850025253,0.6720391938333984,0.5038902754951781
679,0.5329232558179539,0.5089624822590929,0.6660817890042173,0.5598320061391254,0.4926096233048765,0.5839348978477038,0.4514605503492907,0.42935043126016686,0.6710703689795035,0.5031355561235259
680,0.5330505009753971,0.5095579948822287,0.6666075071749309,0.5605179847249755,0.4925064752784726,0.5827585767595557,0.45499796304571144,0.43374275283329344,0.6700062469101316,0.5024787891326337
681,0.5317787729580223,0.511415720355382,0.67422767358467,0.5609953942617162,0.5016689042183744,0.5759012159214273,0.45838842045724976,0.4398401190982601,0.6666086111970351,0.5026170573315081
682,0.5313826264702349,0.5120866960170811,0.6741225351890273,0.5631619173824256,0.5011969833118265,0.5729305546670932,0.46539577656840664,0.44883996815667637,0.6632517581883347,0.5033983727645447
683,0.5311329384357284,0.5125015775264767,0.6740489887944856,0.5642535233324427,0.5013486507610221,0.5710731366738765,0.46889968807464455,0.453459296143893,0.6612158849983268,0.5041269308042269
684,0.5308696167811455,0.5129242625540666,0.6738896265207885,0.5653318847957187,0.5015091854953245,0.5691776135944687,0.47238105624324384,0.4580827440187185,0.6591064210033206,0.5049434265789589
685,0.5305930494373864,0.5133540418761039,0.6736437236639786,0.5663945117919347,0.501676919592356,0.5672475016653743,0.4758374264378096,0.4627058734581262,0.6569257387312887,0.5058455170849093
686,0.5303036339457509,0.5137902162123356,0.6733107850694128,0.5674390242854415,0.5018501601815467,0.5652863467174712,0.4792663693393392,0.4673242405783046,0.6546763058626642,0.5068307467310743
687,0.5300017771138993,0.5142320978728233,0.6728905511835526,0.5684631649707306,0.5020271948471612,0.5632977185134981,0.482665485766221,0.47193340509850773,0.652360685507445,0.5078965543216968
688,0.5296878946574269,0.5146790123510994,0.6723830032480196,0.5694648114599538,0.5022062972198832,0.5612852051243091,0.48603241163409505,0.47652893957709,0.6499815362000463,0.5090402801750105
689,0.5293624108256104,0.5151302998576948,0.6717883676011681,0.5704419878048493,0.5023857327263394,0.5592524073504416,0.48936482303470236,0.4811064386911085,0.6475416115981428,0.5102591733523659
690,0.5233883985668385,0.5198203898194113,0.6239421432866614,0.5952129646975419,0.5493633455591279,0.4807030077669555,0.5158244296390715,0.5176718925177116,0.5414949180090791,0.6012128855445208
691,0.5221825700291135,0.5190591899187262,0.6231824416206919,0.5967884004063471,0.5480662075496454,0.47874568510403176,0.5176677189153106,0.5200627044976683,0.5385664174976984,0.6038766855950861
692,0.5210073429432177,0.5182954852740109,0.622429930828249,0.5983770217172558,0.546710904140691,0.47685925376554517,0.5194835672483364,0.5224023957689203,0.5356884047185,0.6064989840980765
693,0.5198638562613942,0.5175306320408803,0.6216878141506563,0.5999813880794298,0.5452979993803657,0.4750448702630205,0.5212725210792302,0.5246904797775866,0.532864877430852,0.6090771821157288
694,0.5187531918009467,0.5167660144566217,0.6209592314066343,0.6016040647431159,0.5438282251107883,0.4733035911467724,0.5230351352099043,0.5269265325043418,0.5300997452644568,0.6116087948161164
695,0.5146795837095824,0.5185379997832544,0.6086725549487215,0.6692093651298663,0.5567673035575075,0.43372617289300947,0.5706320027649976,0.5744250339685739,0.44440766358417466,0.6549848582966044
696,0.5102155767402922,0.512150427472095,0.6124103054462247,0.6805431113911011,0.5344038726481981,0.43254654830852646,0.5720823298380123,0.5739774838301189,0.44773458062924787,0.6611409992415979
697,0.5097803378813192,0.5113294546018929,0.613121647238016,0.6836887831272307,0.5312876104188831,0.43232883034311215,0.5731081845484366,0.5746018116090346,0.4474722273368686,0.6621444359482298
698,0.5094063742447169,0.5105370485823738,0.6138367392215226,0.6868412177838411,0.5281598313251165,0.432173349181526,0.5741052268223364,0.5751775716331322,0.4473160216761512,0.6630715036125476
699,0.5090931556161499,0.5097749305961299,0.6145535841264462,0.6899974572707799,0.5250250246592205,0.4320785013865547,0.5750722541738551,0.575704318585236,0.4472654666101328,0.6639219442444775
700,0.5088400748074062,0.509044799792196,0.6152700994331195,0.693154395610741,0.5218877268236258,0.4320426343726532,0.5760080497658936,0.576181642039987,0.44731987613411506,0.6646955593331144
701,0.5086464514727164,0.5083483299064239,0.6159841251879028,0.6963087855527206,0.5187525121149671,0.43206405065937337,0.5769113876656534,0.576609170995726,0.44747837791704675,0.6653922089775143
702,0.5085632417221547,0.5076646194846112,0.6170923648233468,0.7014254651233321,0.5156608055539682,0.43207008323339285,0.5786931696201392,0.5777055851610804,0.4470968854673079,0.6661489748076085
703,0.5084964531144541,0.5070517194582493,0.6178024618600295,0.7045588912572697,0.5125267701649477,0.4322141566438563,0.579505362850072,0.5780026859852974,0.4475180058076924,0.6666616218949809
704,0.5084866798855358,0.5064776419313108,0.6185013011451422,0.7076762921485733,0.5094100259960727,0.4324092817750277,0.5802805779054699,0.5782491173365504,0.44803854024670037,0.667097475042456
705,0.5085329726227159,0.5059439055546681,0.6191864921225372,0.7107738871177147,0.5063152238664439,0.43265361057483576,0.581017608790771,0.5784447373125046,0.4486568314813424,0.6674566324558538
706,0.5086343295322509,0.5054519862575172,0.6198556207953785,0.7138478062125382,0.5032470035835926,0.4329452748493606,0.5817152722766282,0.5785894707814856,0.4493710594337093,0.6677392474342836
707,0.5087897005112194,0.5050033140468256,0.620506260186061,0.7168941008906898,0.5002099850718545,0.43328239099781546,0.5823724136375106,0.5786833142785148,0.45017924687470723,0.6679455280946157
708,0.5089979911922099,0.5045992698684814,0.621135981053924,0.7199087551489438,0.4972087596050131,0.43366306474854716,0.582987912334937,0.5787263408311903,0.45107926544365207,0.6680757371750624
709,0.5114727765529259,0.5030048565432412,0.6219571814336413,0.7284507563869738,0.47738550383480044,0.4369868476244567,0.5822541372775543,0.5752654832869508,0.45960727356804393,0.6681126050929438
710,0.5120217612383574,0.5029005288533612,0.6223968319365869,0.7313121476614659,0.4748359342353828,0.437639597009785,0.5826681067798866,0.5750711454658084,0.4608745542192944,0.6678102296138383
711,0.5126135409322012,0.5028504163271722,0.622805111754228,0.7341236422056628,0.47235309646411777,0.4383243434751991,0.5830362959637723,0.5748279444122394,0.46221907591003336,0.6674334954491519
712,0.5132467976682328,0.502855421399208,0.6231797550467871,0.7368809113301218,0.4699409706398081,0.4390392948067774,0.5833579695469971,0.5745366113452379,0.4636378200148714,0.6669831503187504
713,0.5139202032124217,0.5029163683642496,0.623518569801609,0.7395796390341,0.46760343926622916,0.43978268456351094,0.5836324588208387,0.5741979798893738,0.4651276760662741,0.6664599985905886
714,0.5145192684462337,0.5032931281650886,0.628089176995357,0.756596261118516,0.4659758966233306,0.4413703987271126,0.5875494192992927,0.5756535663360796,0.47037046472000804,0.6623578589614182
715,0.5150080494865172,0.5040244765657744,0.6307984576804052,0.7649070302440039,0.4642420421363953,0.44306641580356126,0.5883173153241509,0.5749799069271453,0.4783380539322056,0.6573653350730648
716,0.5158375664777618,0.5045400163023454,0.630667855081116,0.7663083302004299,0.46228108643943944,0.4437957341122857,0.5880143293357465,0.5742250334682365,0.48053050003258624,0.6562767884108917
717,0.5166976820496958,0.505110880910517,0.630482510330084,0.7675952568590677,0.46042487411585337,0.4445349628181192,0.5876593398145037,0.5734434385501458,0.4827489343916145,0.6551310320040825
718,0.5174258399624947,0.505925260800709,0.6307533999603416,0.7693165986740171,0.458835803188786,0.4455269366191093,0.5869518140214287,0.5722633856654138,0.4873294523722299,0.6524656839557981
719,0.5147259066784047,0.5104505801908584,0.6290535264639197,0.7349875235554924,0.4589748831387372,0.4504768949327134,0.5687454347813851,0.5576506988358347,0.540641974490092,0.6229863789452381
720,0.508778737688158,0.5174849623951395,0.6301322469871585,0.6036773017304314,0.4573831347876279,0.4566704621660302,0.5245998771491371,0.5321829281557026,0.6317372964065177,0.5699253622609436
721,0.5096966193208995,0.5188960962583822,0.6315927728113868,0.6005891816646518,0.45765983298954505,0.4558536433428406,0.5247876603257118,0.5360884492929796,0.630395969526092,0.5680201455695555
722,0.5092757835373458,0.5203378770450809,0.6379925405088346,0.5804102593784048,0.4575771523496574,0.455787789710455,0.5190954575280307,0.536282867616551,0.6397832779820215,0.5598706846406714
723,0.5085514871555128,0.5217906672577561,0.6501319523585395,0.5551976501816773,0.4573486908764403,0.45555418097932104,0.5120449359495172,0.5372787797668417,0.6506167394273992,0.5495985886699397
724,0.5087619494954599,0.5223874879077557,0.6522605191666182,0.5525097662763797,0.457854465003926,0.4550244515186937,0.512054618376311,0.540251643823535,0.6496687488235726,0.5484796156976396
725,0.5075899394519082,0.5232296317443985,0.6951042581788452,0.5111594977521479,0.45523770350610093,0.4541191996290341,0.5000339852486242,0.5444648715497384,0.6608957469293125,0.5316692709081864
726,0.507491416117971,0.5232197884024846,0.6976141557683508,0.5094441253606166,0.455801872776758,0.45359183520478297,0.5005718949374303,0.5486098186291258,0.6585273780533276,0.5315460131175974
727,0.5074744138711872,0.5229935400898541,0.7053667136510409,0.5054004590508208,0.4556712004213088,0.45302368774058366,0.5002883662281062,0.5531021802927854,0.6552269322778632,0.5309241771774812
728,0.5073417350295214,0.5229374461069555,0.7075864304662666,0.5038063537676922,0.4562037752489394,0.4525708582564851,0.5008383696980936,0.5573147795425241,0.652606694559616,0.5310284010522803
729,0.5074182169448206,0.5225495441704389,0.7141445264183572,0.5007991830022618,0.4559110545798245,0.45214544007342666,0.5008568581450481,0.5617964153181214,0.6482846681841671,0.5313144716725607
730,0.5072572242034169,0.5224508454329273,0.7159633347288218,0.4993199503091523,0.45638317590526645,0.4517911449914789,0.5014058818163233,0.5659954174695231,0.6454691182212763,0.531632565721677
731,0.5070987870279311,0.5223813824355669,0.7176517906698977,0.4978321907190308,0.4568443939294276,0.4514689937072948,0.5019315274100408,0.5701723946174823,0.6426153091110514,0.53198116809605
732,0.5069430028819883,0.5223415180159504,0.7192052707650576,0.4963367782095476,0.45729314956673206,0.45118031464200714,0.5024335804017791,0.5743229065355173,0.6397271937661824,0.5323588016066632
733,0.5067899623463454,0.5223315932344117,0.7206195230409516,0.49483479824747856,0.45772795867382865,0.4509263874476741,0.5029118781881143,0.5784425870586059,0.636808797845408,0.5327639800103371
734,0.506639749136967,0.5223519272020287,0.7218906788516818,0.493327548054238,0.458147412854679,0.4507084402184108,0.5033663129750062,0.5825271526386608,0.633864214139597,0.5331952104389633
735,0.5064924401424977,0.5224028168813883,0.7230152632463753,0.49181653555135624,0.45855017991968566,0.45052764671833534,0.5037968344420377,0.5865724105287052,0.6308975965990244,0.5336509957691942
736,0.5046454122439388,0.5254827554281026,0.7241720504768294,0.4792337087731122,0.46389811777866324,0.4492605102883745,0.5062864408556208,0.6173885346208509,0.6108850324589734,0.5356054473797528
737,0.5043478202495452,0.5266510270173509,0.7239640780689176,0.47574429856629685,0.46497316794283444,0.4492383396953468,0.5065520494246218,0.6247138123132798,0.605426200337738,0.5362190515159534
738,0.5068069278640158,0.5244875559322798,0.7236032136911951,0.47832790054683927,0.45869093863168253,0.4526200474890406,0.5084450511623348,0.626386784332052,0.5938782580049384,0.5418513478083021
739,0.5070980624753036,0.524313691440605,0.7215168124898698,0.4786587126150651,0.4576133339757541,0.4536619904865369,0.5093263690106777,0.6287466860469988,0.5896843004874345,0.5436160018059711
740,0.5069451324938339,0.5245946134880789,0.7201586257705135,0.47778704151493673,0.4575445682845583,0.4542392594459628,0.5096130700582626,0.63161940284181,0.5869724041358818,0.5444323651579307
741,0.5067964267495841,0.5249073730878072,0.7186632524002838,0.4769650227652913,0.4574486542562008,0.4548653259151444,0.5098859404183399,0.6343999595199646,0.5843130633450148,0.5452481211690015
742,0.5066519270566854,0.5252521503004902,0.7170347407307021,0.4761963791845589,0.45732563022014594,0.45553992713940705,0.5101461399590084,0.6370869814750011,0.5817102051524814,0.5460618479617904
743,0.5077678463307592,0.5243264913540349,0.7109140689704253,0.48071460099540086,0.45395536663361735,0.45803666220972916,0.5127577545968531,0.6370668221758379,0.5758914496488318,0.5495341754134312
744,0.5076057185002267,0.5246311208894567,0.7088295047536859,0.4804121252640534,0.4536840208035034,0.4589384440885021,0.5131062369369686,0.6393270794121059,0.5735695875468199,0.5504242060231612
745,0.5212920441737672,0.510326648656453,0.6380319230865663,0.5808312222019385,0.4226201631859441,0.4764059717655802,0.5691477609565524,0.6061890110553075,0.5444474144287681,0.5800838434466681
746,0.5217902079551788,0.5090527531751399,0.6319682363538168,0.5928860601682406,0.4204043518977552,0.47938862221137324,0.576177741458143,0.6045991741168536,0.543001655195507,0.5828473118060211
747,0.5214502092811474,0.5087054460316812,0.6303091163352195,0.5959733934651725,0.41981227738913707,0.48166158414747723,0.5776058511317461,0.6046156481864132,0.5431003395573631,0.5839272212261157
748,0.5183149965178819,0.5088735565207955,0.6270764731110341,0.5991084666407721,0.42005028739854866,0.49443946076939094,0.5761669701265555,0.6068642860930238,0.5465083203369807,0.5875092350972484
749,0.5180429262468894,0.5088291863920273,0.6255064355360656,0.6022841945191278,0.41974086986313863,0.49681015159745445,0.5773622101576396,0.60657652633466,0.5470181947227913,0.5883074182004605
750,0.5177780526012274,0.5088247964352073,0.6239831317668318,0.605482193752102,0.4194867669486326,0.49920307386577034,0.5785266190684984,0.6062261048498567,0.5476115444899936,0.5890595285880431
751,0.5175201446324251,0.5088604883090447,0.6225069505400588,0.6086972790658219,0.419290675996979,0.501616694416408,0.579658286111417,0.6058136402049458,0.5482858239162212,0.5897651362323724
752,0.5172689690639584,0.5089362934253451,0.6210780426618671,0.6119241074751444,0.41915529918492095,0.5040495453596233,0.5807552908696767,0.6053397582625722,0.5490383309003876,0.5904238634166031
753,0.5170242908636563,0.5090521733355002,0.6196963275656534,0.615157195346662,0.4190833394905778,0.5065002270597548,0.5818157107373313,0.6048050955067624,0.5498662160471042,0.5910353841414222
754,0.5167858737955622,0.5092080203246762,0.6183615008444355,0.6183909360369582,0.41907749624075213,0.5089674106049284,0.5828376284489921,0.6042103025584146,0.5507664921824231,0.5915994235799648
755,0.5187262510247767,0.5070444551296875,0.6075170806681938,0.6602881034848346,0.41297967365310867,0.5134022227771242,0.606224550354919,0.5957451752862881,0.5521752514202134,0.5929469328313686
756,0.518479622925001,0.5072196459790563,0.606744204057451,0.6633321648144225,0.41352196893700605,0.5161291310832985,0.6070486823354254,0.5947602833347029,0.5535419610752841,0.5933152134428326
757,0.5212807498975622,0.5038666005630361,0.5975621204073439,0.7477165976849035,0.41727646461475815,0.5159262389939521,0.6642270613159175,0.5823886644308687,0.5604599778674056,0.5836574142543297
758,0.5210195909684859,0.5041499614083343,0.5973435260525647,0.7482168901460009,0.41937660819285055,0.5189510023303465,0.6635892299999231,0.5809449001466789,0.5621246304912239,0.5835873218644806
759,0.5207616740909365,0.5044728744799133,0.5971062395908532,0.7485861022342869,0.4216028121139603,0.521977604477836,0.6628422566254629,0.5794803144085265,0.5637758557457191,0.5834819538745717
760,0.5205068268432106,0.5048354877011545,0.5968496108195501,0.7488238947895159,0.4239535375804928,0.5250044410922331,0.6619876002638556,0.5779975593356362,0.5654113358972379,0.5833419451470468
761,0.5199778241634807,0.5054776801234978,0.5969000740976941,0.7528611450231446,0.43053957557983213,0.5259484984238207,0.6657442773218979,0.575895116036592,0.5684367700639508,0.5800078472110296
762,0.5163683662721585,0.509345824471467,0.6010964655579814,0.7257975831862199,0.4635218376570947,0.5132706027274028,0.6635320968936534,0.5751422169042545,0.5787593496877709,0.5646532913530607
763,0.5148229087124959,0.5114864180811739,0.6033453913267107,0.7047684767359477,0.476344859567793,0.510407997870475,0.654290821677501,0.5758140721457362,0.5822116622277779,0.5613881482419286
764,0.514627036329302,0.5123605189378331,0.603287713404068,0.7017181901177096,0.4795065643802573,0.5124750626879326,0.6517269523273261,0.5754560776504389,0.5826128800717545,0.5610392742635759
765,0.5144309029602708,0.5132827568918779,0.6032587152931449,0.698612593674408,0.4827081018127603,0.5145178350808934,0.6491243729564933,0.5751700832598998,0.5829609072800686,0.5606859845498717
766,0.5142344749970573,0.514252647319407,0.6032595021198699,0.6954534716493014,0.4859440605935489,0.5165345745320363,0.646486423944801,0.5749583893571306,0.5832554702074685,0.5603288347206399
767,0.5096747863521002,0.5196293290338312,0.615401503994263,0.6364166915308851,0.5131440401516886,0.5054559770938235,0.6182975701326813,0.5833222108306373,0.5887856347892867,0.5567663321267481
768,0.5095296951759343,0.5207859949700706,0.6160452139786305,0.6328157156599781,0.5160080820694567,0.5068346282514097,0.6157571473021904,0.5842740274718267,0.5881597128307754,0.5565288780542337
769,0.5099129290716592,0.5261076504892059,0.6158908601656067,0.6267858850783598,0.5252688750498036,0.5162037060363438,0.6089999825118634,0.5871992342449308,0.5837483238639508,0.5554029207629861
770,0.5071580224419848,0.535394347883326,0.6274603609579179,0.5857558034576544,0.547238231364364,0.517220575644762,0.5857684482150769,0.6016160483273353,0.5785809710247832,0.5546543170496128
771,0.5070160652337533,0.5369578728832177,0.6284095673958484,0.5818177136391665,0.549781321579504,0.5182896179034412,0.5832857188258632,0.6036200391187042,0.5772112863137747,0.554488909673333
772,0.5068738912592748,0.5385480749748152,0.6293570396968163,0.5778581804459895,0.5522890949571773,0.5193397095073847,0.5808089958025737,0.605690480642266,0.5757915781642315,0.5543277844850281
773,0.49910707356499406,0.5460832148050649,0.6861769806491149,0.4688422442872382,0.5988627704711936,0.5198921664369747,0.5257735702221735,0.6536947387110682,0.566759747649159,0.5654424775258006
774,0.4990764695830358,0.5471494153418727,0.6864343915889065,0.4652577122207995,0.6001655695408499,0.521143705572469,0.5242653637346562,0.6564726895614287,0.5639113554100459,0.565793701877022
775,0.4990468214996361,0.54823401383216,0.6865652447966174,0.4617030281083619,0.6014392011447979,0.5224206853845632,0.522754095502507,0.659209531151244,0.5610746053223513,0.5661365845282937
776,0.500109192148832,0.5483199087578662,0.6912195009199543,0.4531072609626543,0.6036701108188528,0.5284696002385022,0.5189764798805393,0.6653940161537637,0.5561180267288474,0.5679432787082501
777,0.5000696117911025,0.5493075855187671,0.6907232966390243,0.44993055192770776,0.6046536558025108,0.5298973407456898,0.5176001406110773,0.6678238744959295,0.5533618977178333,0.5683290649216892
778,0.5090669202746627,0.5424397655543544,0.686980028428833,0.45999347008872293,0.5877755355492931,0.5505580779682165,0.524730256495609,0.6653999668228505,0.545906177153946,0.5715394634411938
779,0.5089222529517358,0.5429849361028879,0.6849889486888777,0.4587162034156245,0.5876238470570213,0.5521360750156997,0.523994042777561,0.666531039376064,0.5440499678263453,0.572062168239093
780,0.5087779472104639,0.5435547944736006,0.6828997048503944,0.45754873424026643,0.5874022940836217,0.5536941634719674,0.5232819759902995,0.6675831779590848,0.5422829800474032,0.5725629801915972
781,0.5086340485070965,0.5441492436482827,0.6807166658590684,0.456492875455119,0.5871093633151606,0.5552298391063825,0.5225949957370664,0.6685562386411867,0.5406075779784044,0.5730414992781547
782,0.5084906050882462,0.5447681362955809,0.6784442924994706,0.4555501030684634,0.5867436298506536,0.556740665087351,0.5219339512831845,0.6694501600570276,0.5390259408281909,0.5734973542670057
783,0.5087826867273869,0.5450400447576784,0.6753047114695045,0.4562514938515393,0.5848289165233529,0.55877796028084,0.5221635810352291,0.6695059241188704,0.5376495301423089,0.5739161366534263
784,0.5086355407473359,0.5456902735473593,0.6728438089574958,0.4556178332867657,0.5842740644723705,0.5602274802972084,0.5215845056630569,0.6701931414210737,0.5363077620802436,0.5743294827917088
785,0.5131745806942485,0.5423421165217694,0.6605454598998761,0.47404195350556494,0.5659623559115601,0.5661536707006234,0.5318098897983552,0.6610919014869479,0.5376000645721108,0.5740738822062577
786,0.5129809830105381,0.5428680277853044,0.6578172612361539,0.47442182164808006,0.5649182143522989,0.5674925619422645,0.5315613350518095,0.6611391704751898,0.5369449348810311,0.5744731722504548
787,0.5127875376741414,0.5434169963335548,0.6550508561929111,0.4749020423062646,0.5638052550925996,0.5687913743358566,0.5313348817457705,0.6611136990547043,0.5363917689280788,0.5748468734597532
788,0.518863647426165,0.5386306595756967,0.6307215573033799,0.5104943632083581,0.5316208894710095,0.5760570701965908,0.549956414086463,0.6421479438356548,0.5431057990735866,0.5739006705817244
789,0.5234620543460073,0.534461299718331,0.6159695468100221,0.537019065902394,0.5092510424755271,0.578513682951455,0.5651147900337532,0.627264850902977,0.5498095131043774,0.5718435971362346
790,0.5231743139738324,0.5347246583424904,0.613444718979696,0.5389896830073356,0.5079943859942974,0.5798541053040953,0.5652710716592221,0.6259787310176641,0.5506407416244776,0.5721355131378276
791,0.5244872418505624,0.5334367556795044,0.6069695895755747,0.5494590579921399,0.49992215296837783,0.58152322030848,0.5706598827363568,0.6197365497206806,0.5538666731866114,0.5713955395149084
792,0.524187474667246,0.5336791830505002,0.6045793493256348,0.55149067476039,0.49883018977225835,0.5829241218462399,0.5707660196386998,0.6182468142376206,0.5549156874231408,0.5716354719491912
793,0.5238862162047058,0.5339355394525791,0.6022213621895514,0.5535075224009776,0.497771175911213,0.5843173169327999,0.5708392064904372,0.6167127925336503,0.556021681840962,0.5718471628206093
794,0.5235835781523295,0.5342051389769944,0.599896766299682,0.5555043180856404,0.49675051448350976,0.5857057029309819,0.5708778974359643,0.6151359016294805,0.5571814045170986,0.572030484825321
795,0.5253117440324321,0.532440636090656,0.5926708947915673,0.5685455070197144,0.4871380561615571,0.5876039951195245,0.5779067785736445,0.606906196070624,0.5618143926277319,0.5704015686339217
796,0.5249979417405333,0.5326640498434475,0.5905340689307494,0.5704767605613288,0.48648818593805204,0.5891679183667151,0.5778316337306182,0.6051240696742523,0.5631424588136195,0.5705307964497665
797,0.5246825940472605,0.5328975759104679,0.5884353389516594,0.5723588110923712,0.4859086925879122,0.5907431031529284,0.5777090517710918,0.603307695974623,0.5645064492687231,0.5706316440490071
798,0.5243658178753489,0.5331405039429188,0.586374969714543,0.5741871408128967,0.48540498721796943,0.5923328038947555,0.5775380281468361,0.601458755657545,0.5659028837540753,0.5707040512178815
799,0.530209290131728,0.5267269781367075,0.5702042151998535,0.6084671861000274,0.4629082415562216,0.5971864918429894,0.5993761406868092,0.5782847563036128,0.578239688902776,0.5630504720341563
800,0.529878329932538,0.526771459004141,0.5686133441720849,0.6097829789096645,0.4638379168181578,0.599585184691997,0.5987971794412073,0.5760900851440413,0.5797230370874722,0.5630727595299775
801,0.5295443990255752,0.5268217246700105,0.5670616543175474,0.610999728989083,0.4648932510374403,0.6020212017251236,0.598143185056888,0.5738840762128822,0.5812060965809166,0.5630686684882757
802,0.5292076004706928,0.5268773713702718,0.5655484826855143,0.6121153796021293,0.46607692204210893,0.6044965386866403,0.5974146568594132,0.5716689953001148,0.5826859586486857,0.5630382489089243
803,0.5288680399904278,0.5269380023329241,0.5640731357104753,0.6131281245511438,0.46739128071413527,0.6070130239971901,0.5966122604565204,0.5694471493339848,0.5841597909886679,0.5629815717584659
804,0.528525825879633,0.5270032291924167,0.5626348963064199,0.6140364091049747,0.46883832978075135,0.6095722997025208,0.5957368249538726,0.5672208838421096,0.5856248445294114,0.5628987291494051
805,0.5281810689089835,0.527072673333384,0.5612330306595631,0.6148389299531006,0.4704197035308749,0.612175803061689,0.5947893396917352,0.5649925800901004,0.587078459855615,0.5627898345370731
806,0.5207221562215871,0.5328853078894481,0.5545711060044662,0.6016361598633382,0.5002021557476789,0.6340884310135694,0.5686747522169143,0.5550076618380064,0.5946068232735846,0.5684749438486283
807,0.5300265592349725,0.5202700257729725,0.5363470181219918,0.632948397904038,0.5004671835372143,0.6601808849833394,0.5992235942879176,0.5172843326581597,0.6113029948498591,0.5376990106167063
808,0.5311219503780772,0.5181723007398761,0.5344725972822277,0.6323089459809221,0.5074861582656036,0.6651919091293615,0.6003094790427,0.5114070076512776,0.6123774202011371,0.5334446453070668
809,0.5308717620864601,0.5180109911310182,0.5340664542121653,0.6303492840549024,0.5122178365020174,0.6689561110135561,0.5977446287820928,0.5097130493955244,0.6128316013140674,0.5331979607099308
810,0.5306164055996817,0.5178596953073131,0.5336904821933751,0.6283149496803324,0.5169229137917657,0.6726587438578095,0.5951375701114788,0.5080915017312186,0.6132507881923726,0.5329444434873682
811,0.5303559177910826,0.517718986143699,0.5333443532266638,0.626208902578089,0.5215915579803462,0.6762942584139431,0.5924923781487091,0.5065439839207013,0.6136355949698086,0.5326845289635835
812,0.530090338583018,0.5175894331384576,0.5330277222934884,0.6240341318884073,0.5262139202688049,0.6798570621682641,0.5898131532227093,0.505071964374309,0.6139866741010709,0.5324186570128739
813,0.5298197109392808,0.5174716006582196,0.5327402245439903,0.6217936543228761,0.5307801716904014,0.6833415398252003,0.5871040154804227,0.5036767566773335,0.6143047110521955,0.5321472713682431
814,0.5295440808551246,0.5173660461965128,0.5324814725702074,0.6194905127710619,0.5352805402445344,0.6867420744722366,0.5843690997475606,0.5023595161252499,0.6145904190150655,0.5318708189221706
815,0.5297999718142452,0.5164182945370895,0.5322010492108896,0.6163611067488615,0.5410157148941441,0.6895101393474405,0.5826733423787145,0.4998549153287211,0.6146832933530205,0.5295270444555105
816,0.5269755691324125,0.5175151213291992,0.5310302331807596,0.6003744517852291,0.5671813831342846,0.7114705893192182,0.5616091553419513,0.49528131308896406,0.6160090635973403,0.5317048034429936
817,0.52663755951579,0.5175404473520024,0.5309614617365666,0.5977154643682359,0.570876139064836,0.7140625708338799,0.5588497581834271,0.49462017878752434,0.6160862393860126,0.531357647831057
818,0.5258879714606184,0.5177928374162621,0.5307402639853174,0.5927135326006675,0.5777780071342585,0.7192953375211635,0.5532547746331825,0.49367741009661675,0.6162488634779123,0.5313888914829141
819,0.526535669168041,0.5147038938959599,0.5429643500041539,0.5625687028851057,0.5773339890598961,0.6683551196701597,0.5477031227973593,0.4979952614422694,0.607355019200515,0.5248369234477344
820,0.5264336096760488,0.5149570777800201,0.543399747463068,0.5594455051958616,0.5777669543903735,0.6681437264635962,0.5452134018472103,0.4985345844628101,0.6068526557942023,0.5251927766901392
821,0.5241448924659929,0.5173409441218805,0.5644671133062145,0.5179728378921736,0.6209918069480751,0.6157897009042859,0.5277444447180764,0.5191298887858988,0.5865416375223022,0.5581780655430828
822,0.523529042851927,0.5187278563431893,0.568421635608293,0.508539847533895,0.6400699378052563,0.6148201449112846,0.5227294649437836,0.524770836999657,0.5795465120843512,0.5668493746284423
823,0.5237044981130878,0.5193116737861362,0.568621741000286,0.5054828938317648,0.6418384974706229,0.6149693327221055,0.5214242291872248,0.5261892832114377,0.5778417977834913,0.5677961968983404
824,0.5238714451504672,0.5199264737341093,0.5687800956206127,0.5024867986089648,0.6436954830751009,0.6151274172491733,0.5201748384499733,0.527629518999224,0.57609468894583,0.5687249897853027
825,0.5238582525202143,0.5207618196661661,0.5693459806819885,0.49877053388532844,0.6485594535789188,0.6155367546142305,0.5184884132545782,0.5296908247493202,0.573424380962875,0.5706975597786621
826,0.5240116443242966,0.5214430085539766,0.5693958619554365,0.495925825105329,0.650672317130861,0.615752684335477,0.5173858986580876,0.5311668661522296,0.5715710511570586,0.57159077537537
827,0.5241559561582757,0.52215497589654,0.5693986563186055,0.49316327320099934,0.6528770027964117,0.6159765942105617,0.5163450078628327,0.5326545791897748,0.5696797067651718,0.5724636188438225
828,0.519314625801896,0.5283171459618375,0.5753397447369721,0.47977099260365325,0.7243548893552711,0.6336839085111844,0.5060061669839984,0.5450749415208722,0.5460209705913603,0.5927469799900882
829,0.5194729925419834,0.5291597093068139,0.57471154357298,0.477591992577116,0.7276099805043769,0.6344188463145956,0.5056921330758488,0.5464192922342225,0.5437818084701824,0.5935321071287308
830,0.5196233018646528,0.530031895931937,0.5740301356596484,0.47553603392457333,0.7308644563516997,0.6351163849337946,0.5054358467886982,0.5477524835499916,0.541540313849108,0.59428823094169
831,0.5171866566590441,0.5337618121859925,0.5734003264945357,0.47320691000197757,0.7590797280995193,0.6450278973606373,0.5024372688162733,0.5521036397790763,0.5297315654692646,0.6006934758367882
832,0.5136116105334201,0.5390493177590218,0.5691726023331716,0.4768617256654007,0.7817293936604173,0.6530972711058232,0.5003611076358231,0.5552246014158956,0.5150544570365335,0.6068921801874403
833,0.5136274301720387,0.540001362020819,0.567751730740069,0.4759244450922491,0.7828830753963808,0.6528057542561378,0.5006515950787869,0.5560156110912226,0.5134292119286675,0.6073824552848683
834,0.5136385738876014,0.5409782495517124,0.5662981493556255,0.4751102523901273,0.7838552414139071,0.6524236562119236,0.5009827359925838,0.5567844550857538,0.5118586762576616,0.6078424678533654
835,0.5136449868727998,0.5419794623037736,0.5648132858227844,0.47441840715896655,0.7846411492402107,0.6519525606860487,0.5013537228855954,0.557530795391172,0.51034488204111,0.6082723571899719
836,0.513646623720908,0.5430044339425233,0.5632985879119659,0.47384788098324265,0.7852365714947819,0.6513944217967682,0.5017636695579224,0.5582543530876165,0.5088897475762448,0.6086722548407946
837,0.513643448731708,0.5440525507529431,0.5617555200831638,0.47339737057191955,0.7856378196117888,0.6507515630710646,0.5022116138188347,0.5589549071390445,0.5074950726914127,0.609042283456855
838,0.5093610847185193,0.5509822799562838,0.5478895702926528,0.49403595616138307,0.7395639297474077,0.6314431123363631,0.5062283210150474,0.5542241161616726,0.5083162530973191,0.6084780933349615
839,0.5091629874877402,0.5518985989333522,0.5461085772361999,0.49418545310306483,0.7366532244318811,0.6299244492198282,0.5064950068973517,0.5543292882986017,0.508240790178417,0.6086092030146186
840,0.5092989777415003,0.5541036674563372,0.5328141111193685,0.5131212231811151,0.6724094059508811,0.6116006662080102,0.513087408057076,0.5458763922029801,0.523701637274087,0.6040629866192497
841,0.508983464413752,0.5547992907464274,0.5311327343164683,0.5133027663608041,0.6686773618861014,0.6106401821193366,0.5128877107896838,0.5456530752989877,0.5244576866133879,0.6040021460771573
842,0.5086711749156936,0.5554951761878401,0.5294750994534901,0.5134939468835276,0.6649411866335193,0.6097874589805697,0.5126946534226116,0.5454356472827604,0.5252562146429548,0.6039139862852627
843,0.5083622931271385,0.5561905321487508,0.5278420358426719,0.5136930085596787,0.6612126059857153,0.6090503387735351,0.5125080809674999,0.5452254499458472,0.5260951492969763,0.6037985276559906
844,0.50805699959932,0.5568845634611088,0.5262343341208919,0.5138983256082272,0.657503316303957,0.6084362868808536,0.512327844407884,0.5450238344475526,0.5269723778610542,0.6036557820246286
845,0.5077554713972611,0.5575764730116953,0.5246527483088193,0.5141084045994336,0.6538249355576404,0.6079523568010083,0.5121538003790399,0.544832159044637,0.5278857533563344,0.6034857537810595
846,0.5262039243616982,0.5407430259881093,0.49603576463716825,0.5518459324113193,0.5631574709947431,0.6998774985650943,0.5363663429412379,0.5107420882798597,0.6019447321295281,0.5564223995321088
847,0.5274011965830337,0.5385286900452059,0.49529788365433036,0.5508711610201086,0.5670560635631389,0.7114700355778856,0.5351708758251891,0.5091129124374126,0.6047496790897794,0.552701655402859
848,0.5220948800657642,0.5380376862228716,0.49505057793874363,0.5378227604554572,0.5893496471213693,0.7268509770644727,0.515202837725359,0.5136523075211379,0.6020036553817116,0.5566103229833917
849,0.5218096407973325,0.5375175138728051,0.49504852041980113,0.5362433007950486,0.5924770950610847,0.7310239588693173,0.5132090435974482,0.5141341376579958,0.6022962504062854,0.5560511592339212
850,0.5215255377066614,0.5369877033244387,0.4950824661013265,0.5346513786524921,0.5956036190385757,0.7351544275229202,0.5112605644381173,0.5146748135461906,0.6025614576816728,0.5554810010952916
851,0.5212425906437547,0.5364487630391805,0.4951510170334305,0.533049731774079,0.5987179699582127,0.7392315137093689,0.5093605693680834,0.5152731792427249,0.6027998842084067,0.5549001599353398
852,0.5209608184583406,0.53590121068561,0.49525275392625495,0.5314411062350035,0.6018088949967182,0.7432443784273401,0.5075122076370727,0.5159279857306311,0.603012175345701,0.5543089531161755
853,0.5206802390767364,0.5353455721765563,0.49538623799183773,0.529828254994214,0.6048651869227324,0.747182256185414,0.505718606247734,0.516637894100933,0.6031990115193374,0.5537077038160155
854,0.5169834377035962,0.5296107332415885,0.4983113894026451,0.5130445882068349,0.6322721200234743,0.7769217580048983,0.4905703887235178,0.5273566442401252,0.6017188667584021,0.5503939100677855
855,0.5166984639569618,0.5290222464785013,0.4986919987859219,0.511615321705906,0.6343501721475263,0.7795961059051403,0.48967224966529344,0.5285999371238782,0.6017084119621554,0.5496884330043346
856,0.5164152771388284,0.5284322556241539,0.4990856216649504,0.510216599034627,0.636287797787907,0.7820897926828104,0.4888642333740954,0.5298752766194997,0.6016817532329459,0.5489758126073755
857,0.5329506194272501,0.505676745187603,0.5085687263933494,0.4957107816845575,0.5725084186258389,0.6927407543431174,0.499551633117241,0.522526760943635,0.6100678808207962,0.5104755897706431
858,0.5360772696104797,0.5013223796277502,0.5125593078011957,0.4899399220405421,0.6618609758034545,0.6051951528636993,0.524294265498444,0.5049817551407053,0.5811129194640634,0.5600161931395738
859,0.5365308825800246,0.5014772166103303,0.5124872257647806,0.4893972651249923,0.6661169314378902,0.6042666470886596,0.5258479552144872,0.5052675606881072,0.5799223410204271,0.5608234159597485
860,0.5369782620913512,0.5016575493262142,0.5123908939499443,0.48899229950067147,0.6704281212160531,0.6032687264937792,0.5274709935627346,0.5055510749693123,0.5787085350195945,0.5616082093230204
861,0.5374191860767914,0.5018635748135581,0.5122701617579429,0.4887258804217304,0.6747823517120262,0.6021970975359477,0.5291615714374454,0.5058314602666443,0.5774723560329479,0.5623700791977482
862,0.5378534380001205,0.50209545435044,0.5121249466149874,0.48859850733991783,0.6791671409585539,0.6010476480661452,0.5309177403123531,0.5061079628589864,0.5762147141009443,0.5631085565778398
863,0.5382808071404963,0.5023533131530372,0.5119552329690799,0.48861032730974097,0.6835697649283919,0.5998164731678063,0.5327374169261914,0.5063799125683833,0.5749365723212352,0.563823197312561
864,0.538701088864793,0.5026372401515431,0.5117610713101761,0.48876113986290065,0.6879773049945085,0.5984999003337009,0.53461838834413,0.5066467220780083,0.5736389442172266,0.5645135819099949
865,0.5391140848869437,0.5029472878443815,0.5115425772196471,0.4890504033066509,0.6923766961595933,0.5970945138473368,0.5365583173713963,0.5069078860352597,0.5723228909021213,0.565179315317376
866,0.5395196035129364,0.5032834722309927,0.511299930453552,0.4894772423936259,0.6967547758420499,0.5955971782376632,0.5385547482937684,0.50716297995383,0.570989518054222,0.5658200266814933
867,0.5399174598701195,0.5036457728231741,0.5110333740627949,0.4900404573039502,0.7010983330033304,0.5940050606793209,0.5406051129181919,0.5074116589285834,0.569639972719846,0.5664353690922551
868,0.5403074761195166,0.5040341327346943,0.5107432135518114,0.49073853387411026,0.7053941574002568,0.592315652214881,0.5427067368855133,0.507653656177001,0.5682754399607548,0.5670250193124464
869,0.5406894816498754,0.504448458848602,0.510429816076003,0.4915696550011377,0.7096290887458148,0.5905267876803536,0.5448568462262019,0.507888781420753,0.5668971393633927,0.567588677496584
870,0.541063313252251,0.5048886220614167,0.5100936096767743,0.492531713145218,0.7137900655627828,0.5886366642207944,0.5470525741290453,0.5081169191207457,0.5655063214276032,0.5681260669016749
871,0.5414288152739566,0.5053544576031056,0.5097350825516798,0.49362232384883437,0.7178641735165171,0.5866438582889698,0.5492909678920176,0.508338026578638,0.5641042638526921,0.5686369335925318
872,0.5417858397507976,0.5058457654315259,0.5093547823559136,0.49483884018612007,0.7218386930161717,0.5845473410268074,0.5515689960239926,0.5085521319174658,0.5626922677388885,0.5691210461441603
873,0.5421342465165796,0.5063623106997692,0.5089533155301595,0.4961783680521165,0.7257011458776956,0.5823464919367183,0.5538835554655817,0.5087593319535587,0.5612716537223017,0.5695781953435747
874,0.5412605312274851,0.5094481515567352,0.507058242978888,0.5004800895662147,0.7456902807218022,0.5791900867123833,0.5605826336972186,0.5076180851813145,0.5545467859785654,0.5740370295897089
875,0.5205389653648455,0.5339413453032921,0.49606211355120833,0.5143664385319286,0.7856852481899363,0.5811288673665408,0.5657565499668947,0.5045065684086786,0.5178926372895671,0.5977584398772753
876,0.5151310206544908,0.5406047031971324,0.4937519256070899,0.5177999523854543,0.7605028030571647,0.5734157656220285,0.5623887307006725,0.50839932646953,0.5123414140136247,0.6000929295694832
877,0.5143281091885568,0.5422883718423074,0.493144923376904,0.5192236810417572,0.7513082869222018,0.5704541974217096,0.562473481863083,0.5098973912410881,0.5113238587471765,0.6003076196420396
878,0.5144942446569997,0.5429392731715778,0.49282804210568765,0.5203576308746121,0.7471412725101177,0.5685107916227108,0.5636737817282713,0.5106138086291291,0.5108494271683406,0.6002492642181915
879,0.5146600963185533,0.5435877403507864,0.49253674465065145,0.5215269701047821,0.7428820840513813,0.5667473077013083,0.5648418513512004,0.5113621236021362,0.510398262533267,0.6001686822379461
880,0.5148255541238931,0.5442334233805146,0.492271443091968,0.5227306217696329,0.7385443839917507,0.5651715095267271,0.5659754881924439,0.5121430809273196,0.5099700368160256,0.6000659851951358
881,0.5203732669243005,0.5453535365636039,0.49130150045064636,0.5337365591420431,0.7217807990456094,0.5539986256918876,0.5803333925565156,0.5148795332432692,0.5075027491104354,0.5982158938737046
882,0.5205696067498319,0.5460331025605776,0.49118903330006225,0.5354163813272717,0.7172225331329529,0.5533966387357936,0.5813410851549008,0.5158297627078194,0.507111080349442,0.5979559722140344
883,0.5068365444908662,0.5600076556175022,0.4933216839442263,0.5350006247221701,0.6494311686068949,0.5927154536631973,0.5511861922363286,0.5384101775926357,0.5136046088861015,0.594962053449427
884,0.5045532335400942,0.5625252595461598,0.49516913848357186,0.5345927983560482,0.634959419349847,0.6114982586926047,0.541720635391248,0.5459524764201064,0.5176904765017072,0.5927698683574889
885,0.5045626907483011,0.5627825116515275,0.49558289415728257,0.5353195585076027,0.6327481368420868,0.6155069996282372,0.5412563134621441,0.5476940679313613,0.51778321555771,0.5922880683910781
886,0.5045737710877636,0.5630272310453583,0.49602880388913073,0.5360512950940209,0.6306996522378863,0.61967119398492,0.5407562429106957,0.5494722756868732,0.5178761686009218,0.5917898385924786
887,0.5045863494743283,0.5632595031540282,0.4965060062291377,0.5367874114032753,0.6288135146096883,0.6239786612674612,0.5402209381868622,0.5512863274003383,0.5179689837623397,0.5912753945739148
888,0.5046002991940254,0.5634794284210997,0.49701360066662326,0.5375272606289232,0.6270885284433934,0.6284166996510117,0.5396510663999639,0.5531353828803452,0.5180613507426765,0.5907449597312313
889,0.5054222597947565,0.563397803638922,0.4980083332885217,0.5403988448850585,0.6249489399666,0.6356806083975481,0.5414576150666497,0.5565448105013041,0.5167929234062579,0.5898235918205059
890,0.5054497630710858,0.5635995840976415,0.4986052767747943,0.541217876136997,0.6236376749093735,0.6403915063100527,0.5408263626648948,0.5584875334841897,0.516879823473646,0.5892402515420353
891,0.501111059865676,0.5676346949267407,0.505496584800546,0.5365349224557151,0.6149758290042131,0.6988978322960588,0.5106986357776488,0.5780048150659225,0.5301700366651972,0.5813448662712222
892,0.5201797854126163,0.5510519220824573,0.5371610152669609,0.5076965316033638,0.6302511256570351,0.8020238284763724,0.4318503534909489,0.6185041689910473,0.5841800675637051,0.5288858048984486
893,0.5265973073935314,0.544033265695266,0.540857548456384,0.5040206326715305,0.6277518838851922,0.7820451433401612,0.43264576564238166,0.6203959339984906,0.5876588668734711,0.5210917013466839
894,0.5268289748836609,0.5431685907110447,0.5413078219232289,0.50348050972062,0.6272367871421942,0.77978879570563,0.4325174378201063,0.6226358683049358,0.586756788854756,0.5208045340324963
895,0.5270596828072804,0.5423106302875376,0.5417296481205379,0.5030221579242131,0.6266929487351063,0.7774093557566516,0.4325455465030514,0.6248272995590965,0.5858680945737413,0.5205221530382647
896,0.5272893157729688,0.5414600441580211,0.5421221527825943,0.5026486862238844,0.6261262329355788,0.7749119432336706,0.4327317683739183,0.6269674013396773,0.5849939093685017,0.5202442476950095
897,0.5275177667386927,0.5406174622288643,0.5424845115270007,0.5023630240276656,0.6255426106054143,0.7723017404974181,0.4330774395405871,0.6290534534073624,0.5841353101736708,0.5199705072429086
898,0.5258817547199937,0.5393130401014444,0.543423602159702,0.5024027597608584,0.6235924684449807,0.7700701142035126,0.4340961309409539,0.6399925804063732,0.5783566159960769,0.5215752978426063
899,0.5260781604800281,0.5385349704399884,0.5436450065128976,0.5025846174599489,0.6229784935475611,0.7670980368406142,0.435212656781261,0.6418024071912651,0.5776221975810185,0.5212798376831944
900,0.5262732791128163,0.5377674366767089,0.5438329551844205,0.5028643611842104,0.6223733923468113,0.7640338952448682,0.43648961603083103,0.6435452240217251,0.576909183756,0.5209867379012949
901,0.5601362290596089,0.4973884880979745,0.5269686024781315,0.5256299377636995,0.6791036627930119,0.5311730714893365,0.5682078027369625,0.5702155352480761,0.5804077227546969,0.5133305222460687
902,0.5606369716221242,0.4971317088433478,0.5264870620021759,0.5277606181593726,0.6817717389540385,0.5273497546778746,0.5718599210030053,0.5696284611172442,0.579678419818484,0.5134427212957676
903,0.5624455239349109,0.49534253564023445,0.5144782689835394,0.5397586939271877,0.7324892245390727,0.49568477145534234,0.6207627708331578,0.5331208303811941,0.5674052822173592,0.5299969762201588
904,0.5622477876845602,0.4965719073232888,0.5111621658060108,0.5442865851121755,0.7434250949728946,0.4887363900313124,0.6333202483177448,0.5241078566545118,0.5626010832292888,0.5349409470235774
905,0.5627775142511217,0.4967575647576335,0.5107363499953962,0.5467550232532095,0.7438021078380124,0.4839694686745317,0.6366906876329963,0.5231433145093376,0.561799633677364,0.5349155965126843
906,0.5632984910781741,0.49695763908456275,0.5103009565326871,0.5492755344375646,0.7439334441251527,0.4791558273596199,0.6400351876977682,0.5221726176549581,0.5610021210025372,0.5348727013308331
907,0.5638105417505717,0.497171940826638,0.5098573775628997,0.5518450744475341,0.7438178054266636,0.47430352056096914,0.6433502703711672,0.5211979571204233,0.5602087007885289,0.5348124068661382
908,0.5643134940336528,0.49740027392145053,0.5094070504418298,0.5544606660999913,0.7434545912890729,0.46942086680420947,0.646632509415629,0.5202215829477363,0.5594195191496012,0.5347348774503718
909,0.5618467390674693,0.5020376259914121,0.5041191661081432,0.5602627989735879,0.7500491401027434,0.4656612769821377,0.661674923285035,0.5079084510451346,0.550743835209961,0.5431629480848594
910,0.5616229344067581,0.5034309134939263,0.5031303819286588,0.5633335439252585,0.748287166471991,0.4618831873298695,0.6659605996300091,0.5057000442793618,0.548463727339101,0.5445033420971371
911,0.5600896085947853,0.5066724258454656,0.5013996510350672,0.5668903996320841,0.7450024861978,0.46058248771759963,0.6713431231364815,0.5022735113052909,0.5439030349353019,0.5479692990191443
912,0.5605440702586973,0.5071315325760072,0.5012837210999995,0.5695214742049557,0.7417902948265017,0.4564698876603524,0.6736861152027788,0.5018580359364547,0.5431531569728894,0.5477292213014818
913,0.5609888015692778,0.5075991585661668,0.501181438097874,0.5721840495768983,0.738383962924905,0.45246140432540455,0.6759526018593904,0.5014802595556626,0.542408711227965,0.5474736396641435
914,0.5614236210042015,0.508075133761941,0.5010940390839279,0.574876421664288,0.734792597539764,0.4485655871798986,0.6781399344942289,0.501142172201009,0.5416697541554563,0.5472028579572276
915,0.5543469928024367,0.5185681338300189,0.4997768183526253,0.5784126858943355,0.7179064622851677,0.46398598472370345,0.6790091297442232,0.5018584299763207,0.5307061156126055,0.5558971408074306
916,0.5547242388995004,0.5191381015216109,0.5000798429481361,0.5809454668997546,0.7132547226660566,0.4618537535279923,0.6802439654614335,0.5022619100209926,0.530040042880136,0.5555350131400797
917,0.5550914358649409,0.5197122818672735,0.5004073220156662,0.583499158414057,0.708526708783668,0.45990730257458534,0.6813764496530832,0.5027204342830475,0.5293798376471093,0.5551599358089789
918,0.5554483994717064,0.5202906036756624,0.500759815344576,0.5860720818601233,0.7037332038979675,0.4581493629027864,0.6824047565247043,0.5032349164510816,0.5287255008562662,0.5547722376101099
919,0.5557949483227386,0.5208730054846865,0.501137842885143,0.5886624923725658,0.6988847692040806,0.45658200053902287,0.6833271990706459,0.5038061773816868,0.5280770334332824,0.5543722530873695
920,0.5561309038873614,0.5214594358120384,0.5015418824640393,0.5912685732860277,0.693991707270295,0.4552066131282175,0.6841422344160977,0.5044349410879698,0.5274344374132508,0.5539603223003071
921,0.5564560905384268,0.5220498533835808,0.5019723675959468,0.5938884310971894,0.6890640277904444,0.45402392957870247,0.68484846898648,0.5051218309135895,0.5267977170835404,0.5535367905856142
922,0.5567703355905721,0.522644227339027,0.5024296854005817,0.5965200909521478,0.6841114157829457,0.453034012707499,0.685444663479356,0.5058673659070152,0.5261668801386657,0.5531020083123053
923,0.5514498328213847,0.5300952509186484,0.5051536579686731,0.5981148582279442,0.6681947460455361,0.473645750434044,0.6773088100700356,0.5151269038464839,0.5206648055838081,0.5566296097959462
924,0.5517054370565619,0.5307146471975069,0.5058845382126917,0.6005503400431998,0.6634085725689817,0.47409064030338277,0.6771704418541737,0.5163946793228572,0.5200849868768358,0.5561503363725666
925,0.5449270951606379,0.5392094792628,0.5111876250750754,0.6003100010173873,0.6461913683506609,0.503572592290405,0.6620468783198554,0.5316040328773847,0.5148040621224451,0.5593781415921041
926,0.5451133843332954,0.5398296202817119,0.5121814552119347,0.6024266920326218,0.6419338287001214,0.5054464635782232,0.6611178980894429,0.5333793901305252,0.514277788778859,0.5588626361765031
927,0.5452886975182906,0.5404508387794021,0.5131977312971975,0.6045274047458491,0.6377566423001405,0.507459602078915,0.6600774362373094,0.5352000355998487,0.5137581197089616,0.5583393607228613
928,0.5053862347616541,0.5751776284279653,0.5633335062874438,0.56052647413528,0.5858652439563983,0.6952706183295825,0.4927253910212323,0.646162060473968,0.5083158755431428,0.5627446884240677
929,0.5053341864399186,0.5754401364827011,0.564351553106763,0.5602044243673501,0.5850333563114991,0.6981920253974753,0.48968943923435293,0.6486602883092892,0.5078082782508765,0.5622414192956646
930,0.5052786586936893,0.575708043704483,0.565345253562106,0.5598586581159788,0.5842335814649268,0.7009557150756552,0.4866836827797636,0.6511216517960802,0.5073209670405538,0.5617364565293218
931,0.5052197665604197,0.5759818869054586,0.566313343949098,0.5594906898433394,0.5834621254755629,0.7035558252503972,0.4837146799143134,0.653543860978447,0.5068553933686153,0.5612299257140553
932,0.5051576368070394,0.5762621833658049,0.5672546000802086,0.5591021405879624,0.5827153857459163,0.7059871067266007,0.48078902397736417,0.6559246718468995,0.5064130015609087,0.56072195484031
933,0.5050924076047981,0.5765494292110304,0.568167837558736,0.5586947363489451,0.5819899703195995,0.7082449307102551,0.47791332191480385,0.6582618894406184,0.5059952248011305,0.5602126747811603
934,0.5050242281779803,0.5768440978278377,0.5690519119125708,0.5582703058587962,0.5812827153954293,0.7103252933501016,0.47509417231455897,0.6605533708112131,0.5056034810943182,0.5597022197845664
935,0.5049532584270411,0.5771466383240537,0.5699057185954064,0.557830777740067,0.5805907009858291,0.71222481736073,0.4723381430476229,0.6627970278444674,0.5052391692163261,0.5591907279764913
936,0.5031636553145447,0.5785408225394439,0.5739656230295275,0.5529762109680201,0.5788608886661393,0.7203296213700668,0.4554866352598467,0.6708962313082499,0.5061917137618498,0.5577491235778272
937,0.5011450384526314,0.5800301932033765,0.5791907073485196,0.5460898751483086,0.5771476925335686,0.7279017988266818,0.4328870496121695,0.6806424588325567,0.5081717877542542,0.5555214107835122
938,0.5036516806495942,0.5790171435229782,0.5966911087086959,0.521328170196859,0.5784494035029902,0.7070024737769256,0.3632708625117166,0.7056298362223382,0.5233260531936853,0.5407150101708303
939,0.5038017013928394,0.5791180882113963,0.5963120486251396,0.5213246256993936,0.5784772715070802,0.7046428937488969,0.36360757652903025,0.7070643254889345,0.5230949389762758,0.5403730867957218
940,0.5039568538004955,0.5792328308568828,0.5958872836140249,0.5214004990589488,0.5785326241783006,0.7021960080625883,0.36412893801366886,0.7084225940854861,0.5229151308519554,0.5400336489483377
941,0.5041172637427981,0.5793611121791922,0.5954169153942895,0.5215568755903632,0.5786172972479523,0.6996662112637749,0.3648347340174408,0.7097036987286869,0.5227871833880134,0.5396967765953067
942,0.5042830555037143,0.5795026178972034,0.5949010582294203,0.5217946210803676,0.578733031207821,0.6970578020016253,0.36572432011220496,0.7109067528167214,0.5227115413136993,0.5393625667476465
943,0.5044543509977744,0.5796569794102434,0.5943398386509037,0.5221143766826238,0.5788814555558195,0.6943749666498231,0.3667966202748684,0.7120309251334382,0.5226885387264073,0.5390311341939912
944,0.5046312689857808,0.5798237746455266,0.5937333954456391,0.522516554623386,0.5790640737637057,0.6916217643435868,0.3680501284054756,0.7130754385906356,0.5227183985938613,0.538702612206675
945,0.5048139242911629,0.580002529068785,0.5930818799099139,0.5230013347465586,0.579282249049486,0.6888021134996123,0.3694829114829762,0.7140395690226182,0.5228012325543069,0.5383771532186158
946,0.5050024270187571,0.5801927168545636,0.5923854563706198,0.5235686619229878,0.5795371910317952,0.6859197798763758,0.3710926143554768,0.7149226440464135,0.5229370410158364,0.5380549294688632
947,0.5789906392443734,0.5078365006601924,0.5423988395883154,0.578677012558738,0.6829630018286561,0.39851808382845233,0.6632676022792031,0.5731825261970893,0.557146117180731,0.5009440741423581
948,0.5813541902986353,0.5045636404923074,0.5373612135437369,0.5836673918881295,0.682409115921344,0.38923154863586634,0.6821683912267278,0.5585793190844899,0.5559062745127593,0.502313122331697
949,0.5843429403849201,0.5001122738141849,0.5283957082343279,0.592781479861861,0.6777526903331731,0.38582887047405673,0.7138930692664751,0.5278274471471134,0.5508484316258159,0.508040559513739
950,0.5847007196766026,0.5000754722727181,0.5279881768972188,0.5949049248137258,0.673767578510563,0.3822741809097979,0.7163106756356936,0.526153010389586,0.5506835366097895,0.5079512896708229
951,0.5845196764248212,0.5010118750377981,0.5249883992244128,0.6013312860285496,0.6631379976685974,0.3932697529718346,0.7275081039667813,0.5113257676806869,0.5452712859515594,0.5137270987144672
952,0.584337957966709,0.5019351079854584,0.5248859233881413,0.6044558857177191,0.6564316519814474,0.3965142718731304,0.7293618075631726,0.5084720247702036,0.5435863785400543,0.5151883675225989
953,0.5845880858882628,0.5020973552541642,0.5250121729310223,0.6067593462138419,0.6517746861143994,0.39490093426477335,0.7302590278163021,0.5076435562931543,0.5433754998086306,0.5150166918211566
954,0.5783326010922789,0.5129505009698071,0.5300244628126045,0.6118133934267608,0.6299716913385608,0.44535445354545933,0.7185747926377561,0.5128583841188631,0.5321291499874704,0.5263695602868892
955,0.5649610957926439,0.5320817219431178,0.5443320139436028,0.6081016357418412,0.6039948474979525,0.5216153022795215,0.676473432458697,0.5505537455233419,0.5188775239360895,0.5386500618196272
956,0.5649444672119909,0.532744020988646,0.5454527702925697,0.6096270345995768,0.6006415420292901,0.5241487450203742,0.6739764321643547,0.5523889071070099,0.5187402369030023,0.5382512022903367
957,0.5649158791099786,0.5334203760482482,0.546568255350095,0.611126342410627,0.5973595605858865,0.5266988750926819,0.671392206887339,0.5542526714092524,0.5186183393267467,0.5378495422484212
958,0.5648755325122439,0.5341110271195515,0.5476773530263487,0.6125966001259096,0.5941477121995423,0.5292560958891273,0.6687261374036552,0.5561426634425906,0.5185125935684816,0.5374451153471148
959,0.5648236357902614,0.5348162038885761,0.5487789494125617,0.6140348592318534,0.591004552561472,0.531811037534,0.6659838293262917,0.5580564139148031,0.5184237752489409,0.5370379550831554
960,0.5405548113738515,0.5606661290398969,0.5701191175370124,0.5920168895406801,0.5645424216179454,0.6183674404223455,0.5776445759436597,0.6299189648052252,0.5057596141243779,0.5478547582978279
961,0.5403650851080372,0.5615218022170163,0.5710575230466306,0.5921001332802677,0.5626107235190063,0.620333805299468,0.5742889279151261,0.6320031533000822,0.5058991450292566,0.5473730210536217
962,0.5401673408712311,0.5623934779465996,0.5719644595915316,0.5921391714918527,0.5607196908721338,0.6221625955980633,0.5709658017931886,0.6340375962120112,0.5060752677750857,0.5468882755493573
963,0.5399619510780755,0.5632811567995244,0.5728389554220749,0.5921343005222093,0.5588673957585477,0.6238509831308815,0.5676823938806742,0.6360194321565503,0.5062888654330917,0.5464006479682905
964,0.5397492939662829,0.5641848095352398,0.5736800714591714,0.5920859553415496,0.5570520840821785,0.6253967456406277,0.5644458087283899,0.6379458525540633,0.5065407817111953,0.5459102754336225
965,0.5395297529371922,0.5651043765189662,0.574486901290961,0.5919947102017467,0.5552721892102577,0.6267982611258905,0.5612630346989805,0.6398141077444279,0.5068318175602424,0.5454173067346317
966,0.5295949656011386,0.5737880950760966,0.5811354901454749,0.5799142207573834,0.5461584219950238,0.6444645945304426,0.5219923227447076,0.6643690112868048,0.5043999988101386,0.5472693361408466
967,0.5293587830095026,0.5747361202815328,0.5816686010177016,0.5794023030672907,0.544733728561295,0.6449306712667837,0.5192223648238826,0.6658053306555908,0.5048548347830178,0.5467730272449507
968,0.5291187677378854,0.5756991275699096,0.5821598538813464,0.5788665043641941,0.5433406248244252,0.6452503854753253,0.5165565787411307,0.6671608277310983,0.5053564407603028,0.5462752798885514
969,0.528875339438073,0.5766768349885619,0.5826086328657423,0.5783088840798906,0.5419793759835515,0.6454264676046336,0.5140002559428981,0.6684337342189152,0.5059052272319264,0.5457763556092223
970,0.5070897860515203,0.5911575000948249,0.5947290804560504,0.5463848607466408,0.5289891298525795,0.6462236130047956,0.4198455415127701,0.7062956271147542,0.5045411129521914,0.5468250990363631
971,0.5033147830506042,0.5937887872323052,0.5973777128068126,0.5382296313684617,0.5289265962194812,0.6347355198555507,0.3968948399912721,0.7105324874070649,0.5064306817926879,0.5455127692439022
972,0.528942735025626,0.5771230191272864,0.601775668296478,0.5345299477997428,0.5780354966773108,0.4992548115851357,0.432191000838803,0.684944392122671,0.5283665648291417,0.5270622890422934
973,0.5293845289544835,0.577255901502961,0.5997688315391607,0.5355501255112429,0.578951876696867,0.4958667405204783,0.4364254955177041,0.6849041941361285,0.5292352716405585,0.5271855070754853
974,0.5298294226717197,0.5773836098227441,0.5977171965233049,0.5365988473808718,0.5798064516172123,0.4924382576822463,0.44074595027538227,0.6847858916517927,0.5301442051882224,0.5273229308566221
975,0.5610470156415425,0.5503903384807699,0.5783240981560822,0.55738763477509,0.6095106253414528,0.41607684997194627,0.5658091241552577,0.6456355937453137,0.5423311570744049,0.5163173490677914
976,0.5614525480539665,0.5501878830832868,0.5763509954263761,0.558519563490655,0.6084320816608854,0.41197312616864207,0.5707522358713825,0.6445271427417274,0.5430817789296332,0.51668656090281
977,0.5618527478870711,0.5499764374371441,0.5743562049677188,0.5596666110195769,0.6072228668698176,0.40787791165519227,0.5756930423154596,0.6433237146053244,0.5438518167623582,0.5170712004219075
978,0.5622472424622937,0.5497556033385895,0.5723417753711604,0.5608285666394826,0.6058838803235066,0.40379733079827496,0.5806269922644631,0.6420256400258326,0.5446396760890809,0.5174715894626626
979,0.5709544376418761,0.539931850695144,0.5627753172991776,0.5690780993798076,0.6089069628267887,0.38402220041436863,0.6217823782236548,0.623274006847272,0.5476207982461484,0.5154024413849525
980,0.5712779105021722,0.5396291938707718,0.5609271043340598,0.5703004563438192,0.6066907402261063,0.38011147794262506,0.626384428694652,0.6214699459224572,0.548341267416695,0.5158692839608324
981,0.5715928617506607,0.5393171169871668,0.5590723973779474,0.571545273493059,0.6043549134954191,0.37626502368606907,0.630944285942886,0.619583312587375,0.5490706531224517,0.5163514554044714
982,0.5886532246466712,0.5148887476518089,0.5394472709110855,0.5920017511160133,0.6046907170481123,0.35529547584203003,0.7076991865523119,0.5653368753837126,0.5519161163817943,0.5132983941080714
983,0.5887516582478308,0.5145434366848457,0.5383912805548122,0.5935666442964397,0.6009553987978153,0.35287198803316355,0.7105033921662104,0.5629724983414361,0.5523703631147107,0.5138032069216619
984,0.5888387482479605,0.5141953436572738,0.5373489629305696,0.5951757259942898,0.5971612923969787,0.3506045396474288,0.713207244938738,0.560588934676702,0.5528219386379466,0.5143176019858016
985,0.5960790717444794,0.5006228653019889,0.5307017190160015,0.6120294540797584,0.5888560505310217,0.36730832403497876,0.7404434847333871,0.5228315343215807,0.5508760313374487,0.5155907200509371
986,0.595984913620433,0.5004799744305163,0.530515434005182,0.6139776762870609,0.5847174377382934,0.36710673434382873,0.7409817166192001,0.5211659039944843,0.5511132295669837,0.5159824540775192
987,0.5958803840218885,0.5003446416616257,0.5303475130126272,0.6159620648567802,0.5805816195251463,0.3670725822911282,0.7414002242741865,0.5195456181840264,0.5513460754545438,0.5163759729077662
988,0.5963082156529904,0.49910273715029385,0.5306008063308216,0.6204204844148554,0.5751713461360034,0.3743092526615648,0.7420037540437441,0.5143720070396305,0.5507458900200584,0.5172723722940784
989,0.5962530816646414,0.4988537082410349,0.5307996494429984,0.6230430013447691,0.5707394998672095,0.37684386544903287,0.7416702232767408,0.5124273849371349,0.5507227872444548,0.5177666228100162
990,0.5962207033108112,0.4985550167855964,0.5313409622807409,0.6261982189109738,0.5659749339156301,0.3817151708345163,0.7406876906388078,0.5102665682673013,0.550455551818847,0.5183976847979751
991,0.5960382733476561,0.4985743059208471,0.53149931805207,0.628273986262948,0.5619500428974541,0.3828252672711989,0.7400095280184917,0.5093295590663347,0.5506338398714418,0.518716813087064
992,0.5958475488458542,0.49860644357301465,0.5316742046248322,0.6303611942226176,0.5579481041705392,0.3840711663632641,0.7392247309246364,0.5084602016926225,0.5508102744084674,0.5190327717279885
993,0.5956488993988863,0.4986517853008165,0.5318655199753923,0.6324561304666888,0.5539699949928577,0.38544852997032425,0.7383363115038325,0.5076601439887602,0.5509851091350733,0.5193449827481109
994,0.5854035667568445,0.5181696848357447,0.5594850685983045,0.6288746959973697,0.5259714831970896,0.4840114018135408,0.674284864530064,0.5587331520915094,0.5388150320539754,0.5297522590057684
995,0.5850613786530598,0.5191031604402989,0.5603966503853914,0.6294229410882894,0.5228334537873282,0.4863278009335628,0.6708704641236736,0.5604713167475834,0.5392393752263851,0.5295418862512227
996,0.5849133187305461,0.5201033188984889,0.5613057156741347,0.6312577826899964,0.517553200405621,0.4886950791130047,0.6665226437378566,0.5613963486461129,0.540506470626117,0.5287702974677196
997,0.5845592018627411,0.5211029540988191,0.5621602651806581,0.6316678754997735,0.5145161755595042,0.4909303262709606,0.6631334274836485,0.5631105143380776,0.5410170692158779,0.5285300021892296
998,0.5842016493662325,0.5221307782175627,0.5629939551582374,0.6320105064685188,0.5115210474376074,0.49312791258551214,0.6597538433793002,0.5648193854808765,0.5415629460931156,0.5282752772536582
999,0.5801886782680136,0.5292667668515989,0.5687461829920536,0.6255702717732895,0.5030400446511138,0.506381508099903,0.6410179679126918,0.5825073394649876,0.5405016800427779,0.5296648862769947
1000,0.577785067385883,0.533642639085771,0.5718934830657035,0.6214921497331009,0.497431140898494,0.5132057487611068,0.6294363048153914,0.5924771739100584,0.5404408721838151,0.5301482982388358
