time_step,site_0,site_1,site_2,site_3,site_4,site_5,site_6,site_7,site_8,site_9
0,0.0,0.0,0.0,0.0,0.0,1.0,0.0,0.0,0.0,0.0
1,0.0,0.0,0.0,2.4049868958326533e-08,0.00021930450021981926,0.9999999759527681,0.0002192804529879832,0.0,0.0,0.0
2,0.0,2.8894447474052703e-16,2.637266290377844e-12,2.1640397928394774e-07,0.0008769054369506374,0.9999996154341066,0.0008767131645516352,2.4047231691148466e-08,2.636977345903104e-12,0.0
3,0.0,7.215376078379998e-15,4.218727412245867e-11,8.653310412564832e-07,0.0019717937936333217,0.9999980547357076,0.001971145467045748,2.163644289388848e-07,4.218034528340202e-11,2.8856437108128735e-16
4,0.0,6.48406157715131e-14,2.6358886776002266e-10,2.402612945507264e-06,0.003502242712305854,0.999993859079181,0.0035007079031197873,8.651096320405279e-07,2.63531182707178e-10,7.20303619706901e-15
5,0.0,3.5319644203804397e-13,1.053929888265367e-09,5.402779914506246e-06,0.005465812088701927,0.9999850296964868,0.005462819341670888,2.4018225468676136e-06,1.0536409389962893e-09,6.470411733146933e-14
6,0.0,1.4134543646418365e-12,3.2260474288896357e-09,1.058208209451323e-05,0.00785935508611193,0.9999690136971523,0.007854194006589968,5.400607513479713e-06,3.224986419958908e-09,3.5262970191768033e-13
7,0.0,4.5795614716063275e-12,8.253760202535215e-09,1.8797197817785044e-05,0.010679026542710763,0.9999427166771493,0.01067085039105124,1.0577053347441321e-05,8.250593327544456e-09,1.4118796198089085e-12
8,9.917332140505164e-16,1.271751763688378e-11,1.8558110452484972e-08,3.104367884270729e-05,0.01392029323973345,0.9999025180117638,0.0139081220228106,1.878689039910328e-05,1.854997224276175e-08,4.576098056725331e-12
9,7.031095966967005e-15,3.138819882806544e-11,3.7843851581067e-08,4.845413299728132e-05,0.01757794599072896,0.9998442887625627,0.017560670038862455,3.102438526565079e-05,3.782518010145576e-08,1.270934207404009e-11
10,2.7527446647521845e-14,7.057593415871593e-11,7.148528781833492e-08,7.229614478310525e-05,0.021646113505158424,0.9997634121166229,0.021622497520891855,4.8420473711049066e-05,7.14460953178436e-08,3.136962221155762e-11
11,8.332057947677535e-14,1.4713449790023236e-10,1.2696042529682147e-07,0.00010396993463504768,0.02611827797284714,0.9996548062646516,0.02608696553625764,7.224063246819578e-05,1.2688384977015861e-07,7.053509181642799e-11
12,2.178623810458716e-13,2.881266113351018e-10,2.143322768490801e-07,0.00014500575772652874,0.030987292309321547,0.9995129496135721,0.03094681082282497,0.00010388249076234554,2.1419123723551706e-07,1.4704861996311168e-10
13,5.143255474160393e-13,5.352448971267893e-10,3.467760167178727e-07,0.0001970610433872581,0.03624539899583273,0.9993319082184843,0.03619416504980997,0.00014487318255836454,3.4652878227462084e-07,2.879523210862838e-10
14,1.1215627875586938e-12,9.505256165376533e-10,5.4115056593307e-07,0.0002619172764480121,0.04188425044198637,0.9991053653089386,0.04182057558099004,0.00019686644074567772,5.407350302019435e-07,5.349056808402882e-10
15,2.2949520423383337e-12,1.623574133336011e-09,8.186130547722236e-07,0.00034147662207403254,0.04789493079332627,0.9988266527749344,0.04781702766114654,0.00026163943469836826,8.179394896398492e-07,9.498912691658607e-10
16,4.455805725979304e-12,2.6805414195828826e-09,1.2052744917101306e-06,0.0004377582959442287,0.054267979101028464,0.9984887844692713,0.054173967941503684,0.00034108935291178566,1.2042165412656838e-06,1.6224312833827519e-09
17,2.658117215463725e-11,1.802049287441969e-08,1.732894847501234e-06,0.0013273176024763645,0.06099304947274901,0.9964248365103617,0.09967057595575718,0.0004372297251634496,5.787651640923347e-06,2.67857138413745e-09
18,4.251284071467644e-11,2.3083790553442903e-08,2.8767783197342056e-06,0.0015329562838753315,0.06793875365444238,0.9956966763646932,0.10839821610458084,0.0005871448649694938,7.06502973434792e-06,5.9086376502326094e-09
19,6.927470654990254e-11,3.0239066827072243e-08,4.428424745341181e-06,0.001765314687188984,0.07520042802673342,0.994865668912492,0.11740911507716326,0.0007671826027068037,8.6812821142981e-06,1.094803874564242e-08
20,1.1164609775523735e-10,4.0171855637426995e-08,6.464544021203722e-06,0.002026720743720588,0.08276648171820157,0.9939237233348339,0.12669016483164175,0.0009802734889434884,1.0708460198370566e-05,1.833694176174242e-08
21,1.764070747094784e-10,5.3759988809757306e-08,9.071951410989739e-06,0.002319587595213684,0.09062495607765501,0.9928627241592973,0.1362279613645374,0.001229431466141723,1.3230567185596069e-05,2.8763035184261673e-08
22,2.729462398035112e-10,7.210797545106356e-08,1.234836426224777e-05,0.0026464084109811535,0.0987635542209385,0.9916745731203451,0.1460088368004337,0.0015177479138497444,1.6344607205701757e-05,4.3091100704509566e-08
23,4.140245931572223e-10,9.658558137243461e-08,1.640322030410227e-05,0.0030097509958686318,0.10716967107205798,0.9903512311715628,0.15601889174487776,0.0018483854659440166,2.0161652156118397e-05,6.239716326413553e-08
24,6.167251827871213e-10,1.288708922773245e-07,2.135851504153166e-05,0.0034122521954736574,0.11583042379118708,0.9888847604606683,0.1662440277866036,0.002224571606796598,2.4807923246408227e-05,8.800759692097746e-08
25,9.036175519192362e-10,1.7099814833316303e-07,2.7349655685395914e-05,0.003856612105602754,0.12473268248185931,0.9872673660786923,0.1766699800358341,0.002649592053958982,3.042588419595995e-05,1.21543563493133e-07
26,1.3041752690427282e-09,2.2541064249697705e-07,3.4526328987474566e-05,0.004345588093533917,0.13386310106987542,0.9854914373961006,0.1872823495865698,0.0031267839356981194,3.7175342970406065e-05,1.6497116832391588e-07
27,1.8564853484660908e-09,2.950189695299909e-07,4.3053380276429625e-05,0.004881988639245442,0.1432081482471392,0.9835495888008637,0.1980666357924176,0.003659528772476355,4.523455887193355e-05,2.2065770846592505e-07
28,2.6092917416068766e-09,3.832649163916266e-07,5.311170093341177e-05,0.0054686670053926975,0.1527541383748165,0.9814346996565414,0.2090082682476469,0.004251245272246171,5.4801351747770125e-05,2.914343897025686e-07
29,3.6244240496627136e-09,4.94191280488022e-07,6.48991214846942e-05,0.006108514745442096,0.16248726224183266,0.9791399533023722,0.22009263836775744,0.004905381950225913,6.609421003076935e-05,3.806658870229177e-07
30,4.9796638385443345e-09,6.325179026389812e-07,7.863130743754566e-05,0.006804455060006994,0.17239361757681068,0.9766588749220761,0.23130513046690465,0.005625409584614653,7.935339427788886e-05,4.923271169633739e-07
31,6.772105064265806e-09,8.037241911071898e-07,9.454265493677544e-05,0.0075594360120736495,0.182459239214063,0.9739853681135628,0.24263115223300863,0.006414813520509099,9.484203283359588e-05,6.310875797432138e-07
32,9.122073588593339e-09,1.0141384121311749e-06,0.00011288718327758272,0.00837642361245133,0.19267012881719275,0.9711137499979907,0.25405616450529167,0.007277085835086817,0.0001128472062106909,8.024036254543347e-07
33,1.217767256211892e-08,1.271034011546253e-06,0.00013393942127147373,0.009258394787422266,0.203012284067197,0.9680387847136188,0.2655657102632786,0.008215717377913347,0.00013368101675046245,1.0126189847033138e-06
34,1.8593946258913223e-08,1.6088355393591996e-06,0.00018401689419889135,0.010233650212760827,0.22411202858328214,0.9633695397854654,0.2770705421362843,0.01031054003087206,0.00015910033859093588,1.554283896637044e-06
35,2.4270770347851777e-08,2.0169892973392913e-06,0.00021349126521371327,0.011282219103091375,0.23484076208841895,0.959782251417138,0.2886325111779415,0.011470955674395945,0.0001882929264088076,1.8982503425316213e-06
36,3.147186793746903e-08,2.50700544152986e-06,0.0002467695693669894,0.012407124702756853,0.2456487300386316,0.9559773663725453,0.300233220369641,0.01271879073533147,0.00022167055208677455,2.311287075640911e-06
37,4.054653964078978e-08,3.0918518527604325e-06,0.00028422754829465297,0.013611369201085879,0.2565222027120116,0.9519520015453595,0.3118589388104621,0.014057360437757052,0.00025967427580836854,2.8051788065558423e-06
38,5.1911737673824835e-08,3.786100746316491e-06,0.000326266336773489,0.014897924423877277,0.26744760023545494,0.9477038700115725,0.32349615263455106,0.015489934633641117,0.0003027753447741776,3.3933233155479496e-06
39,7.46157107433744e-08,4.661999335733991e-06,0.0004234751138563688,0.016299154543429308,0.28949868083814057,0.9412344885806466,0.33503252437941017,0.018618128002409893,0.0003537908652959483,4.853040578387439e-06
40,9.395372844854017e-08,5.693280170662915e-06,0.00047928266903736873,0.017790970059898617,0.30059059179998365,0.9364360792750323,0.34656373076618996,0.02031734852717955,0.0004112915823890634,5.749768643725305e-06
41,1.1773317024329306e-07,6.901433138500742e-06,0.0005412287824853768,0.01937623463894159,0.31168516377887967,0.9314118568442462,0.3580645982147001,0.022120376859318683,0.00047586545605586843,6.801287812931676e-06
42,1.468241268392329e-07,8.310237866706946e-06,0.0006098352955905505,0.02105775457179818,0.322769749234928,0.9261624080609266,0.3695228402215891,0.02403010968067741,0.0005481338667513831,8.030299058202863e-06
43,1.8224137528208337e-07,9.94598896950213e-06,0.0006856536993629057,0.022838262941265328,0.3338319724481773,0.9206889935247403,0.38092648637617915,0.026049354624535438,0.0006287522402892024,9.46215664233126e-06
44,2.2516393262187474e-07,1.1837692815298854e-05,0.0007692657545741515,0.02472041208828986,0.34485974646452194,0.9149935531540021,0.3922638971167686,0.028180822409626285,0.0007184106188713389,1.1125090462351324e-05
45,3.755793454375292e-07,1.438954247956466e-05,0.0011676051887532938,0.026805559180202703,0.3891004389443951,0.9004326793522299,0.4030928544946339,0.0376376734793583,0.0008292710987757552,1.9733427793682103e-05
46,4.5447705113305826e-07,1.7332022015215825e-05,0.0012845327439957748,0.02900471175896386,0.40010846167961106,0.8940042841155301,0.41393947873661746,0.04023533295951818,0.0009522094629074311,2.245816249615447e-05
47,6.014784224119234e-07,2.4387486381130266e-05,0.0014119897818387795,0.03371990488363672,0.4109832331734054,0.883858915932483,0.43547999076587524,0.042951823114223686,0.0012330111188385048,2.5573058977604275e-05
48,7.948868868795873e-07,2.877463201225203e-05,0.0017071308801565345,0.036272605561946614,0.4324284960240499,0.8735085280108206,0.44591500884157226,0.0487926182613372,0.0013972752451459722,3.3411214234468004e-05
49,9.515734340054979e-07,3.3752614990688716e-05,0.0018709441080365916,0.03894804419722342,0.4430037074012159,0.8662959839690254,0.45628251901076,0.05187836257055153,0.0015772962863730877,3.8005909081046206e-05
50,1.1358123800561318e-06,3.938304855688357e-05,0.0020484624580299187,0.041747968776536894,0.45344723457340486,0.8589046502169271,0.46650785114859006,0.05508962907830667,0.0017740831296671285,4.3209358735674215e-05
51,1.3517210189512639e-06,4.573197605371848e-05,0.002240565570554167,0.044674083257878625,0.4637504269727711,0.8513426456714859,0.4765828408193718,0.05842768271078184,0.00198868003719344,4.9089527180253414e-05
52,1.603940800685355e-06,5.287072408846242e-05,0.002448167786236896,0.04772793445507141,0.47390503043274446,0.8436186652361853,0.48649971473731335,0.06189362654487491,0.002222166339446424,5.572032418580863e-05
53,1.8976907806852887e-06,6.087620421799129e-05,0.0026722181253856004,0.0509109063299196,0.48390318820688244,0.8357419557070108,0.4962510907790897,0.06548839682770957,0.002475656091418896,6.318195073795221e-05
54,2.2388252629722435e-06,6.983122344018853e-05,0.002913700187316987,0.05422421459724624,0.4937374407913322,0.8277222895529666,0.5058299768838697,0.06921275832564552,0.002750297642115789,7.156125316147437e-05
55,2.6338958495890127e-06,7.982480321927024e-05,0.0031736319673137422,0.057668901660170364,0.5034007246013203,0.8195699366880077,0.515229768893517,0.07306730001825804,0.0030472731156094583,8.095208555229304e-05
56,3.0902181115882354e-06,9.095250673760495e-05,0.0034530655891053925,0.061245831892221436,0.5128863695561925,0.8112956343591883,0.5244442473892932,0.07705243115191411,0.0033677978019839936,9.145568008851171e-05
57,3.615943099236214e-06,0.00010331677403106236,0.0037530869509065055,0.064955687282058,0.5221880956312133,0.8029105552830825,0.5334675735845911,0.08116837766665412,0.003713119456674601,0.00010318102475569664
58,4.220133910940849e-06,0.00011702726462909788,0.004074815283189233,0.0687989634556488,0.5313000084377174,0.7944262741692304,0.5422942843361157,0.08541517900910893,0.00408451750687433,0.00011624524798473675
59,5.295903556161136e-06,0.00014828295056419725,0.004419401552621431,0.07685097248732749,0.5400550237556369,0.7814463007950886,0.5596807640579532,0.08979170394299826,0.004900180423316915,0.00013078024691569497
60,6.14226412850338e-06,0.00016601330173197983,0.004798616837107955,0.08105745133110709,0.5486399586633431,0.7727650419787373,0.5680249800702222,0.09434113576192246,0.005346235453017257,0.00014766362820727366
61,7.107293146363048e-06,0.00018552447899582413,0.005203911877579122,0.08539591596962791,0.5570186625947343,0.7640278222657173,0.5761550079828115,0.09902175544076065,0.005822842134575282,0.0001663799492902995
62,8.205268799612992e-06,0.00020696286169765964,0.005636557040364114,0.08986592866913017,0.5651868576043654,0.7552475798011308,0.5840670347281304,0.10383278641255224,0.006331401857006036,0.0001870886869723661
63,9.451903836400715e-06,0.00023048408832657184,0.006097851507952461,0.09446685312316355,0.5731406119901276,0.7464374482604512,0.5917575832292687,0.10877325296331097,0.006873342099720474,0.00020995962329444287
64,1.0864460593177127e-05,0.00025625343864546713,0.006589122199773919,0.09919785333053287,0.5808763314643787,0.7376107165966489,0.5992235030880257,0.11384197968033423,0.007450115044015042,0.00023517325773694215
65,1.2461872726355039e-05,0.00028444621917261457,0.007111722596977638,0.10405789292124613,0.5883907498817256,0.7287807883544617,0.6064619609110364,0.11903759135020078,0.008063196087119574,0.0002629212215794079
66,1.426487385609776e-05,0.0003152481513219077,0.007667031470985139,0.10904573493458641,0.5956809195960548,0.7199611407175162,0.6134704303456324,0.12435851330898942,0.008714082259139957,0.00029340669361839706
67,1.629613332853382e-05,0.0003488557614714608,0.008256451515808812,0.11415994205200261,0.6027442015189011,0.7111652834536022,0.6202466818961768,0.12980297224580684,0.00940429054346982,0.00032684481641417494
68,1.8580399296295882e-05,0.0003854767721950914,0.008881407884348987,0.11939887728605941,0.6095782549502643,0.7024067179221687,0.6267887725902458,0.1353689974592613,0.010135356101487608,0.0003634631122022439
69,2.114464931416148e-05,0.00042533049386092245,0.009543346629115466,0.12476070512521606,0.6161810272517457,0.6936988963062578,0.6330950355624237,0.14105442256505585,0.010908830402607728,0.00040350189757597113
70,2.4018248635861617e-05,0.0004686482157650003,0.010243733048051356,0.13024339313271882,0.6225507434301465,0.6850551812283925,0.6391640696213887,0.14685688765138888,0.011726279261005786,0.00044721469601097957
71,2.7233116393172374e-05,0.0005156735959389283,0.010984049936381043,0.1358447139963972,0.6286858956976801,0.676488805906662,0.6449947288636605,0.15277384187739365,0.012589280780600419,0.0004948686472739477
72,3.082389982863623e-05,0.0005666630487385761,0.011765795745650268,0.141562248024673,0.6345852330725844,0.6680128350032009,0.6505861123946793,0.15880254650837727,0.013499423210137517,0.0005467449127275184
73,3.482815674385839e-05,0.0006218861292912509,0.012590482651377927,0.14739338608260352,0.6402477510812355,0.6596401263126098,0.6559375542149051,0.1649400783801762,0.014458302710491094,0.0006031390755145367
74,3.928654631480453e-05,0.0006816259138498736,0.013459634530995494,0.1533353329603242,0.6456726816198748,0.6513832934326031,0.6610486133253972,0.17118333378351905,0.015467521036565837,0.0006643615345772679
75,4.424302841404809e-05,0.0007461793750750555,0.014374784854009904,0.1593851111648022,0.6508594830308575,0.6432546695532994,0.665919064103834,0.1775290327578981,0.016528683136460998,0.000730737891441089
76,4.974507156746404e-05,0.0008158577512394461,0.015337474486589,0.16553956512441248,0.6558078304447483,0.6352662724951446,0.6705488869981646,0.18397372378308469,0.017643394670830048,0.00080260932866722
77,6.271593425842052e-05,0.0010506922919326115,0.016349175083309117,0.1845497858839219,0.659202111470055,0.6195180842470666,0.6848770933492254,0.19048893351399684,0.02125701988467826,0.0008805133162139917
78,7.013776933358032e-05,0.0011382949674353124,0.01745156603878787,0.19104537828000245,0.6633804123564345,0.6120177329501856,0.688840679227877,0.19716103301849303,0.022553466915673535,0.0009698263638137552
79,7.833417692090494e-05,0.001232343951677543,0.018608506377980224,0.1976274126639361,0.6673212205502371,0.6047020850198266,0.692565248709842,0.20392072219143165,0.02390893965350184,0.0010662524325344967
80,8.737340515183093e-05,0.0013332247604672348,0.019821564149379873,0.2042918570689369,0.6710251618012292,0.5975811102381794,0.6960516869357183,0.2107638354070894,0.025324982704501342,0.0011702184280191893
81,0.00010279548157414115,0.0015533323054095012,0.021092218002442896,0.21784986249450475,0.6736183010767196,0.587131173575122,0.7033519374546512,0.2176647358306745,0.02831881403761664,0.0012823276555964922
82,0.0001142231862028071,0.001673296532675312,0.022443868939366212,0.22472158669941134,0.6767034612115017,0.5805377967680125,0.7062758919455387,0.2246721154524326,0.02989830351211977,0.0014060963741192867
83,0.00012677290882967776,0.001801526822996296,0.023857512005274053,0.23165860668020344,0.6795553674817327,0.5741700700311791,0.7089660369941024,0.23174929868096436,0.031543130137268706,0.0015390951263651734
84,0.00014053711140294239,0.001938483317398685,0.02533466807248177,0.23865629722799886,0.6821753837757005,0.5680355735304355,0.7114238910930424,0.23889156377122622,0.033254738058860596,0.0016818324948107632
85,0.00015561449590890941,0.0020846439678838865,0.026876835717037542,0.24570992956914267,0.6845650228810762,0.5621413058996659,0.7136510998969964,0.24609407728306243,0.03503454466761527,0.0018348354903899933
86,0.0001721103155459526,0.0022405047684736514,0.02848548819063128,0.2528146791963545,0.6867259423998631,0.5564936704224841,0.7156494324299679,0.253351902087428,0.03688393759028155,0.001998649739705482
87,0.0001901366946450621,0.00240657996522596,0.030162070360283573,0.25996563385994,0.6886599411735834,0.5510984633883733,0.7174207778736921,0.260660005556823,0.03880427165625115,0.0021738396495924895
88,0.00020981295719508207,0.0025834022439811173,0.031907995621760915,0.2671578016955986,0.690368956209892,0.5459608646340425,0.7189671429255297,0.26801326791613767,0.04079686584577179,0.002360988547816631
89,0.0002312659638029201,0.0027715228945991324,0.03372464279287968,0.27438611946511293,0.691855060097737,0.5410854302712342,0.7202906497102268,0.27540649072980383,0.04286300022604999,0.002560698798689588
90,0.00025463045689014984,0.002971511950453075,0.03561335299306531,0.28164546088607556,0.6931204588942179,0.5364760875927954,0.7213935342257213,0.2828344055008791,0.04500391288171954,0.002773591892392459
91,0.00028004941389747764,0.003183958301949729,0.03757542651572074,0.2889306450267752,0.694167490462644,0.5321361321397231,0.7222781452993562,0.2902916823576004,0.04722079684632013,0.003000308506804704
92,0.0003076744082375337,0.0034094697828578415,0.039612119700138775,0.2962364447424365,0.69499862323767,0.5280682269028645,0.7229469440270799,0.2977729388028861,0.04951479704159075,0.0032415085406473443
93,0.0003376659777044023,0.003648673228236106,0.04172464180985094,0.30355759512917047,0.6956164553901364,0.5242744036243547,0.7234025036648217,0.3052727485023651,0.051887007231519906,0.003497871116762854
94,0.00037019400001518014,0.003902214502767619,0.04391415192445135,0.31088880197227864,0.6960237143610998,0.5207560661554341,0.7236475099379597,0.3127856500866845,0.054338466998218905,0.003770094554370556
95,0.0004054380751247606,0.004170758498324874,0.04618175585206366,0.31822475016592,0.6962232567317732,0.5175139958193571,0.7236847617319164,0.32030615594413425,0.05687015874679108,0.004058896309155756
96,0.0004435879139199145,0.0044549890996097305,0.04852850306972654,0.32556011208161784,0.6962180683934774,0.5145483587203988,0.7235171721242122,0.3278287609800015,0.059483004746454606,0.004365012880073218
97,0.0005061264570378158,0.0047639235164761784,0.05343517508493571,0.33280799034190234,0.6973764152357982,0.5106762592421323,0.721310527879868,0.3429675485461578,0.06220995938399187,0.005023720262385231
98,0.0005524650574644979,0.0050895743891783,0.05599509568232782,0.34010645133314976,0.6969066668354851,0.5083963834223213,0.720610739734298,0.3504876722209076,0.06502154938386487,0.005378236925823525
99,0.0006024608926779724,0.005433555757971939,0.05863662471856281,0.3473874587275003,0.6962433058767119,0.5063887720367848,0.7197174486178696,0.3579887540765077,0.06791776906639856,0.0057526813154608804
100,0.000656354365408758,0.005796638423414045,0.061360505550037886,0.3546457302590836,0.6953898550743631,0.5046509643062613,0.7186341565551693,0.36546531435663326,0.0708992495388726,0.006147871247219917
101,0.0007143982169358004,0.006179611206285776,0.06416741017679382,0.36187601295379607,0.6943499690077871,0.5031799559663214,0.7173644917477162,0.37291190491802306,0.0739665454304556,0.00656464259604387
102,0.0007768579451620726,0.006583280672921194,0.06705793658196299,0.3690730907159982,0.6931274353314696,0.5019722173273201,0.7159122106250505,0.38032311719070006,0.07712013231377503,0.007003848967360306
103,0.000844012224904731,0.00700847082118739,0.07003260615345909,0.3762317917250852,0.6917261759757198,0.501023712640937,0.7142811998748463,0.38769358994305536,0.08036040421971416,0.007466361327591204
104,0.0009161533296707973,0.007456022726273723,0.07309186119516062,0.3833469956264956,0.6901502482914794,0.500329920668598,0.7124754784027282,0.39501801683532195,0.08368767125268084,0.007953067592890176
105,0.0009935875541463048,0.007926794145497684,0.07623606253474438,0.39041364050287586,0.6884038460937781,0.4998858563442773,0.7104991991730008,0.402291153746139,0.08710215731346091,0.008464872175340973
106,0.0011220427594889552,0.008928455333760854,0.07946335187553201,0.4045576547095644,0.6843958978471704,0.49967534632924926,0.7083668614907682,0.4093311036178045,0.09416179278197577,0.009004870128245527
107,0.0012141142382730919,0.009462719987739305,0.08280820789623874,0.4114913149847155,0.6822121059474252,0.49983314051224303,0.7060149592106737,0.41643986818981105,0.09780374493582705,0.00958085594065709
108,0.0013126643869633004,0.010023182652496613,0.0862394714619493,0.4183577616971536,0.6798742694523743,0.5002199175398053,0.7035075465393322,0.42348116495377547,0.10153207424709806,0.010185389598630079
109,0.0014757871173444797,0.011210904033687357,0.08975393622032253,0.4320860122444905,0.675131114365455,0.5012331719799248,0.700463907892827,0.4302241366608678,0.10921596040109614,0.010822373375827268
110,0.0015920493404734473,0.011842342936782758,0.09338653731924529,0.4387722660593115,0.6724013308611011,0.5021646275138406,0.6976184344500379,0.43706117472205347,0.11316678403195203,0.011499158645194851
111,0.0017161693604700776,0.012503103232836934,0.0971060084916135,0.44537386966800385,0.6695360003857308,0.5032999284711267,0.6946338786988011,0.4438155794309624,0.11720188983985637,0.012208143492125265
112,0.0018485798568761162,0.01319414957785774,0.10091201549916334,0.4518864691573848,0.6665405474546424,0.5046312500913445,0.6915153689089383,0.4504828202588304,0.12132072158675793,0.012950348568286647
113,0.001989731224724503,0.013916458267942262,0.10480412407631512,0.45830582290576444,0.6634205319098759,0.5061505297140197,0.6882681698350833,0.4570584796383241,0.12552262486463836,0.013726804451810836
114,0.0021400919519270283,0.014671016419698767,0.10878179879878276,0.46462780568159495,0.6601816463918077,0.5078494932583053,0.6848976813362486,0.46353825762928663,0.12980684629227282,0.014538550725516896
115,0.0023001489859475373,0.015458821104454309,0.11284440211920858,0.47084841244540265,0.6568297132980897,0.5097196815874233,0.6814094364658251,0.4699179762813373,0.13417253287706277,0.015386635009410505
116,0.0024704080884558974,0.016280878436264908,0.1169911935741575,0.4769637618571095,0.6533706812103216,0.5117524766591397,0.6778090990090712,0.4761935836930352,0.13861873154547602,0.01627211194763012
117,0.002651394176615344,0.017138202613836227,0.12122132916640709,0.48297009949210207,0.6498106207723517,0.5139391273674386,0.6741024604487075,0.4823611577685829,0.14314438884523717,0.017196042150105246
118,0.003282808671300432,0.021780006314194952,0.12549716042108053,0.5131174799079815,0.6359270105532244,0.5216431602727594,0.6649463806535001,0.48673003042943996,0.1666303618013149,0.01818553987241559
119,0.0035096511341943804,0.022791214460160875,0.12998036567020885,0.5186745038376418,0.6319487506973273,0.5243666046810154,0.6609622690321361,0.4923651999627659,0.1714718889772617,0.019250740706088083
120,0.003750122090844853,0.023841905608036347,0.13454557494384786,0.5241018293531846,0.6279062661229956,0.527198649914381,0.6568988402099765,0.497879748969967,0.1763817927262944,0.020360788031820783
121,0.00400486241848364,0.02493309813269904,0.13919138307564033,0.5293965488549042,0.6238064696013484,0.5301302624015947,0.6527623117159553,0.5032705815393083,0.18135839102624,0.02151676913373187
122,0.004274534082996924,0.02606581172993163,0.14391627642876717,0.5345558978888297,0.6196563482095998,0.5331524413052979,0.6485589922427382,0.5085347466994299,0.1863999100907738,0.02271976742855269
123,0.0045598203220925055,0.02724106614928778,0.14871863366035656,0.539577255953651,0.6154629539882595,0.5362562390102097,0.6442952744656214,0.5136694402152334,0.19150448556292135,0.023970861032154605
124,0.0048614258013114,0.0284598798846727,0.15359672668826976,0.5444581470966059,0.6112333940666138,0.5394327806733179,0.639977627293456,0.5186720061363296,0.19667016387593692,0.02527112128962244
125,0.0051800767411955325,0.02972326882368367,0.15854872185972696,0.5491962403120247,0.6069748202798374,0.5426732827952552,0.6356125875675976,0.5235399381066911,0.20189490377988412,0.026621611270293073
126,0.005516521013901283,0.031032244856871345,0.16357268132068417,0.5537893497566072,0.6026944183045224,0.5459690707781462,0.631206751228368,0.528270880444694,0.20717657803179276,0.028023384229288562
127,0.005871528207529931,0.03238781444819764,0.16866656458431542,0.5582354347957766,0.5983993963427053,0.549311595441407,0.6267667639719541,0.5328626290032035,0.21251297524682564,0.02947748203718641
128,0.006245889656430644,0.03379097716808445,0.1738282302964044,0.5625325998956081,0.5940969733875927,0.5526924484730668,0.6222993114239184,0.5373131318197519,0.21790180190745687,0.030984933579579807
129,0.006640418435720288,0.0352427241905628,0.1790554381948952,0.5666790943748918,0.5897943671071314,0.5561033768002728,0.6178111088586251,0.5416204895671544,0.223340684527226,0.0325467531283933
130,0.007055949318256659,0.036744036756152954,0.18434585126031697,0.5706733120318368,0.5854987813843036,0.5595362958685539,0.6133088904967943,0.5457829558151431,0.22882717196522856,0.034163938686929976
131,0.007493338692298639,0.03829588460222156,0.18969703805324906,0.5745137906597862,0.5812173935555699,0.5629833018253108,0.6087993984162234,0.5497989371137624,0.23435873788707676,0.03583747031073604
132,0.007953464438088295,0.03989922436268207,0.1951064752344889,0.5781992114660565,0.5769573413911643,0.5664366826086119,0.6042893711131904,0.553666992909303,0.2399327833676945,0.037568308406478644
133,0.008437225761595845,0.04155499793902256,0.2005715502630496,0.5817283984076745,0.5727257098630161,0.5698889279479277,0.599785531754477,0.5573858353035944,0.24554663963090848,0.03935739201113976
134,0.008945542983680261,0.043264130844759996,0.20608956426664057,0.5851003174573443,0.568529517747869,0.5733327382886569,0.5952945761619969,0.5609543286673372,0.251197570920452,0.04120563705393441
135,0.009479357282934696,0.0450275305255412,0.211657735078793,0.5883140758124462,0.5643757041147102,0.5767610326573835,0.5908231605739497,0.5643714891180379,0.25688277749664723,0.043113934603467984
136,0.010341801783416526,0.04866945501347615,0.21722944145284945,0.5950851522911461,0.5580624582668586,0.5820186434835378,0.5842443599167717,0.5666709812532306,0.26837336995078626,0.045106208429679245
137,0.011937511813985717,0.05637227545795778,0.2227345336102014,0.6082623419898687,0.547662371108538,0.590855358711741,0.5733964314409008,0.5665195098264255,0.29158561055830184,0.047236494019584394
138,0.012605242658376595,0.05841619577621943,0.22842944369087403,0.6107229854250807,0.543818862226748,0.5941089548768685,0.5691485080953403,0.5690844868292312,0.29737554541151895,0.04941390781803021
139,0.013304486603329186,0.06051772500936522,0.23416158094093428,0.6130209242662564,0.540062214492709,0.5973088397150266,0.5649545356396073,0.5714992188085515,0.30317739555550655,0.05165793190228527
140,0.014036309267509098,0.06267756809283846,0.2399277174836285,0.6151561710259167,0.5363985427993442,0.6004496162969918,0.560820394733999,0.5737638191728586,0.3089880248345865,0.05396925705987057
141,0.014801793335758302,0.06489639982805068,0.24572456498390968,0.61712886899387,0.5328337678380145,0.6035261342834728,0.5567518324218795,0.575878545710915,0.3148042660946635,0.05634853315648232
142,0.015602037822791678,0.06717486316013899,0.2515487788480476,0.6189392913544278,0.5293736034579375,0.6065334896540778,0.5527544504847142,0.5778437992879937,0.32062292492652955,0.0587963673364973
143,0.016438157275749106,0.06951356745687517,0.25739696252526034,0.620587840354244,0.5260235444503149,0.6094670237623849,0.5488336940422436,0.5796601224721871,0.32644078345209127,0.06131332224174922
144,0.01731128091449318,0.07191308679193004,0.2632656719018127,0.622075046523995,0.5227888548066593,0.6123223217690251,0.5449948404433786,0.5813281980951567,0.332254604145892,0.06389991425213261
145,0.018222551708643252,0.07437395823578488,0.2691514197778344,0.6234015679558058,0.5196745564988945,0.6150952105056626,0.5412429884921638,0.5828488477509628,0.3380611336842883,0.06655661175164278
146,0.01917312539044671,0.07689668015765651,0.2750506804169633,0.6245681896370604,0.516685418826714,0.6177817558234348,0.5375830480518213,0.5842230302359891,0.34385710681466847,0.06928383342350429
147,0.020164169402705504,0.07948171054188047,0.2809598941587956,0.6255758228399333,0.5138259483753215,0.6203782594796946,0.5340197300682372,0.5854518399322849,0.34963925023716436,0.07208194657808122
148,0.021196861781103176,0.08212946532226123,0.28687547208404474,0.6264255045646853,0.5111003796240998,0.622881255616834,0.5305575370524415,0.5865365051359815,0.3554042864913778,0.07495126551729231
149,0.022272389970412348,0.08484031673796893,0.2927938007222743,0.6271183970335509,0.5085126662439888,0.6252875068865683,0.5272007540596173,0.5874783863317787,0.3611489378407537,0.07789204993928088
150,0.02339194957420589,0.08761459171461058,0.2987112467920616,0.6276557872307289,0.5060664731183535,0.6275940002723173,0.5239534401999594,0.5882789744138059,0.3668699301473728,0.08090450338710609
151,0.02455674303784774,0.09045257027416072,0.3046241619634853,0.628039086482879,0.5037651691190399,0.629797942661286,0.520819420714361,0.588939888852599,0.372563996730092,0.08398877174523035
152,0.025767978264699776,0.09335448397748015,0.310528887632895,0.6282698300732789,0.5016118206659508,0.6318967562164539,0.5178022796453357,0.5894628758072064,0.3782278821991309,0.08714494178758535
153,0.02702686716565027,0.0963205144031861,0.31642175970003983,0.6283496768817607,0.4996091860951196,0.6338880735970842,0.5149053531309737,0.5898498061809562,0.383858346260439,0.0903730397809872
154,0.02833462414224665,0.09935079166667021,0.3222991133377621,0.6282804090414509,0.49775971085666043,0.6357697330744136,0.5121317233468866,0.5901026736187688,0.389452167483375,0.09367303014766205
155,0.031155400878464076,0.1085809967795337,0.32781687239376794,0.6300961424602182,0.49460125477389927,0.6396591716908888,0.5066050890658824,0.5868801718181965,0.4063641376130579,0.09718132025533226
156,0.0326094399619147,0.11179915149016088,0.3335852485853541,0.6296268147522791,0.4932346223838206,0.6411968168657214,0.5042238980768003,0.586701225205651,0.41181292282366694,0.10066660676356823
157,0.03411716751563602,0.11508035912028028,0.33932613918387416,0.6290154774201813,0.49202972495121544,0.6426178870324071,0.5019741858409862,0.5863995055736182,0.4172106663210445,0.10422437585163744
158,0.03567977953948858,0.11842445841671731,0.3450359555308641,0.6282644490734727,0.4909874185339022,0.6439211824537323,0.499857655086937,0.5859776481336434,0.4225543142607872,0.10785428102023673
159,0.03729846421501257,0.12183123020084267,0.3507111333643513,0.6273761681619,0.49010823170710055,0.6451056793642072,0.49787573601864477,0.585438396986819,0.42784085466618216,0.11155590605101962
160,0.038974399957597716,0.1253003963075474,0.35634813732783444,0.6263531925788222,0.48939236681361004,0.6461705254566656,0.4960295853414746,0.584784602486896,0.4330673207047189,0.11532876416004008
161,0.04070875341186061,0.12883161859291248,0.36194346540831795,0.6251981991928707,0.4888397020950787,0.6471150355455265,0.4943200860151697,0.5840192185064179,0.4382307938846077,0.11917229724087414
162,0.04250267739242665,0.13242449801419262,0.3674936532960574,0.6239139832927146,0.48844979469219446,0.6479386874274007,0.4927478477308132,0.5831452996011797,0.44332840716799155,0.12308587520073455
163,0.04435730877255786,0.1360785737856853,0.3729952786590694,0.6225034579296265,0.48822188449799087,0.6486411179563388,0.49131320810555806,0.5821659980683439,0.4483573479979088,0.12706879539279115
164,0.04627376632331309,0.13979332261399888,0.37844496532589644,0.6209696531424128,0.4881548988449241,0.6492221193475417,0.4900162345859575,0.5810845608935653,0.4533148612364262,0.13112028214779486
165,0.04825314850617677,0.14356815801615155,0.38383938737055445,0.6193157150493193,0.48824745800299235,0.6496816357199559,0.4888567270478685,0.5799043265826445,0.45819825201173525,0.13523948640798217
166,0.05029653122234449,0.14740242972387196,0.38917527309405897,0.6175449047916255,0.48849788146288553,0.6500197598847268,0.48783422107810276,0.5786287218733609,0.4630048884723626,0.13942548546610703
167,0.05240496552210481,0.15129542317736194,0.394449408897393,0.6156605973139501,0.48890419497507154,0.6502367303831947,0.48694799192033006,0.5772612583234565,0.4677322044470149,0.14367728281230266
168,0.054579475278013365,0.1552463591117017,0.3996586430412592,0.6136662799665634,0.48946413831278274,0.6503329287747525,0.486197059065189,0.5758055287709709,0.4723777020089246,0.1479938080913345
169,0.056821054825805364,0.15925439323895682,0.404799889288444,0.6115655509155625,0.49017517372412733,0.6503088771717692,0.4855801914621278,0.5742652036635547,0.47693895394390406,0.1523739171726396
170,0.05913066657724784,0.16331861602893422,0.40987013042511977,0.6093621173472934,0.4910344950360128,0.6501652360156603,0.4850959133282401,0.5726440272537923,0.4814136061216564,0.15681639233539044
171,0.06150923860937939,0.16743805259140332,0.4148664216578841,0.607059793454114,0.49203903737023574,0.6499028020852647,0.4847425105272282,0.5709458136580394,0.48579937977020465,0.16131994257064014
172,0.06395766223483638,0.17161166266246208,0.419785893883846,0.6046624981893792,0.49318548742998564,0.6495225067258755,0.48451803748967953,0.5691744427768224,0.4900940736536058,0.16588320400242795
173,0.06898835026669571,0.176190727872484,0.43502937419053933,0.5986301776383242,0.496062809029259,0.6478259196944562,0.4844549257533429,0.567410948242673,0.49334017532277696,0.17960439765569675
174,0.07165685329056078,0.1805245285239628,0.43973610310375427,0.5959435931733449,0.49760180183851344,0.6471042796075701,0.48459584315547555,0.5654679196465869,0.49735481552158145,0.184360516495754
175,0.07439840737333328,0.1849092259237686,0.44435315736301206,0.5931806381135758,0.4992656824868058,0.6462699870065156,0.48485698594486415,0.5634653738035886,0.5012717657194273,0.18916840173552765
176,0.07721368771542535,0.18934346696649373,0.44887808489291464,0.5903457949289805,0.501050067583797,0.6453246241363807,0.4852353966286421,0.5614073941971308,0.5050892362127775,0.19402632282848792
177,0.08010331786459597,0.19382583366614967,0.4533085277160865,0.5874436308069698,0.5029503993161896,0.6442699010531011,0.48572793467121755,0.5592981048279125,0.5088055256073337,0.1989324831553642
178,0.08306786729553561,0.1983548439056572,0.45764222423533085,0.5844787933007721,0.504961958369456,0.6431076548446958,0.4863312862571573,0.5571416653424882,0.5124190223952584,0.20388502133408862
179,0.08610784901632718,0.2029289523084349,0.46187701138301407,0.581456005686166,0.507079877029736,0.641839848901916,0.4870419743251129,0.5549422660318026,0.5159282064431203,0.20888201265373707
180,0.0892237172083782,0.2075465512331837,0.4660108266392456,0.5783800620262908,0.5092991524167071,0.6404685722106928,0.4878563688345257,0.5527041227035432,0.5193316503922785,0.21392147063233669
181,0.09241586490657584,0.21220597189271373,0.4700417099207382,0.5752558219457983,0.5116146597985862,0.6389960386381194,0.48877069722677347,0.550431471433001,0.5226280209734564,0.21900134869815546
182,0.09568462172654396,0.21690548559743453,0.4739678053425356,0.5720882051171828,0.5140211659411116,0.6374245861833504,0.48978105504249214,0.5481285631980002,0.5258160802373846,0.22411954199384954
183,0.09903025164599971,0.22164330512387237,0.47778736285505463,0.568882185463709,0.5165133424432127,0.6357566761646298,0.4908834166571021,0.5457996584042617,0.5288946867033854,0.22927388930258488
184,0.10245295084730671,0.22641758620831007,0.48149873975911883,0.5656427850849417,0.5190857790131906,0.6339948923137886,0.4920736460970152,0.5434490213083975,0.5318627964278011,0.23446217509498637
185,0.10595284562839216,0.23122642916539995,0.4851004021018673,0.5623750679124836,0.521732996640555,0.6321419397498755,0.4933475078996515,0.5410809143465597,0.5347194639941633,0.23968213169552163
186,0.10952999038925507,0.2360678806313077,0.4885909259565751,0.5590841331051036,0.5244494606201686,0.6302006438041844,0.49470067798118705,0.5386995923775607,0.5374638434269451,0.24493144156663726
187,0.11318436570132553,0.24093993543067818,0.4919689985895521,0.5557751081939862,0.5272295933870857,0.6281739486697225,0.4961287544769303,0.5363092968500618,0.5400951890306877,0.2502077397087224
188,0.11888005641255518,0.2505273332765477,0.49454021618082933,0.5507994817371654,0.5311794133835569,0.625317945793915,0.498660039439182,0.5322493282579115,0.5458666888019493,0.2557009766139463
189,0.12272537095432383,0.2554653022352977,0.49761490782392476,0.5474764397649273,0.5340979351945506,0.6230884790771535,0.5002601993260797,0.5298517070980288,0.5482173981167577,0.26102696347546506
190,0.1266472078913607,0.260425584451806,0.5005743855616568,0.5441523132461619,0.5370610759617297,0.6207847252769638,0.5019188666574763,0.5274609502637235,0.5504526122177135,0.26637231483362994
191,0.13064519270625402,0.2654059635900074,0.5034178588731507,0.5408322339132774,0.5400632140461034,0.6184101408706656,0.5036314134388435,0.5250811866881214,0.552572036563465,0.2717344896226454
192,0.13471886834419622,0.2704041849207341,0.5061446526493794,0.5375213216557295,0.5430987495597122,0.6159682896515325,0.5053931926206068,0.5227164974140138,0.5545754802226274,0.2771109135129722
193,0.13886769399977344,0.27541795796900653,0.5087542077158973,0.5342246765133142,0.5461621151425843,0.6134628396831591,0.5071995479850814,0.5203709094763864,0.5564628562687326,0.2824989819888525
194,0.1430910440394434,0.2804449592688751,0.5112460812651672,0.5309473705435691,0.5492477863103801,0.6108975599215023,0.5090458237846011,0.5180483898052332,0.558234182111875,0.2878960635197691
195,0.14738820706619196,0.28548283522248463,0.5136199472011287,0.527694439584794,0.5523502913511172,0.6082763164921458,0.5109273741091613,0.5157528391636298,0.55988957976741,0.29329950282159223
196,0.1517583851326184,0.29052920505973334,0.5158755963985003,0.5244708749372049,0.5554642207522209,0.6056030686126995,0.512839571963891,0.5134880861364199,0.561429276061845,0.29870662420289806
197,0.1562006931084571,0.2955816638945821,0.5180129368790819,0.5212816149855822,0.5585842361419675,0.6028818641527688,0.514777818038681,0.5112578811851236,0.5628536027757651,0.3041147349916763
198,0.16309669842201552,0.3054286926697666,0.5191193293594737,0.5163811635770468,0.5628069514652949,0.5990617448065363,0.5181271384670992,0.5077714168223926,0.5664501398587894,0.30974086922404753
199,0.1677120035385427,0.31048211021151745,0.5209437928144897,0.5133045260863613,0.5659230218304815,0.5962351032260562,0.5201148302592099,0.5056454643893861,0.5675953759617197,0.3151337471683426
200,0.17239562979199344,0.3155321232711445,0.5226514949971606,0.5102779208018966,0.5690277147670025,0.5933751802400579,0.5221123183875772,0.5035675858193897,0.5686265479729642,0.3205191595203166
201,0.17714629588032957,0.3205762560050643,0.5242428873163878,0.5073059183190258,0.5721161048162362,0.590486359030286,0.5241152226899123,0.5015411230022069,0.5695444444879272,0.3258943856234001
202,0.1819626329469943,0.3256120278516777,0.5257185375939687,0.504392991909613,0.5751833771008271,0.587573080651818,0.5261192336647743,0.4995693072076181,0.5703499587440931,0.33125670683929836
203,0.18684318507847572,0.33063695711024854,0.5270791297226554,0.5015435094632283,0.5782248329553116,0.5846398372367166,0.528120118935873,0.497655253905239,0.5710440883601331,0.33660341035228425
204,0.19178640999000168,0.33564856457539266,0.5283254632466021,0.4987617255573301,0.5812358950409681,0.5816911648602657,0.5301137293394529,0.4958019577730011,0.5716279350039144,0.34193179301125043
205,0.196790679902003,0.3406443772206374,0.5294584528637264,0.49605177368212505,0.584212111951761,0.5787316360841999,0.5320960046341859,0.49401228790944623,0.5721027039867125,0.34723916520264553
206,0.20453692865862258,0.3503083339764136,0.5294077574125596,0.49186211286873804,0.5880795997866187,0.5746082081754752,0.5355180760024348,0.4913822671856958,0.5739906249836262,0.3527524965124472
207,0.21242424217473602,0.35990053987050585,0.5291439195571237,0.48785432627952846,0.5918411555168677,0.5704696563145805,0.5389103708826432,0.4889355338665968,0.5755933094396184,0.35822713605604
208,0.21764420655429112,0.36479491979808176,0.5298035441425921,0.4854782985846607,0.5946437620749614,0.5675029040816127,0.5408153878792585,0.4874384014299993,0.5756610330860157,0.36341463992812695
209,0.22291586987806783,0.3696594804988345,0.5303581403815066,0.48319076977022335,0.5973921888497564,0.5645481967407534,0.5426893783722925,0.48601918925546933,0.5756257249326174,0.3685702420978371
210,0.23076567335773884,0.3747533897119643,0.5323660863074793,0.4802057808608156,0.6019438655825716,0.5598445656948859,0.5449297312096171,0.4840592427442115,0.5741642062703273,0.378566627017871
211,0.23616315339029853,0.379540632974795,0.5326805595777679,0.47814899804265976,0.604537708458119,0.5569456222719236,0.5467080979035405,0.4828368718667668,0.5738715577811154,0.3836361173281733
212,0.2416046042091139,0.384290913201327,0.5328951356055792,0.47619216530948694,0.6070648631969692,0.554074902670326,0.5484443811256574,0.48169794352306944,0.5734833048441501,0.38866393521830056
213,0.24708766807134327,0.38900201240383264,0.5330117972626728,0.4743379146460647,0.6095222075409659,0.5512369087257313,0.5501355818404619,0.48064393835663954,0.5730015849054003,0.39364770898881973
214,0.25260992273617966,0.39367175971292456,0.5330326315540193,0.47258869288057054,0.6119067660720388,0.548436086683983,0.5517788289335056,0.47967617487618225,0.5724286300135394,0.3985851199469904
215,0.25816888453455406,0.39829803507227474,0.5329598280342682,0.4709467573918734,0.6142157101236985,0.545676817742624,0.5533713810184966,0.4787958078995846,0.5717667653538498,0.40347390608506944
216,0.2637620116112453,0.40287877287926227,0.5327956771113759,0.46941417222925674,0.6164463574180614,0.5429634086120342,0.5549106279781865,0.4780038273383861,0.5710184076590039,0.4083118656915063
217,0.2693867073334223,0.40741196556239767,0.5325425682333037,0.46799280465774523,0.6185961714537899,0.5403000821315184,0.5563940922536728,0.47730105732683714,0.570186063492046,0.41309686088639924
218,0.27504032385894966,0.41189566708630704,0.5322029879535956,0.46668432214067723,0.6206627606704328,0.537690967975877,0.5578194298969311,0.47668815569853007,0.5692723273969925,0.4178268210725813
219,0.28072016585709364,0.4163279963750111,0.5317795178716147,0.4654901897695943,0.622643877414618,0.5351400934880418,0.559184431401507,0.47616561381241834,0.5682798799126065,0.4224997462936812
220,0.28642349437359615,0.42070714064425074,0.5312748324432052,0.4644116681499233,0.6245374167332969,0.5326513746731691,0.5604870223262418,0.47573375672888735,0.5672114854450626,0.4271137104905695
221,0.2921475308314162,0.42503135863358205,0.5306916966575987,0.46344981174926325,0.6263414150188626,0.5302286073892467,0.5617252637267786,0.4753927437353666,0.5660699899954552,0.43166686464761583
222,0.2978894611577887,0.4292989837290358,0.530032963576454,0.46260546771343425,0.6280540485303915,0.5278754587686691,0.5628973524093128,0.47514256921980336,0.5648583187383427,0.43615743982026794
223,0.3036464400276179,0.4335084269671728,0.5293015717310505,0.4618792751537482,0.6296736318145387,0.5255954589045067,0.5640016210206873,0.4749830638891746,0.5635794734478233,0.4405837500355601
224,0.30941559521261514,0.43765817991147354,0.5285005423738395,0.46127166490726695,0.63119861604877,0.5233919928342412,0.5650365379884594,0.474913896329058,0.5622365297679921,0.44494419505726823
225,0.315194032025009,0.44174681739211125,0.5276329765807504,0.4607828597701226,0.6326275873285899,0.521268292852605,0.5660007073239901,0.4749345748991771,0.5608326343249926,0.449237263007578
226,0.32097883784408876,0.4457730001002942,0.5267020522009486,0.4604128752022692,0.6339592649193194,0.5192274311838905,0.566892868300958,0.4750444499587266,0.5593710016783104,0.4534615328372906
227,0.3267670867133353,0.4497354770285587,0.5257110206510165,0.460161520500384,0.6351924994916969,0.517272313042604,0.5677118950209479,0.4752427164142321,0.5578549111094173,0.4576156766367994
228,0.3325558439953812,0.4536330877485691,0.5246632035509116,0.4600284004339668,0.63632627135924,0.5154056701097566,0.5684567958769707,0.47552841658166706,0.5562877032463633,0.46169846178026225
229,0.33834217107161463,0.4574647645182452,0.5235619891994561,0.46001291733809485,0.6373596887338424,0.5136300544503037,0.5691267129248786,0.475900443353564,0.5546727765234699,0.46570875289567193
230,0.34963367900459946,0.46173103056909187,0.5223325421747426,0.4603300744939255,0.64008091764633,0.5100383993694397,0.5693339039944225,0.47690951976318374,0.5502299379265277,0.4771109650362594
231,0.355399025819694,0.4653748404154681,0.5211052217637032,0.46065163186137537,0.6408049860124212,0.5085656312410605,0.5697689737486276,0.477519420149386,0.5484872715277177,0.48089220194828314
232,0.3611502552180642,0.46895148776544304,0.5198364286799808,0.46108809034552223,0.6414258643868955,0.5071922674090562,0.5701276051202437,0.47820843922278855,0.5467128539357122,0.4845951830142029
233,0.3668844783808968,0.47246038289367775,0.518529794584686,0.46163790630561474,0.6419432756321799,0.5059198715673449,0.5704096044338542,0.4789747807362411,0.5449103414996499,0.4882192880338185
234,0.3725988307238319,0.4759010342454315,0.5171889958488908,0.46229935199851313,0.6423570612031212,0.5047498016506526,0.5706149057018733,0.4798165263820843,0.5430834212420802,0.49176400494219213
235,0.3782904765133555,0.4792730491359438,0.5158177490078445,0.4630705205419759,0.6426671798682725,0.5036832074184016,0.570743569534863,0.48073164074673397,0.5412358060758315,0.49522893039803817
236,0.3839566134118958,0.48257613423219264,0.5144198060547103,0.46394933124021004,0.642873706525167,0.5027210286075048,0.5707957820014181,0.48171797646053666,0.5393712298748237,0.49861377014531827
237,0.3895944769365005,0.48581009581240875,0.5129989495765184,0.46493353525315867,0.6429768311105577,0.5018639936592626,0.5707718534383694,0.4827732795275074,0.5374934424045167,0.501918339143947
238,0.39520134481603986,0.4889748397992417,0.5115589877357716,0.4660207215900264,0.6429768576048447,0.5011126190230608,0.5706722172110575,0.4838951948192208,0.5356062041184734,0.5051425614660378
239,0.400774541232017,0.4920703715630117,0.5101037491019301,0.4672083234067067,0.6428742031281831,0.5004672090371229,0.570497428422494,0.48508127171687215,0.5337132808282772,0.5082864699546683
240,0.4063114409282477,0.49509679549204705,0.5086370773377864,0.4684936245859959,0.6426693971240885,0.49992785638409337,0.5702481625693173,0.4863289698853149,0.531818438254812,0.5113502056426886
241,0.411809473174936,0.498054314327691,0.5071628257465598,0.4698737665788377,0.6423630806247506,0.49949444311681684,0.5699252141415944,0.48763566516277507,0.5299254364696733,0.5143340169297003
242,0.41726612557299775,0.5009432282621866,0.5056848516863568,0.4713457554842887,0.6419560055907223,0.49916664224730634,0.5695294951627257,0.48899865554988725,0.5280380242362357,0.5172382585159284
243,0.422678947684868,0.5037639337982724,0.5042070108594853,0.4729064693454559,0.641449034316215,0.49894391988958026,0.569062033664996,0.4904151672817268,0.5261599332606478,0.5200633900923576
244,0.42804555447847265,0.5065169223699726,0.5027331514849159,0.4745526656383122,0.6408431388898493,0.4988255379447945,0.5685239720956136,0.4918823609665903,0.5242948723637246,0.5228099747871111
245,0.4333636295715892,0.509202778724765,0.5012671083630543,0.47628098893008647,0.6401394006994883,0.49881055731495433,0.5679165656475577,0.4933973377754565,0.5224465215854517,0.5254786773687746
246,0.43863092826437017,0.5118221790679657,0.4998126968427759,0.4780879786837837,0.6393390099686078,0.49889784162941725,0.5672411805089886,0.4949571456662701,0.5206185262344416,0.5280702622079835
247,0.4438452803484795,0.5143758889709137,0.4983737067015064,0.4799700771853828,0.6384432653106603,0.4990860614664383,0.5664992920246064,0.4965587856274849,0.5188144908953783,0.5305855909993408
248,0.4490045926819759,0.5168647610452307,0.4969538959499331,0.4819236375703526,0.6374535732869602,0.4993736990501767,0.5656924827619816,0.49819921792565286,0.517037973408059,0.5330256202464033
249,0.45410685151986696,0.5192897323861889,0.49555698457369557,0.4839449319262994,0.6363714479528787,0.4997590534018556,0.5648224404756638,0.4998753683422491,0.5152924788322494,0.5353913985132162
250,0.46177936842903544,0.5236229335819389,0.49368514301527416,0.48759730192846557,0.6342560683403202,0.5004536078565996,0.5636562637722631,0.5022306243214191,0.5126511788944961,0.5377943235120819
251,0.46936755062672036,0.5277643566223064,0.4919307310182405,0.4914235590222375,0.6319485057062724,0.501329587365288,0.5623485400569719,0.5046394726864181,0.5100493497865584,0.5401350415787457
252,0.47422091127517746,0.5299200768570733,0.4906672323623933,0.493687067493506,0.6305137626420949,0.502068795172153,0.5612497372937374,0.5064352255241381,0.5084518502108281,0.5422359228802518
253,0.4790083812174842,0.5320156711716894,0.48944619145115836,0.4959972303758294,0.628996210540872,0.5028948696301604,0.5600970005886248,0.5082520551664732,0.5069004455693344,0.5442711717388663
254,0.4837284583699563,0.5340525583213005,0.4882709639595918,0.4983499979664307,0.6273980061548482,0.5038051555356641,0.5588925873950337,0.510086806735003,0.5053982047754471,0.5462422826200158
255,0.4883797289309659,0.5360322216239469,0.4871448198245061,0.500741299004005,0.6257214084389902,0.5047968607365299,0.5576388434541694,0.511936331274504,0.5039481055431763,0.5481508128217017
256,0.4929608675005648,0.5379562046908425,0.48607093695074555,0.5031670485640806,0.623968777352309,0.5058670639680728,0.5563381997278163,0.5137974914594652,0.5025530288405863,0.5499983781290219
257,0.4974706369079652,0.5398261069759697,0.48505239500204794,0.5056231558400068,0.6221425724975245,0.5070127228994107,0.5549931691691138,0.5156671671848368,0.5012157534677999,0.5517866483095256
258,0.5019078877472093,0.5416435791554953,0.484092169294914,0.5081055317932673,0.6202453515840876,0.5082306823598949,0.5536063433265822,0.5175422610322505,0.4999389507764478,0.5535173424600631
259,0.5062715576226199,0.5434103183482892,0.48319312481415816,0.5106100966578285,0.6182797687003337,0.5095176827152336,0.5521803887773837,0.5194197036036794,0.498725179547391,0.5551922242164349
260,0.5105606701068481,0.5451280631895018,0.4823580103689665,0.5131327872842806,0.6162485723814285,0.5108703683630315,0.5507180433865841,0.5212964587152676,0.49757688104344183,0.5568130968377591
261,0.5147743334156181,0.5467985887698659,0.48158945290840094,0.5156695643105954,0.6141546034607499,0.512285296317723,0.549222112390044,0.523169528444784,0.4964963742536376,0.5583817981780678
262,0.5189117388045325,0.5484237014540447,0.48088995201530715,0.5182164191474393,0.6120007926934645,0.5137589448553079,0.547695464299495,0.5250359580269286,0.4954858513453966,0.5599001955582192
263,0.5229721586945745,0.5500052335919866,0.48026187459751,0.520769380767065,0.6097901581422657,0.5152877221888192,0.546141026629313,0.5268928405914194,0.49454737334055077,0.5613701805517419
264,0.5269549445341977,0.551545038137838,0.47970744979505264,0.5233245222859413,0.6075258023165193,0.5168679751461738,0.5445617814455269,0.5287373217395226,0.493682866030889,0.562793663698735
265,0.5308595244071687,0.5530449831915322,0.4792287641220102,0.5258779673323872,0.6052109090574501,0.5184959978228478,0.542960760738658,0.5305666039553819,0.4928941161483834,0.5641725691624189
266,0.53468540039654,0.5545069464787117,0.47882775686109025,0.5284258961915898,0.6028487401634682,0.5201680401827756,0.5413410416230592,0.5323779508491683,0.49218276780473746,0.5655088293433626
267,0.5426472337377657,0.5575421213878082,0.47943065827694087,0.5350812705104746,0.5976102029997851,0.5231837120456364,0.5382100691978841,0.535246588158195,0.48999526319556685,0.5676564021707753
268,0.5476874585508691,0.5594485635430315,0.4786370608636956,0.5380388252646745,0.5940582897466306,0.5260793363079085,0.5356606857278533,0.5382024036886561,0.4898252813058014,0.5696566308260893
269,0.5511529724452277,0.5607419791306654,0.4786111075555612,0.5405178750860264,0.591526166580822,0.5278962746830901,0.533996488935865,0.5399042898742445,0.48947128863664724,0.5708426494193113
270,0.5545382468460246,0.562006895504872,0.4786711511976392,0.5429709724846912,0.5889661997286592,0.5297363531909077,0.5323307545216783,0.5415748937449608,0.489200703863796,0.5719972952994313
271,0.5578431858925076,0.5632451599707731,0.47881806798733295,0.5453948007158675,0.5863820607682962,0.5315957405268849,0.5306667208090505,0.5432119656707147,0.4890141910760981,0.5731223820123635
272,0.5610677415384607,0.564458589565386,0.4790525608148802,0.5477861390770941,0.58377746497184,0.533470621490399,0.5290076308518351,0.5448133427331948,0.48891225596085397,0.5742196896762707
273,0.5642119094237695,0.5656489655988844,0.4793751574792503,0.5501418669825421,0.5811561656833122,0.5353572042457565,0.5273567264458058,0.5463769515064991,0.4888952450025642,0.5752909599840798
274,0.5672757246552648,0.566818028294107,0.4797862093028259,0.5524589677920224,0.5785219484621529,0.5372517273440868,0.52571724204686,0.5479008106686949,0.48896334504787087,0.5763378913239053
275,0.5702592575176006,0.5679674715426544,0.48028589015497136,0.5547345323969143,0.575878625003639,0.5391504664942903,0.524092398609481,0.5493830334461162,0.48911658324196833,0.577362134033762
276,0.5731626091355525,0.5690989377958209,0.4808741958933514,0.556965762565854,0.5732300268491346,0.5410497410729248,0.5224853973602037,0.5508218298924171,0.4893548273405582,0.5783652858067478
277,0.5759859071096104,0.5702140131084266,0.48155094423058453,0.5591499740535432,0.5705799989005808,0.5429459203645303,0.5208994135216597,0.5522155090045425,0.4896777864002239,0.5793488872626203
278,0.5787293011471789,0.5713142223533969,0.48231577503247675,0.56128459947656,0.5679323927550863,0.5448354295255474,0.5193375900035414,0.5535624806779003,0.49008501184884445,0.5803144177013793
279,0.5813929587120263,0.5724010246246134,0.48316815105268035,0.5633671909604345,0.5652910598768169,0.546714755266554,0.5178030310774939,0.5548612575030774,0.4905758989363896,0.5812632910540861
280,0.585012387655926,0.5744992865336276,0.48389882201195616,0.5655565185791618,0.5614332472784644,0.5497950587268452,0.5155842608038798,0.5570486234047761,0.49214471904076995,0.5823113267913891
281,0.5874786852616992,0.5755829831449948,0.4849651428132851,0.5674974883944234,0.558823349663903,0.551638301569872,0.5141309028157206,0.5582200463973694,0.49284471452770345,0.5832028398651525
282,0.5912527787028738,0.5765912659065989,0.4874398405201331,0.5711174950424414,0.5548832846223247,0.5540676608528473,0.5119818952197556,0.5595604130913132,0.4933470844382712,0.5849711596842362
283,0.5935207490954498,0.5776307172214864,0.48871433393111247,0.5729091635105605,0.5523300888067629,0.5558457982064132,0.5106291846451658,0.5605982394675719,0.4942429494138213,0.5858551603959267
284,0.5957101248492049,0.5786638419682546,0.49006950375492064,0.5746367534817367,0.549805861282397,0.5575942400472693,0.509321216827257,0.5615811804809137,0.49521572115808843,0.5867294675920272
285,0.5978210820852113,0.5796915288618546,0.49150363383106943,0.5762987071024096,0.5473142528365674,0.5593100392007266,0.5080606495727477,0.5625085073034896,0.49626377099258473,0.5875949441255365
286,0.59985378327788,0.5807145730001386,0.49301485261206596,0.5778935995686432,0.5448588561298208,0.5609903452297866,0.5068500530248773,0.5633796027391371,0.4973853389261874,0.5884523636488226
287,0.6018083740900028,0.5817336736658516,0.49460113778701015,0.5794201399449819,0.5424431983537459,0.5626324075848698,0.5056919040326158,0.5641939616860512,0.4985785383349986,0.5893024089304655
288,0.60368498044715,0.5827494324590914,0.49626032130577047,0.5808771718052099,0.5400707339511717,0.5642335784953572,0.5045885806925862,0.5649511914590539,0.4998413609539904,0.5901456704876898
289,0.6054837058705619,0.5837623517697613,0.4979900947914936,0.5822636736995191,0.5377448374240251,0.565791315611189,0.5035423570822953,0.5656510119720327,0.5011716821664968,0.5909826455414089
290,0.6072046290867449,0.5847728335984588,0.49978801532768286,0.5835787594523005,0.5354687962541521,0.5673031844034628,0.5025553982028411,0.5662932557808129,0.5025672665764688,0.591813737299848
291,0.6088478019308707,0.5857811787330713,0.5016515116045499,0.5848216782944142,0.5332458039622721,0.5687668603335615,0.5016297551487281,0.5668778679864355,0.5040257738472631,0.5926392545755953
292,0.6104132475599063,0.586787586287135,0.5035778904078877,0.5859918148334271,0.5310789533299745,0.5701801308008108,0.500767360521803,0.5674049059984884,0.5055447647896807,0.593459411739766
293,0.6119009589901249,0.5877921536047611,0.5055643434322921,0.5870886888648902,0.5289712298092762,0.5715408968790413,0.49997002410560787,0.5678745391578408,0.5071217076809461,0.5942743290157906
294,0.6142940052352439,0.5920063657770186,0.5083453072953351,0.587630961690387,0.5249023310659139,0.5747042722280004,0.4987325736465212,0.5690625641053891,0.5119216746886888,0.5940385275841773
295,0.6155486929004825,0.5930587226309806,0.5105027284462209,0.5885061287261085,0.5229844197368423,0.5759011275163612,0.4981406858641463,0.5693606081863771,0.5136524815550062,0.5947895527913517
296,0.6167253030165255,0.5941082269426828,0.5127080954232983,0.5893086638956828,0.5211359838210667,0.577037968792252,0.4976203268443736,0.5696022419985676,0.5154300792758917,0.5955352573331278
297,0.6178236698834807,0.5951543459571206,0.514958140055826,0.5900387573718114,0.5193593829185605,0.5781132829177911,0.49717264085701995,0.5697881842815343,0.5172515773927097,0.5962754202814798
298,0.6188435962515841,0.5961964531400021,0.517249525955114,0.5906967284709247,0.5176568358848647,0.5791256771197885,0.4967986285879864,0.569919262099935,0.5191140344587792,0.5970097344574475
299,0.619784854411323,0.5972338310602293,0.5195788569431327,0.5912830243833609,0.5160304161905308,0.5800738795398135,0.4964991449990003,0.5699964094535528,0.5210144654090232,0.5977378087255203
300,0.6206471876693168,0.5982656746278414,0.5219426856132077,0.5917982187545688,0.5144820476332387,0.5809567396574407,0.49627489754631565,0.5700206657296485,0.5229498489878647,0.5984591706034428
301,0.6214303122095669,0.599291094678338,0.5243375219950985,0.5922430101166369,0.5130135004184077,0.5817732285958431,0.49612644476506823,0.5699931739949458,0.5249171352111458,0.5991732691795585
302,0.6221339193377214,0.600309121892807,0.5267598422961537,0.592618220169079,0.5116263876226933,0.5825224393183072,0.49605419522462924,0.5699151791244917,0.5269132528376211,0.5998794783285312
303,0.6227576781040379,0.6013187110418711,0.5292060976897522,0.5929247919075069,0.5103221620533037,0.5832035867235907,0.496058406858934,0.5697880257646546,0.5289351168254376,0.6005771002150079
304,0.6236696139046586,0.6013532512684121,0.5335028851500879,0.5938112145407216,0.5086036198938502,0.5838069177518846,0.4961367014365046,0.5694478278394957,0.5312808479535219,0.6028725057178979
305,0.6240926228122808,0.6023117066007331,0.5359850049386301,0.5939501559513402,0.5075140565935836,0.584313576967663,0.4963322077868299,0.5692054396631137,0.5333595849366746,0.6035682128002207
306,0.6244344816696807,0.6032582070663909,0.5384785128171665,0.5940240756597108,0.5065113015686293,0.5847505145950505,0.4966036555134103,0.5689197502825312,0.5354533893291643,0.6042518075806542
307,0.6246948005560793,0.6041914883772866,0.5409798637276411,0.5940344356518744,0.5055960577548849,0.5851174944829751,0.4969506248022415,0.5685925209970866,0.537559193949724,0.6049222682990991
308,0.6248731881712334,0.6051102371068225,0.5434855354083429,0.5939828071349016,0.504768857724702,0.5854144014011938,0.4973725487491234,0.5682255976462142,0.539673957460025,0.6055785268627872
309,0.6249692566794532,0.6060130964575302,0.5459920367758486,0.5938708676376423,0.5040300633223826,0.5856412406172066,0.4978687151322107,0.5678209074346651,0.5417946711417714,0.606219474051467
310,0.6249826268371043,0.6068986722245938,0.5484959161356474,0.5937003979421881,0.5033798657416003,0.5857981374052387,0.49843826854326545,0.5673804555782275,0.5439183654793549,0.6068439648910425
311,0.6249129333829331,0.6077655389333968,0.5509937691932695,0.593473278843923,0.5028182860435646,0.5858853364879846,0.49908021286982834,0.5669063217693293,0.5460421165263458,0.6074508241753873
312,0.624759830668802,0.6086122461282251,0.553482246838364,0.5931914877382054,0.5023451761130432,0.5859032014108816,0.4997934141192602,0.5664006564623802,0.5481630520348626,0.6080388521152074
313,0.6245229985068088,0.60943732478841,0.555958062674946,0.5928570950320154,0.5019602200476925,0.5858522138478091,0.5005766035743898,0.5658656769792908,0.55027835732779,0.6086068300921209
314,0.6242021482071779,0.6102392938473938,0.5584180002719045,0.5924722603792094,0.5016629359745071,0.5857329728362214,0.5014283812693388,0.5653036634361794,0.5523852808947766,0.6091535264954497
315,0.6237970287798599,0.6110166667894752,0.5608589201088604,0.5920392287384217,0.5014526782856055,0.5855461939389047,0.5023472197729911,0.5647169544929461,0.5544811396940169,0.6096777026186512
316,0.6233074332714252,0.6117679582984202,0.5632777661935591,0.5915603262531169,0.5013286402840128,0.5852927083287349,0.5033314682665307,0.5641079429280723,0.5565633241429702,0.6101781185918467
317,0.6227332052075564,0.6124916909315831,0.5656715723282099,0.5910379559537986,0.5012898572286258,0.5849734617920768,0.504379356900504,0.5634790710417427,0.5586293027823892,0.610653539326497
318,0.6220742451103595,0.6131864017927932,0.5680374680034829,0.590474593282972,0.501335209766097,0.584589513645759,0.5054890014159522,0.5628328258911577,0.560676626599327,0.611102740448011
319,0.6213305170586705,0.6138506491769622,0.570372683900293,0.589872781444085,0.5014634277360281,0.5841420355619348,0.5066584080133499,0.5621717343627075,0.5627029329961516,0.6115245141918579
320,0.620502055258706,0.6144830191591786,0.5726745569810207,0.5892351265763772,0.5016730943345735,0.5836323102945512,0.5078854784523228,0.5614983580865213,0.5647059493940253,0.6119176752386875
321,0.6195889705916431,0.615082132100964,0.5749405351533758,0.588564292758274,0.5019626506203427,0.5830617303006632,0.5091680153644771,0.5608152881997445,0.5666834964607643,0.6122810664639544
322,0.6185914571041689,0.6156466490464448,0.577168181491836,0.5878629968427954,0.5023304003453902,0.5824317962494016,0.5105037277610798,0.5601251399658054,0.5686334909545512,0.6126135645776953
323,0.6175097984076034,0.616175277981308,0.5793551780032956,0.5871340031292533,0.5027745150930293,0.5817441154110684,0.5118902367168469,0.5594305472578069,0.5705539481765208,0.6129140856303184
324,0.6163443739509133,0.6166667799277064,0.5814993289254037,0.5863801178763799,0.5032930397032852,0.5810003999185525,0.5133250812106973,0.5587341569150821,0.5724429840268488,0.613181590360598
325,0.6150956651328474,0.6171199748486683,0.5835985635479279,0.5856041836629422,0.5038838979659689,0.5802024648931158,0.5148057241040153,0.5580386229828723,0.574298816660609,0.6134150893625343
326,0.6137642612184804,0.6175337473360863,0.5856509385494317,0.5848090736028267,0.5045448985605923,0.5793522264265006,0.516329558236737,0.5573466008459793,0.5761197677413473,0.6136136480482841
327,0.6123508650256522,0.6179070520569762,0.5876546398434973,0.583997685422519,0.5052737412217366,0.5784516994113234,0.5178939126214583,0.556660741268148,0.57790426329195,0.6137763913850213
328,0.6108562983472067,0.6182389189334624,0.5896079839307588,0.5831729354098754,0.5060680231079334,0.5775029952118248,0.5194960587156977,0.5559836843498134,0.5796508341441102,0.6139025083843755
329,0.6092815070754669,0.6185284580328035,0.5915094187550226,0.5823377522440527,0.5069252453516911,0.5765083191672412,0.5211332167525057,0.5553180534177059,0.5813581159893563,0.6139912563239487
330,0.6076275659961411,0.6187748641447622,0.5933575240638301,0.58149507071745,0.5078428197679862,0.5754699679203519,0.5228025621097327,0.5546664488606535,0.583024849036296,0.6140419646814134
331,0.6058956832197154,0.6189774210246953,0.5951510112758516,0.5806478253614645,0.5088180756982948,0.5743903265641418,0.5245012316984788,0.5540314419267062,0.5846498772803809,0.6140540387627367
332,0.6040872042194826,0.6191355052819748,0.596888722859586,0.5797989439888459,0.5098482669671548,0.5732718655999884,0.5262263303515523,0.5534155684974887,0.5862321473941597,0.6140269630072777
333,0.6022036154465655,0.6192485898946217,0.5985696312298903,0.5789513411663596,0.5109305789281966,0.5721171377013512,0.5279749371931168,0.552821322856392,0.5877707072475813,0.6139603039537537
334,0.6002465474936781,0.6193162473324606,0.6001928371708672,0.5781079116323772,0.5120621355767,0.5709287742775745,0.5297441119711715,0.5522511514678818,0.5892647040694972,0.6138537128524143
335,0.5982177777809281,0.6193381522726128,0.6017575677957171,0.5772715236749217,0.5132400067058843,0.5697094818331789,0.5315309013350102,0.5517074467858251,0.5907133822630588,0.6137069279102219
336,0.5961192327386335,0.6193140838927087,0.6032631740560381,0.5764450124864922,0.5144612150844446,0.5684620381187838,0.5333323450404024,0.5511925411092661,0.5921160808891615,0.613519776157312
337,0.5939529894639944,0.6192439277289118,0.6047091278150687,0.5756311735128221,0.5157227436331897,0.5671892880707288,0.5351454820658668,0.550708700504578,0.5934722308335422,0.6132921749246242
338,0.5917212768304176,0.6191276770875879,0.6060950185011914,0.5748327558134595,0.5170215425791096,0.5658941395374009,0.5369673566241379,0.5502581188133148,0.5947813516744935,0.6130241329242195
339,0.5894264760304061,0.6189654340012644,0.6074205493598218,0.5740524554527041,0.5183545365657244,0.5645795587912803,0.5387950240536498,0.5498429117654208,0.5960430482694319,0.612715750925507
340,0.587071120535179,0.6187574097214483,0.6086855333235823,0.5732929089401089,0.5197186316992021,0.5632485658268394,0.5406255565757055,0.5494651112177135,0.5972570070798027,0.6123672220223788
341,0.5846578954565036,0.6185039247427919,0.6098898885222644,0.5725566867402316,0.5211107225103909,0.5619042294455009,0.5424560489037975,0.5491266595376961,0.5984229922549128,0.6119788314880246
342,0.5821896362987004,0.6182054083551035,0.6110336334556947,0.5718462868718334,0.5225276988137111,0.5605496621300977,0.5442836236924853,0.5488294041528604,0.5995408414963385,0.6115509562160582
343,0.5702647878286767,0.6017657077973181,0.6179393109770405,0.5653222645605266,0.5313972015478234,0.5523183380129287,0.5539799952233186,0.5538241266135483,0.5998940016887847,0.6221329841775064
344,0.5675621024685629,0.6012475108362656,0.6186739176051943,0.5647044187059626,0.5328826266255827,0.5509770039668993,0.5557373029074911,0.5538476094184368,0.6007467139622864,0.6214925992487607
345,0.5648282654388431,0.6006998718747534,0.6193558338166031,0.5641264165963773,0.534372133203337,0.5496490615961154,0.557470968729576,0.5539211947516594,0.6015477931133059,0.6208093278190948
346,0.5620671876050608,0.6001237546395725,0.6199857576786462,0.56359021061063,0.5358628561008429,0.5483377634560239,0.5591784792604264,0.554045629893237,0.6022974341924555,0.6200844174161317
347,0.5592828916494816,0.5995201777868255,0.6205644213676916,0.5630976347626468,0.5373519776169118,0.547046349413099,0.5608573927533458,0.5542215295616566,0.602995875407573,0.6193192113179571
348,0.5564795046438064,0.5988902107851551,0.621092584497195,0.5626503997323374,0.5388367323994824,0.5457780397741246,0.5625053425666076,0.5544493736511272,0.6036433932011143,0.618515143494572
349,0.5536612500598003,0.5982349695315473,0.6215710274653939,0.5622500881967968,0.5403144120726785,0.5445360283182992,0.5641200403428523,0.5547295053342908,0.6042402973489872,0.6176737331395442
350,0.5508324392391739,0.5975556117182058,0.6220005448545705,0.5618981504815479,0.5417823696142702,0.543323475249738,0.5656992789442594,0.5550621295426166,0.6047869261069481,0.6167965788143397
351,0.5479974623467844,0.5968533319703644,0.6223819389136194,0.5615959005508028,0.5432380234780751,0.5421435000890388,0.5672409351433121,0.5554473118355363,0.6052836414303918,0.6158853522297678
352,0.5451607788338364,0.5961293567761617,0.6227160131553239,0.5613445123548263,0.5446788614569109,0.5409991745235562,0.5687429720698212,0.5558849776681015,0.6057308242929671,0.6149417916908012
353,0.542326907440316,0.595384939230895,0.6230035660992109,0.561145016551475,0.5461024442827536,0.5398935152369475,0.5702034414156864,0.5563749120655861,0.6061288701288763,0.6139676952327662
354,0.5395004157683195,0.5946213536190609,0.6232453851902514,0.5609982976178914,0.5475064089618102,0.5388294767394074,0.5716204853996617,0.5569167597120446,0.6064781844230855,0.6129649134785312
355,0.5366859094602849,0.5938398898586021,0.623442240922844,0.5609050913671414,0.548888471843217,0.5378099442207728,0.5729923384951281,0.5575100254583647,0.6067791784728842,0.6119353422478147
356,0.5338880210183033,0.5930418478326538,0.6235948811986348,0.5608659828832597,0.5502464314210324,0.5368377264493284,0.5743173289245554,0.5581540752537871,0.6070322653433272,0.6108809149511035
357,0.5311113983027821,0.5922285316348772,0.6237040259456452,0.560881404886828,0.551578170870163,0.5359155487397634,0.5755938799249802,0.5588481375032984,0.6072378560380989,0.6098035948018983
358,0.5283606927506239,0.5914012437551478,0.6237703620250111,0.5609516365417029,0.5528816603177338,0.5350460460141655,0.5768205107894216,0.5595913048516509,0.6073963559062218,0.608705366882109
359,0.5256405473548387,0.5905612792329035,0.6237945384503203,0.5610768027120079,0.5541549588522858,0.534231755980349,0.57799583768969,0.5603825363931014,0.6075081613038107,0.6075882300963305
360,0.5229555844490944,0.5897099198058816,0.6237771619430931,0.5612568736768498,0.5553962162739875,0.5334751124520666,0.5791185742865295,0.5612206603042501,0.6075736565287504,0.6064541890515105
361,0.5203103933421006,0.5888484280822881,0.6237187928464234,0.5614916653085771,0.5566036745898137,0.5327784388358162,0.5801875321334719,0.5621043768956412,0.6075932110447708,0.6053052458991363
362,0.5177095178479483,0.5879780417646099,0.6236199414171398,0.5617808397186528,0.5577756692583709,0.532143941809017,0.5812016208811717,0.5630322620760664,0.6075671770099131,0.6041433921775077
363,0.5151574437595193,0.587099967953292,0.6234810645150775,0.5621239063734152,0.5589106301896761,0.5315737052142357,0.5821598482892899,0.5640027712217428,0.6074958871227492,0.6029706006919036
364,0.5126585863129164,0.5862153775584464,0.6233025627062221,0.5625202236802149,0.560007082505856,0.5310696841939943,0.5830613200533118,0.5650142434408358,0.6073796527981267,0.6017888174705807
365,0.5102172776914412,0.5853253998474842,0.6230847777945466,0.5629690010425259,0.5610636470692444,0.5306336995903652,0.5839052394538778,0.5660649062220595,0.6072187626824529,0.6005999538344136
366,0.5078377546180626,0.5844311171562176,0.6228279907953487,0.5634693013807818,0.5620790407848881,0.5302674326331629,0.5846909068363915,0.5671528804543889,0.6070134815167582,0.5994058786177447
367,0.505524146085455,0.5835335597904622,0.622532420360821,0.5640200441137804,0.5630520766849032,0.5299724199400015,0.5854177189288059,0.5682761858032619,0.6067640493539624,0.5982084105775438
368,0.5032804612726604,0.5826337011445235,0.6221982216664462,0.56462000859362,0.563981663802531,0.5297500488508436,0.5860851680055549,0.569432746427012,0.6064706811348781,0.5970093110273509
369,0.5011105776971339,0.5817324530621867,0.6218254857646238,0.5652678379852324,0.56486680684407,0.52960155311891,0.5866928409056358,0.5706203970157009,0.6061335666255977,0.5958102767316752
370,0.49901822965043946,0.5808306614649025,0.6214142394096956,0.5659620435797136,0.5657066056671636,0.5295280089789419,0.5872404179128501,0.571836889132996,0.6057528707169535,0.5946129330955134
371,0.4970069969651395,0.5799291022708419,0.6209644453563069,0.5667010095287968,0.5665002545741472,0.5295303316128344,0.5877276715061541,0.5730798978402915,0.6053287340848209,0.5934188276825132
372,0.4930007157418271,0.5800599004840009,0.619142134524224,0.5707319184409081,0.5673739939494727,0.529909488900616,0.5883939060281755,0.5734136869870923,0.6058879037562199,0.5890158031048245
373,0.49124076474930656,0.5791396416507621,0.6185542451576568,0.5716126182325482,0.5680308463952338,0.5301397840080723,0.5887009497162866,0.5747286560829213,0.6053585300846095,0.5878445235684979
374,0.4895743607042638,0.5782215339409388,0.6179259637344445,0.5725290077677767,0.568638806689225,0.5304478043135029,0.5889482848409788,0.5760613635012668,0.6047865955872987,0.586682489805857
375,0.48800415790280915,0.5773060701547944,0.6172570103661797,0.5734788798773361,0.5691975214799956,0.5308336301872375,0.5891361185456684,0.5774092077279124,0.6041720760095621,0.5855306782510697
376,0.48653259822503725,0.5763936564364129,0.6165470550441822,0.5744599396433704,0.5697067257992627,0.5312971695114767,0.5892647386496208,0.5787695523090687,0.6035149317397995,0.5843899557512988
377,0.48516190344422405,0.5754846103369677,0.6157957209215562,0.5754698117019164,0.5701662413075872,0.5318381573736022,0.5893345117193187,0.5801397337479526,0.6028151110142141,0.583261076621298
378,0.4838940681954909,0.574579159303557,0.6150025879984053,0.576506047796375,0.5705759744231663,0.5324561562685766,0.5893458810721456,0.5815170694830459,0.6020725534095299,0.5821446802398291
379,0.4827308536355123,0.5736774396046916,0.6141671971929671,0.5775661345549168,0.5709359143426429,0.5331505568174755,0.589299364718484,0.5828988659184159,0.601287193604903,0.5810412892022464
380,0.4816737818221374,0.5727794957014859,0.6132890547794482,0.5786475014636729,0.5712461309626796,0.5339205790073832,0.589195553248047,0.5842824264760501,0.6004589653925416,0.5799513080409956
381,0.4807241308399367,0.5718852800715316,0.6123676371714213,0.5797475290065964,0.5715067727108644,0.5347652739560399,0.589035107665943,0.5856650596398457,0.5995878059150086,0.5788750225231161
382,0.47988293069469673,0.5709946534903281,0.6114023960278702,0.5808635569420311,0.5717180642943197,0.5356835262027397,0.5888187571836923,0.587044086960747,0.598673660105765,0.5778125995311159
383,0.4791509599967504,0.5701073857729361,0.6103927636572083,0.5819928926852983,0.5718803043741616,0.5366740565250544,0.5885472969700872,0.5884168509924728,0.5977164853081494,0.5767640875307875
384,0.4785287434498306,0.5692231569763555,0.6093381586930445,0.5831328197660393,0.5719938631737213,0.5377354252790213,0.5882215858665165,0.5897807231274173,0.5967162560467953,0.5757294176267376
385,0.4780165501587816,0.568341559060872,0.6082379920139307,0.5842806063285877,0.5720591800281963,0.5388660362584673,0.5878425440710494,0.5911331113025318,0.5956729689243624,0.5747084052035358
386,0.47761439276608325,0.5674620980063916,0.6070916728779867,0.585433513643341,0.5720767608831105,0.5400641410671712,0.5874111507953156,0.5924714675454023,0.5945866476154835,0.5737007521475374
387,0.47732202742365837,0.5665841963775368,0.6058986152420445,0.586588804596941,0.572047175748726,0.5413278439956049,0.5869284418979193,0.5937932953312623,0.5934573479289889,0.5727060496415741
388,0.4771389546029315,0.5657071963290423,0.6046582442338421,0.5877437521290375,0.5719710561172344,0.5426551073920276,0.5863955074978684,0.595096156722346,0.5922851629087352,0.5717237815218617
389,0.4770644207425507,0.5648303630407842,0.6033700027448676,0.5888956475835461,0.5718490923492944,0.5440437575157671,0.5858134895712545,0.5963776792617906,0.5910702279428185,0.5707533281836625
390,0.47709742072963285,0.5639528885695965,0.6020333581105896,0.5900418089425771,0.571682031036187,0.5454914908586033,0.5851835795341711,0.5976355625952416,0.5898127258505046,0.5697939710194789
391,0.4772694140443584,0.5629453092405737,0.5992784929741685,0.5931376983041721,0.5709270872163733,0.547787761899284,0.5842595644777974,0.5983925247295557,0.5889290603044104,0.5678765772045548
392,0.47756080876477974,0.5620538898710516,0.5978017351123833,0.5942569798829119,0.5706502151164202,0.5493707171997227,0.5835193251628359,0.5995905240965262,0.5875815854616897,0.5669427225169005
393,0.47825289349041195,0.5604926400124064,0.5961961271794242,0.5945128046892288,0.5706094970258595,0.5518200429205663,0.5821833393985402,0.6023885352614263,0.5843625201583834,0.5659758490254782
394,0.47879941078494,0.5595978698222838,0.5946112181947808,0.5955904186353181,0.5702300623697318,0.5535244873659749,0.5813334400452604,0.6034975607566541,0.5828962559925801,0.565058235688483
395,0.479442395864283,0.5586964176324555,0.5929756139055604,0.5966472046214467,0.5698110438262501,0.5552718855832541,0.5804436944844862,0.6045709746651048,0.581389773638218,0.5641455568254798
396,0.4801792199867387,0.5577871012202624,0.5912891392633653,0.5976808824823006,0.5693535065189842,0.5570592385419935,0.5795155721289664,0.6056071381930829,0.5798437226844982,0.5632365663124776
397,0.48181743586617753,0.5560921197976848,0.5861805955804388,0.6024156651433032,0.5673225810804695,0.5607585431075562,0.5779803485059992,0.6055397076990691,0.5790187489786431,0.5608035546155954
398,0.4828100578107358,0.5551382036591076,0.5843081634613335,0.6033592518852283,0.5667521155746522,0.5626443215092788,0.5769564265808391,0.6064738900397693,0.577385876982619,0.5599004861524771
399,0.4838838255428904,0.554172161461204,0.5823856149701322,0.6042701365587858,0.5661476203649819,0.5645575506805027,0.5759004487081834,0.6073659440044571,0.5757156582601098,0.5589956488669573
400,0.48503519242707044,0.5531927991265156,0.5804132883915899,0.6051465626266287,0.5655103440763677,0.5664950182380345,0.5748139687516891,0.6082147606006717,0.5740091210873173,0.5580875860190443
401,0.4862604605259742,0.552198923657708,0.5783916236723394,0.605986886921529,0.5648415583169893,0.5684534973331395,0.5736985577285175,0.6090193528148206,0.5722673943402433,0.5571748398283835
402,0.4875557924242829,0.551189350157714,0.576321166558734,0.6067895832475262,0.5641425550950092,0.5704297570688033,0.5725558015412586,0.609778856563322,0.5704917093916654,0.5562559606009627
403,0.48891722343800287,0.5501629088859268,0.5742025723442326,0.6075532455005426,0.5634146442722654,0.5724205729825951,0.5713872987255638,0.6104925311604686,0.5686834015653522,0.5553295158643591
404,0.4903406741599376,0.5491184523165834,0.5720366092023844,0.6082765902987628,0.562659151057976,0.5744227375597172,0.570194658214796,0.611159759303936,0.5668439111295511,0.5543940994662832
405,0.4925702361627091,0.5473345562329647,0.5677637433124877,0.610574009563419,0.5608602400444623,0.5774317582435591,0.5687447920164993,0.6111628651584803,0.5653179423122296,0.5528731549468658
406,0.4941267537944849,0.5462351720571119,0.5654698628543002,0.6111864651707628,0.5600384552421044,0.5794472269066232,0.5675046135689632,0.6117201114073222,0.5634179486565327,0.551911118745185
407,0.49573016186670005,0.5451144320262724,0.5631328039127814,0.6117546387904819,0.5591939459800095,0.5814631488425789,0.5662458580563141,0.6122297588062955,0.5614918098506098,0.5509354439256818
408,0.4973760285766512,0.5439713983548958,0.5607539000965257,0.6122778511456355,0.558328099168944,0.5834765275725644,0.5649701301250715,0.6126916980048424,0.5595414121956827,0.5499449315431698
409,0.499059880247107,0.5428051904832556,0.5583346063872167,0.6127555524191917,0.5574423042043182,0.585484440304342,0.563679033051213,0.6131059342449895,0.5575687456221917,0.548938458417327
410,0.5007772147675831,0.5416149912291204,0.5558764992539308,0.6131873215148136,0.5565379507142207,0.587484047742555,0.5623741667167459,0.6134725844816743,0.5555759014782516,0.5479149849934593
411,0.5025235149732568,0.5404000527016218,0.5533812762435383,0.6135728648211399,0.555616426366156,0.5894726036575172,0.5610571256136826,0.61379187409591,0.5535650697853131,0.54687356282819
412,0.5042942619081996,0.5391597019469984,0.5508507550415351,0.6139120144889407,0.55467911473471,0.5914474641773823,0.5597294968770685,0.6140641332186938,0.5515385359627154,0.5458133416606489
413,0.5060849479203413,0.5378933462970048,0.5482868720000494,0.6142047262326494,0.553727393232252,0.5934060967691812,0.5583928583487451,0.6142897926852623,0.5494986770254339,0.5447335760315423
414,0.507891089536594,0.5366004783920412,0.5456916801322321,0.614451076669857,0.5527626311046521,0.5953460888750028,0.5570487766736086,0.6144693796409778,0.547447957261973,0.5436336314145026
415,0.5097082400677776,0.5352806808524652,0.5430673465747025,0.614651260214379,0.5517861874938905,0.5972651561704881,0.5556988054301646,0.6146035128216564,0.545388923401997,0.5425129898263144
416,0.511532001894493,0.5339336305730968,0.5404161495222016,0.6148055855404173,0.5507994095692762,0.5991611504138266,0.5543444832972143,0.614692897532584,0.5433241992859107,0.5413712548849937
417,0.5133580383867847,0.5325591026176284,0.5377404746410965,0.6149144716372223,0.549803630728888,0.6010320668546065,0.5529873322585401,0.6147383203517944,0.5412564800512142,0.5402081562872577
418,0.5151820854123764,0.5311569736914462,0.5350428109708327,0.6149784434754015,0.5488001688727023,0.6028760511731271,0.5516288558474896,0.6147406435843797,0.5391885258530115,0.5390235536796308
419,0.5169999623904041,0.5297272251733142,0.5323257463248706,0.6149981273076686,0.5477903247487084,0.6046914059221399,0.550270537433315,0.6147007994956478,0.5371231551385571,0.5378174399002792
420,0.5188075828499311,0.5282699456884032,0.5295919622050528,0.6149742456284013,0.5467753803731897,0.6064765964445109,0.5489138385511798,0.6146197843519149,0.5350632374981845,0.5365899435716692
421,0.5206009644550604,0.5267853332072958,0.5268442282456941,0.6149076118177669,0.5457565975261695,0.6082302562418516,0.547560197277657,0.6144986522984615,0.5330116861173135,0.5353413310272341
422,0.5223762384611951,0.5252736966578189,0.5240853962059849,0.6147991244975018,0.5447352163228494,0.6099511917708771,0.5462110266535494,0.6143385091048779,0.5309714498565257,0.5340720075584552
423,0.5279038971119979,0.5231529276119139,0.5203351575766897,0.6089603658348486,0.5462687761485465,0.6154850938624559,0.5376076074611204,0.6167052713080874,0.5175434505422732,0.5280001493038726
424,0.5302687572727834,0.5214452976898714,0.5174087266039823,0.6075070675553611,0.5458587466587441,0.6177325819477253,0.5348515382720385,0.6168419428589819,0.5134062097151358,0.5256182697377918
425,0.5318734384693923,0.5197965733808869,0.5146619608772119,0.6071689099963246,0.5448376836785698,0.6192468774251728,0.5335582072333209,0.6164933109303141,0.511528832168424,0.5242310276050338
426,0.5334375422817447,0.5181235055898031,0.5119208093229956,0.6067956794223732,0.5438173237248394,0.62072473509856,0.5322826220136258,0.6161171823361666,0.50968892834712,0.5228302548735537
427,0.534958352964906,0.5164273111981372,0.5091885299781886,0.6063885107066105,0.5427985839509574,0.6221664130187812,0.5310260244951905,0.6157149986346154,0.5078893145799316,0.5214174128818291
428,0.5364333233969916,0.5147093233303034,0.5064684041318617,0.6059485692324671,0.5417823591938606,0.6235723573071348,0.5297896112698971,0.6152881883264895,0.5061327475237347,0.5199940705331203
429,0.5378600776493369,0.5129709876207296,0.5037637270308137,0.6054770447638915,0.5407695215826841,0.6249432004795882,0.5285745324427812,0.6148381604241118,0.5044219148838894,0.5185618990459164
430,0.5392364128092845,0.5112138579458667,0.5010777984132301,0.604975145354711,0.5397609201901206,0.6262797590775877,0.5273818905247826,0.6143662982440143,0.5027594262292256,0.5171226661608869
431,0.540560300060754,0.5094395916389309,0.4984139129094751,0.6044440913261943,0.5387573807241319,0.6275830306078674,0.5262127394153943,0.6138739534517177,0.501147803943247,0.5156782298291691
432,0.541829885031363,0.5076499442078043,0.49577535034990255,0.6038851093412514,0.5377597052575787,0.6288541897961266,0.5250680834755949,0.6133624403853011,0.4995894743530717,0.5142305314095252
433,0.5454220737747564,0.5055570921301922,0.4927328008120761,0.5960853592983465,0.5421656360508991,0.6328418291829697,0.5153208952487103,0.6142441362519669,0.4876549779966985,0.5059529976940592
434,0.5463988985444479,0.5037300674101076,0.49026433543410125,0.5953589688342499,0.5411522935286629,0.6339830268148224,0.5143557425065123,0.6137359240576912,0.48647900347816175,0.5045162186737978
435,0.5479070395334419,0.5000950042594441,0.4854568609305814,0.5950769681298661,0.5381419351127278,0.6358189402874045,0.5138670077983679,0.6124813434810232,0.4858134982512303,0.5028021443649239
436,0.5487301487211048,0.49825716345926424,0.4830942532127013,0.5943022101633373,0.5371494877625684,0.6369065310965087,0.5129806064856706,0.6119364602090914,0.48479596317553203,0.50139466460593
437,0.5494905122203405,0.49642030670727505,0.48077956426874374,0.5935066233877918,0.5361631632427886,0.6379775172638213,0.5121293697470843,0.6113843221113391,0.48384963670916004,0.5000026682132656
438,0.5501878136352145,0.49458687489312575,0.478515540190699,0.592691129226506,0.5351835514899166,0.6390344103543669,0.5113137782001468,0.6108257082216573,0.4829754745723316,0.4986284046373084
439,0.5508218757507265,0.4927593360581214,0.47630482136999563,0.5918566145890575,0.5342112278478228,0.6400798227486472,0.5105342504277385,0.6102613135607448,0.4821742609863311,0.49727410951194845
440,0.5513926541377511,0.49094017595394535,0.47414993417289825,0.5910039291433048,0.5332467529030918,0.6411164572527902,0.5097911431457894,0.6096917478318113,0.48144660535558065,0.49594199544434675
441,0.5519002303852903,0.48913188849239764,0.4720532829919921,0.5901338829097539,0.5322906722936126,0.6421470962806302,0.5090847514693004,0.6091175346060556,0.48079293958085245,0.49463424284236174
442,0.552725898432065,0.48555019773818103,0.46793078763037627,0.589551914050862,0.5292964734350726,0.6438237090722053,0.5091084555429817,0.6078193758953238,0.48074076138317123,0.4931072087565299
443,0.553077888461064,0.4837797300400343,0.46599379212912223,0.5886572108223883,0.5283821462331083,0.6448514785662223,0.5084800672493548,0.6072150562663163,0.48025611426132925,0.4918695471517467
444,0.5533677780126172,0.48202904612007796,0.46412288890948256,0.5877482292951388,0.5274792668074914,0.6458836759453946,0.5078880411010919,0.6066067006738657,0.47984531806949077,0.49066353713730765
445,0.553596124415301,0.4803005381265268,0.46231982852324105,0.5868255917239177,0.5265882931944292,0.6469233055781257,0.5073324153226534,0.6059944473388492,0.4795080248887511,0.48949111928038286
446,0.5537635689987688,0.47859655279936036,0.46058620325106076,0.5858898715206582,0.5257096647302315,0.6479733856192275,0.5068131712235947,0.6053783544201242,0.4792437064099845,0.4883541547354235
447,0.5538708290137176,0.47691938243376,0.45892344249871575,0.5849415930220078,0.5248438017173053,0.649036935297618,0.5063302339628238,0.6047584023035334,0.47905165553244644,0.48725441723266316
448,0.5539186895278618,0.47527125607401227,0.4573328087958043,0.5839812316060942,0.5239911050618441,0.6501169620727999,0.5058834733775811,0.6041344963187334,0.4789309886661617,0.48619358541020796
449,0.5532984638901113,0.47215556852036844,0.4548395567058747,0.5797321955605214,0.5248723637337145,0.6532269723643219,0.5026370139819964,0.6029224078929972,0.47794207583026926,0.482728185314516
450,0.5531124238722872,0.47064172546315997,0.4535326526979952,0.5786831134134405,0.5240213603765631,0.6544013287245062,0.5023766186293862,0.602330158857269,0.4781276218557295,0.48183856776480144
451,0.5529435675310194,0.4676529074107629,0.45083822481030855,0.5777436133107706,0.5210941500342252,0.6563559429725413,0.503080385627749,0.6010883421115647,0.47897987494702027,0.4808244604714829
452,0.5526256832325576,0.4662405477859263,0.44972711351575634,0.576689543264243,0.5203046310859663,0.6576120142851102,0.5028862199422196,0.6004580365087404,0.47930653744103807,0.4800495529375148
453,0.5522557094989723,0.464871058841506,0.44869178221216094,0.5756249272940795,0.5195295035881863,0.6589051641356184,0.5027263598517048,0.5998215268499493,0.47969265002031053,0.4793222524548693
454,0.5518346976202749,0.46354584760059253,0.44773202456390254,0.5745498834653722,0.5187690228002043,0.6602377777156097,0.5026002154328888,0.599178227735531,0.4801359920806045,0.4786431650055682
455,0.5513636971707447,0.4622661928949562,0.4468474617209471,0.5734644998659197,0.5180234213014806,0.6616121091618896,0.5025071508498982,0.5985275200465434,0.48063422318906873,0.47801275228306994
456,0.5508437502224547,0.46103324099967236,0.4460375451481988,0.5723688377462174,0.5172929082806417,0.663030270144532,0.5024464857556686,0.597868756851762,0.4811848921771645,0.4774313295472206
457,0.5502758859808428,0.459848001857392,0.4453015601058804,0.5712629348463424,0.5165776688145851,0.6644942188546796,0.5024174967265278,0.5972012694604449,0.48178544671986534,0.4768990641012406
458,0.5496611158671638,0.45871134590831997,0.4446386297670877,0.5701468088884666,0.5158778631422988,0.6660057494361877,0.5024194187282844,0.5965243735888344,0.48243324336425053,0.4764159743969877
459,0.5487745071140171,0.45533762066566386,0.44222703676896513,0.5690430857057015,0.5113492882976755,0.6693812695246413,0.5045854111439041,0.5945329348927115,0.4842482902995258,0.475710764151864
460,0.5480336977590213,0.4543559153690987,0.4417938097073271,0.5679540342043727,0.5107730972777403,0.6710496989138547,0.5046136124758343,0.593765346387047,0.48499317934779423,0.47537420049300383
461,0.54724967770457,0.45342473905235026,0.44142876028592515,0.566855606709473,0.5102146716907557,0.6727715845425497,0.5046679425093006,0.5929847566034818,0.4857745349855252,0.4750860339832624
462,0.5464233035481683,0.4525442007978295,0.4411302568557824,0.5657477442626793,0.5096739407066389,0.6745477626484137,0.5047475300093119,0.59219053935556,0.486589453144144,0.4748455774066814
463,0.5455553946325499,0.45171426547142823,0.4408965441429187,0.5646303872820887,0.5091508029663862,0.6763788527035774,0.5048514724372618,0.5913820938914516,0.487435002200318,0.4746520008543392
464,0.5446467317179076,0.45093475521771004,0.4407257514079453,0.5635034796614972,0.5086451262534863,0.6782652510478842,0.5049788373818955,0.5905588508126042,0.48830823472791746,0.47450433493458494
465,0.5436980561873727,0.450205351569307,0.44061590102979387,0.5623669728607633,0.5081567472093061,0.6802071252670153,0.5051286640197087,0.5897202778362051,0.48920619934915366,0.474401474557896
466,0.5427100697813141,0.44952559815678594,0.44056491747597937,0.5612208299629085,0.5076854710986132,0.6822044093438493,0.5052999646068126,0.5888658853719796,0.49012595263476705,0.47434218327621064
467,0.5416834348527542,0.4488949040022328,0.44057063661997975,0.5600650296739169,0.5072310716315264,0.6842567996089408,0.5054917260045498,0.5879952318848919,0.4910645710025004,0.47432509815384766
468,0.5406187751329979,0.4483125473768984,0.4406308153646721,0.5588995702416165,0.506793290848299,0.6863637515133638,0.5057029112413639,0.5871079290164524,0.4920191625627096,0.47434873514452625
469,0.5395166769934153,0.44777768020042535,0.4407431415293011,0.5577244732705631,0.5063718390733751,0.6885244772443955,0.505932461113605,0.5862036464386199,0.4929868788597698,0.47441149494650964
470,0.5383776911863211,0.447289332956514,0.4409052439562136,0.5565397874105208,0.5059663949452003,0.6907379442016705,0.5061792958281172,0.5852821164157033,0.49396492645802287,0.4745116693056041
471,0.537202335044947,0.44684642009731956,0.4411147027925121,0.5553455918969004,0.5055766055282243,0.6930028743484259,0.5064423166895436,0.5843431380511637,0.49495057832127975,0.47464744773356704
472,0.5359910951197374,0.4464477459065063,0.44136905990094827,0.5541419999224015,0.505202086513466,0.6953177444494218,0.5067204078353699,0.5833865811978574,0.49594118493543654,0.47481692460752006
473,0.5347444302255657,0.446092010788636,0.4416658293537194,0.5529291618200924,0.5048424225138888,0.6976807872039288,0.5070124380217361,0.5824123900119782,0.49693418512451565,0.4750181066141702
474,0.5330925299680482,0.4454487191183167,0.441991643159984,0.5515192367381995,0.5030067411362472,0.7013868096762534,0.5083453102164956,0.5807595782237798,0.49818461314342255,0.4750495287858833
475,0.5317662671031643,0.4451961736924473,0.442390977697048,0.5503181575308795,0.5027299840424393,0.7038654052376362,0.5086284479269287,0.5797092470638116,0.4991646092315183,0.4753243195218285
476,0.5304059362926863,0.4449810429818198,0.44282384021130505,0.549108910247105,0.5024668746182005,0.7063843015398198,0.508921160230525,0.5786414558601675,0.5001392064014242,0.475623778798059
477,0.5290119109318162,0.444801640766311,0.4432877517796584,0.5478918170088567,0.5022168141434659,0.7089406690704426,0.5092223111565821,0.5775565491813611,0.5011063579913917,0.475945621918934
478,0.525533818181764,0.4445944542107046,0.44438536576977,0.5446843566040827,0.5042302673740817,0.7139623266894363,0.508347435928147,0.5754833777761832,0.503741527780836,0.4775604980354933
479,0.5240255043562974,0.44450897068424644,0.4449148561641979,0.5433771544189021,0.5039168493464763,0.7166022979880022,0.5087467702971255,0.5744159243525938,0.5046882926337504,0.47792441465406305
480,0.5224851856760836,0.44445252899195237,0.4454661506464373,0.5420636203205963,0.5036131211129545,0.7192658823749072,0.5091503353016381,0.5733340492857876,0.5056202549700879,0.4783001026853642
481,0.520913278276825,0.444423219734641,0.44603700538716834,0.5407443984870443,0.5033184568622125,0.7219492233245487,0.5095569165026232,0.5722384698860851,0.506536154641493,0.47868514821191793
482,0.5193102191616127,0.4444191104780862,0.4466252510221382,0.5394201894321962,0.5030322088250696,0.7246482858034083,0.5099653077040232,0.5711299891183595,0.5074349056983007,0.4790771401526911
483,0.5176764714916193,0.4444382540845796,0.44722880077580507,0.5380917499183506,0.5027537088997712,0.7273588672210772,0.510374313578653,0.5700094943961251,0.5083156006440817,0.4794736787779357
484,0.5160125298280315,0.44447869696953085,0.44784565812907035,0.5367598925442152,0.5024822704256822,0.7300766090974828,0.5107827523582196,0.5688779559443508,0.5091775139054079,0.47987238404633176
485,0.5143189252846481,0.4445384872418044,0.44847392399749375,0.5354254850093624,0.5022171901054547,0.7327970094097266,0.5111894585856626,0.5677364247384905,0.5100201044974049,0.48027090372549947
486,0.5125962305511197,0.4446156826874252,0.44911180338865875,0.5340894490572838,0.5019577500749093,0.7355154355788958,0.51159328592735,0.5665860300291847,0.5108430178691008,0.48066692125840693
487,0.5108450647476773,0.4447083585574672,0.4497576115098211,0.5327527591009339,0.5017032201190024,0.7382271380543283,0.5119931100419669,0.5654279764640415,0.51164608691616,0.4810581633399139
488,0.5090660980732463,0.444814615122304,0.45040977929953574,0.5314164405362326,0.5014528600313628,0.7409272644500468,0.5123878315022617,0.5642635408197902,0.5124293321522375,0.4814424071695569
489,0.5072600562101504,0.44493258495599475,0.4510668583596752,0.5300815677505909,0.5012059221139396,0.7436108741854215,0.5127763787650527,0.5630940683598833,0.5131929610338924,0.48181748734875807
490,0.5054277244501183,0.4450604399163542,0.4517275252670682,0.5287492618350215,0.5009616538123801,0.74627295357968,0.5131577111841802,0.5619209688343388,0.5139373664377517,0.4821813023928767
491,0.5035699515080443,0.44519639778823045,0.45239058524692044,0.5274206880098968,0.5007193004817905,0.748908431347538,0.5135308220603099,0.5607457121402459,0.5146631242924139,0.4825318208309194
492,0.5016876529918737,0.44533872855964984,0.4530549751931735,0.5260970527758057,0.5004781082765728,0.7515121944411319,0.5138947417207251,0.5595698236628751,0.5153709903713672,0.48286708686827345
493,0.4997818144990991,0.4454857603027972,0.4537197660240566,0.5247796008023158,0.5002373271570576,0.7540791041814664,0.5142485406214842,0.558394879318745,0.5160618962569891,0.4831852255904903
494,0.4843787419509867,0.44162662009767695,0.4533090465609566,0.5138303807770002,0.506917042943659,0.7648923143049576,0.5163375944952464,0.5489113885450302,0.5270468120392368,0.4929988656810906
495,0.4822665456447387,0.44180832976302215,0.45393572616497996,0.5122597215168204,0.5061605533628245,0.7669888523087446,0.5169874746189471,0.5481353430261168,0.5276418024933136,0.4929885494034084
496,0.48014344210814713,0.4419864483317385,0.45456020962907523,0.5107084609019371,0.505398299900461,0.7690066182182761,0.5176203893355718,0.5473739926523881,0.5282321555626522,0.492944489900826
497,0.47801117008066635,0.44215982483183053,0.45518253308855716,0.5091783150258811,0.5046299208560215,0.7709410567857201,0.518235856634761,0.5466287089928111,0.5288204157732278,0.4928659677525588
498,0.4758715402171807,0.4423273879848845,0.45580284410014915,0.5076709897812826,0.5038550742244001,0.7727877518643815,0.5188334780059569,0.5459008583204706,0.5294092353934968,0.4927523810734588
499,0.47372643274557436,0.44248814726854907,0.45642139735708287,0.5061881750984826,0.5030734414486336,0.7745424414538866,0.519412940500929,0.5451917962321109,0.5300013619799379,0.49260324421406304
500,0.4715777946250141,0.4426411935281916,0.45703854991031745,0.5047315391881589,0.5022847312175539,0.7762010322828745,0.5199740186087316,0.5445028622465223,0.530599625396886,0.49241818591469333
501,0.46942763621347355,0.44278569914479,0.4576547559224411,0.503302722813079,0.5014886832890212,0.777759613869267,0.5205165759307799,0.5438353744062265,0.5312069243651605,0.49219694693436916
502,0.46727802745603364,0.44292091776869363,0.45827056098294366,0.501903333613838,0.5006850723186633,0.7792144719996669,0.5210405666438563,0.5431906239067654,0.5318262125964656,0.4919393771783186
503,0.46513109360839183,0.443046183631344,0.4588865960155103,0.5005349405130388,0.49987371167339695,0.7805621015712648,0.5215460367390043,0.5425698697776506,0.532460484572745,0.491645432350684
504,0.4629890105128528,0.4431609104494496,0.4595035708098142,0.49919906822188365,0.4990544572085044,0.7817992187416828,0.5220331250245468,0.54197433363868,0.5331127610316648,0.4913151701617362
505,0.4608539994467897,0.44326458993838247,0.4601222672119378,0.4978971918725139,0.49822721098659534,0.7829227723345158,0.5225020638817707,0.541405194554862,0.5337860742210808,0.4909487461213794
506,0.458728321566186,0.44335678995374966,0.4607435320090559,0.49663073179875433,0.49739192491650547,0.7839299544508808,0.5229531797622365,0.5408635840125974,0.5344834529867641,0.4905464089530515
507,0.45661427196932086,0.4434371522821211,0.46136826954531696,0.49540104848705097,0.49654860428995845,0.7848182102400931,0.5233868934161507,0.5403505810391103,0.5352079077587981,0.49010849566421516
508,0.45451417340799916,0.44350539010380663,0.4619974341070052,0.4942094377185202,0.4956973111937771,0.7855852467856203,0.5238037198418042,0.5398672074863243,0.5359624155028812,0.4896354263114878
509,0.45243036967588807,0.44356128515233,0.4626320221160161,0.4930571259220014,0.49483816777546497,0.7862290410657463,0.524204267946737,0.5394144234995359,0.5367499047033294,0.4891276985001251
510,0.44819383162808013,0.44587368809787764,0.4663849216001885,0.490590211068342,0.4913997798530287,0.7889262995320143,0.5233739829735732,0.5401925568027788,0.5361921731957158,0.48474855208016265
511,0.4462044780532933,0.44585885943292897,0.4670426567500189,0.4896736581189822,0.490658796816089,0.7891517495053861,0.5236088468635219,0.5397469694635236,0.5371410083741271,0.48419817446822594
512,0.44424132670225425,0.4458312477008731,0.4677109682122151,0.48879985293401124,0.4899120849461775,0.7892488465503481,0.5238310443444829,0.5393359552825375,0.5381347592750924,0.48361682505071846
513,0.44230670714358333,0.4457910250883006,0.4683910153927803,0.48796950841020437,0.48916014428339527,0.7892171397612061,0.5240416680619772,0.5389601767256879,0.5391757186044733,0.48300521122061285
514,0.44040292295422895,0.4457384090909801,0.4690839479501943,0.4871832481120619,0.48840355337923436,0.7890564753940134,0.5242418954430444,0.5386202066115572,0.5402660369045391,0.48236407841105206
515,0.43853224378029415,0.44567365805824366,0.4697908976087602,0.48644160383092666,0.4876429704857803,0.7887669969918658,0.5244329863165728,0.5383165252821289,0.5414077102608174,0.48169420430491194
516,0.4366968973807457,0.44559706668309623,0.47051297011099985,0.4857450134554879,0.4868791344185798,0.7883491443953781,0.5246162802040074,0.5380495181084722,0.542602568603128,0.48099639314727866
517,0.43489906169420617,0.445508961471579,0.47125123734846125,0.4850938191607292,0.48611286507936985,0.7878036516371535,0.5247931932794838,0.5378194733403822,0.5438522646557499,0.48027147020147987
518,0.4331408569689995,0.44540969622472604,0.4720067297093067,0.4844882659209656,0.4853450636262849,0.7871315437237353,0.5249652149998093,0.537626580307353,0.5451582635889682,0.4795202763881346
519,0.4314243379963279,0.4452996475660385,0.4727804286798361,0.4839285003511293,0.4845767122806027,0.7863341323133428,0.5251339044061639,0.5374709279766637,0.5465218334213037,0.47874366314525935
520,0.4297514864859762,0.4451792105468048,0.47357325973576936,0.4834145698790555,0.48380887376071025,0.7854130103024134,0.525300886100908,0.5373525038727881,0.547944036218562,0.4779424875458124
521,0.42812420362319853,0.44504879436077527,0.47438608555754236,0.48294642225004897,0.4830426903355962,0.7843700453388004,0.5254678459043942,0.5372711933607169,0.5494257201324089,0.4771176077071394
522,0.42654430284450107,0.4449088181986965,0.47521969960219773,0.48252390536360956,0.48227938249194247,0.7832073722841663,0.5256365261982956,0.537226779294241,0.5509675123175911,0.4762698785246793
523,0.4250135028688687,0.4447597072720025,0.4760748200625697,0.48214676744077306,0.48152024721067105,0.7819273846528312,0.5258087209635229,0.537218942028634,0.5525698127630875,0.47540014775993983
524,0.4235334210196194,0.44460188903358644,0.4769520842424851,0.48181465751916414,0.4807666558506923,0.780532725058957,0.5259862705224684,0.5372472597956816,0.55423278906852,0.47450925251023335
525,0.42210556687050904,0.4444357896220197,0.47785204337455456,0.4815271262715158,0.48002005163950906,0.7790262747084229,0.5261710559969076,0.537311209437457,0.5559563721929837,0.4735980160849486
526,0.4207313362479537,0.44426183055385104,0.47877515790486785,0.48128362714210493,0.4792819467722902,0.7774111419762311,0.5263649934945615,0.537410167493809,0.5577402531992087,0.4726672453102578
527,0.4194120056193093,0.44408042568675327,0.4797217932665356,0.4810835177943102,0.47855391912302414,0.7756906501144634,0.5265700280389134,0.5375434116370768,0.5595838810115334,0.471717728281126
528,0.4181487268950756,0.4438919784742641,0.4806922161615486,0.48092606186129894,0.4778376085733809,0.7738683241399866,0.526788127258518,0.5377101224461991,0.5614864612017009,0.47075023257635085
529,0.41694252267063,0.44369687953070924,0.48168659136785097,0.48081043099070997,0.47713471296692284,0.7719478769549811,0.5270212748535964,0.5379093855110609,0.5634469558118997,0.46976550394907224
530,0.41579428193074336,0.44349550452263753,0.48270497908589594,0.4807357071731141,0.4764469836983371,0.769933194757129,0.5272714638592783,0.5381401938566709,0.565464084219842,0.46876426550184647
531,0.4147047562376287,0.44328821240072425,0.48374733283624016,0.48070088534303845,0.47577622094937605,0.767828321799774,0.527540689726336,0.5384014506755845,0.5675363250460035,0.4677472173519434
532,0.41367455642066914,0.4430753439836326,0.4848134979169827,0.48070487624037855,0.47512426858516627,0.7656374445656591,0.5278309432417154,0.538691972355875,0.5696619190984733,0.4667150367890372
533,0.41238158391181107,0.4434397824121597,0.48722874979381164,0.4805447873213281,0.4745780864017972,0.7627186525405545,0.5271550547192401,0.5398647919354596,0.5720081890766375,0.46445399589513553
534,0.41150666985861967,0.44320060888020923,0.4883442105951104,0.48066388317747394,0.47403184375709,0.7603408418269325,0.527463197564171,0.5401926297285229,0.5742736603736348,0.4634168221150989
535,0.41069191705211977,0.44295704625925214,0.4894822485681893,0.480816954044536,0.47351165008419843,0.7578927864561704,0.5277988918869799,0.5405454606230308,0.5765843254967294,0.462366555560387
536,0.40993728147609226,0.44270936375986525,0.49064223982092053,0.4810025687149697,0.473019464545186,0.755379103802341,0.5281640365056809,0.5409217695753257,0.578937386024977,0.4613037639147191
537,0.40924256997168756,0.4424578104612373,0.4918234535978455,0.4812192328800076,0.472557255180752,0.7528044587609508,0.5285604868194059,0.5413199740494601,0.5813298402172846,0.46022900266126304
538,0.40860744041503316,0.4422026162256817,0.49302505431878496,0.4814653933018057,0.47212699199182584,0.7501735458352248,0.5289900473524759,0.5417384286330399,0.5837584924092225,0.4591428183020225
539,0.4080314024429791,0.4419439929708818,0.49424610415375847,0.48173944212826736,0.47173063984842023,0.7474910711887355,0.529454464335196,0.5421754298331661,0.5862199632682772,0.45804575197050745
540,0.40751381872134157,0.441682136289488,0.49548556612004413,0.4820397213338805,0.47137015125421894,0.7447617347438459,0.5299554183520514,0.5426292210333452,0.5887107008650153,0.4569383434109663
541,0.40705390674723646,0.4414172274031479,0.4967423076846602,0.48236452726973345,0.4710474589965625,0.7419902124056732,0.5304945170884778,0.5430979975919327,0.5912269925138719,0.4558211352945451
542,0.406650741174456,0.44114943543564517,0.49801510485312733,0.4827121153058215,0.47076446871255934,0.739181138491198,0.5310732882077379,0.5435799120624704,0.5937649773337683,0.45469467784006323
543,0.4063032566482434,0.4408789199874442,0.49930264672301633,0.4830807045487389,0.4705230514029602,0.7363390884426383,0.5316931723896184,0.544073079516148,0.5963206594754493,0.45355953370454033
544,0.4060102511333619,0.44060583399173403,0.5006035404785656,0.4834684826179575,0.4703250359262014,0.733468561903382,0.5323555165627234,0.5445755829466011,0.5988899219593642,0.45241628310631027
545,0.4057703897169999,0.44033032682993317,0.5019163168005539,0.48387361046403216,0.47017220150563915,0.7305739662335303,0.5330615673620188,0.5450854787373025,0.6014685410650956,0.45126552914145035
546,0.4055822088658324,0.44005254768264773,0.5032394356636302,0.4842942272123114,0.47006627028343206,0.72765960054054,0.5338124648430251,0.5456008021719768,0.60405220121083,0.45010790325238303
547,0.40544412111449246,0.4397726490902457,0.5045712924914956,0.48472845501603085,0.47000889995482475,0.7247296402984723,0.5346092364835964,0.5461195729686678,0.6066365102590587,0.4489440708058994
548,0.40535442016079365,0.4394907906955409,0.5059102246386409,0.4851744039030229,0.4700016765166915,0.7217881226270444,0.5354527915036486,0.5466398008184215,0.6092170151827581,0.4477747367364852
549,0.40531128634128893,0.4392071431395832,0.5072545181658389,0.4856301766007132,0.47004610716413453,0.7188389322990226,0.5363439155324184,0.5471594909099313,0.6117892180246227,0.44660065120974085
550,0.40531279245920554,0.43892189208023763,0.5086024148752447,0.48609387332454845,0.4701436133687047,0.715885788541465,0.5372832656519039,0.5476766494219417,0.6143485920805514,0.44542261525987914
551,0.4053569099353907,0.43863524230210066,0.5099521195697713,0.48656359651553605,0.47029552417138093,0.7129322326929891,0.538271365844036,0.5481892889657493,0.6168905982375604,0.44424148635474164
552,0.40544151525174127,0.43834742188538417,0.5113018075004268,0.48703745551317407,0.4705030697228787,0.7099816167755602,0.5393086028678862,0.5486954339607286,0.619410701395561,0.44305818384155427
553,0.4055643966555835,0.4380586864006539,0.5126496319644785,0.48751357115065774,0.47076737510306066,0.7070370930353328,0.5403952225917726,0.5491931259264644,0.6219043869020495,0.4418736942266756
554,0.40572326109270374,0.43776932309581124,0.5139937320166824,0.48799008025994506,0.47108945445031775,0.70410160450281,0.5415313268035706,0.5496804286757738,0.6243671769286726,0.4406890762429615
555,0.4059157413361414,0.43747965504138303,0.5153322402553858,0.4884651400749456,0.4714702054306388,0.7011778766180512,0.5427168705207899,0.5501554333936686,0.626794646718904,0.43950546565899645
556,0.4062379195614036,0.43732430483990725,0.5179161940665168,0.48876728506241557,0.47325624307114406,0.6973210777436495,0.5429779520880856,0.5515017423015194,0.6295626982499224,0.43767214688830736
557,0.4065076559501642,0.4370182058119535,0.5192149794140026,0.4892426705593168,0.47383635771529153,0.6944477745231892,0.5442432799511585,0.5519216668910824,0.6319094530801436,0.43652970036294264
558,0.40680218732209134,0.43671344661402306,0.5205018476680845,0.4897100561991058,0.4744775705070634,0.6915941951638612,0.5455567895513693,0.5523233308646007,0.6342058269224435,0.43539273832361874
559,0.40711891119736504,0.43641056447589727,0.5217750195248461,0.4901677511505204,0.47518015663618624,0.6887620033697485,0.5469178075117972,0.5527049962676337,0.6364477931686522,0.43426279128358286
560,0.4074551921012027,0.43611015218492494,0.5230327511276556,0.49061410754481427,0.47594425012695823,0.6859526192739314,0.5483255098707989,0.5530649769811489,0.6386314632239342,0.4331414874993595
561,0.4078083691352879,0.43581286114280643,0.5242733413358904,0.4910475239202557,0.47676984121259297,0.6831672187642844,0.5497789229049418,0.5534016428585881,0.6407531003885336,0.4320305550511509
562,0.4081757635017714,0.4355194041422729,0.5254951387900625,0.4914664485015242,0.4776567742288796,0.6804067340519784,0.55127692453737,0.5537134236642566,0.6428091331144192,0.4309318233672611
563,0.4086764934761438,0.43519604126764316,0.527792667014853,0.49161932296955074,0.4803705423379653,0.6767919457819626,0.5519431052406674,0.5547907719953611,0.6450130454166658,0.4294957074163342
564,0.40931860856388413,0.43473235774084956,0.5309803360568106,0.49147189144324166,0.4852642263180981,0.6723400563837398,0.5517790864145208,0.5565580092046883,0.6472234146151595,0.4279967768402822
565,0.4097258642794178,0.4344100037412788,0.5320352768549039,0.4918269812950965,0.4865595911444979,0.669730044901768,0.5533422718818768,0.5567072306119012,0.649035743738057,0.4270811918093534
566,0.41013255670854465,0.4340970428484429,0.533064078692505,0.49215934994877003,0.4879128651851667,0.667146278176554,0.5549423885965353,0.5568250201604688,0.650765442169568,0.4261892892908372
567,0.4106446615453484,0.4336289574120632,0.5349612272335831,0.49215180772958733,0.49143651971840047,0.6637259912463348,0.5557606062777837,0.5576203490980466,0.6524306448460202,0.42529819707292205
568,0.4110409408063203,0.4333246679982548,0.5358967575608631,0.4924262986526952,0.49297218665051445,0.661215692524375,0.5574072773184364,0.5576455686319753,0.6539762530601172,0.4245113615825631
569,0.4114277115460471,0.4330342680675086,0.5368028603466264,0.49267422638549196,0.4945606734485637,0.6587287847603183,0.5590843250107994,0.5576359233835451,0.6554318618203588,0.42375716620269055
570,0.41180252484975927,0.4327591573863941,0.5376787815968928,0.4928947258125352,0.49620017355738266,0.6562640019916246,0.5607895689100683,0.5575905444108114,0.6567959755704971,0.423038401676414
571,0.41216298552658204,0.43250080018321746,0.5385238690926483,0.4930870061323312,0.4978887460182153,0.6538199173900403,0.562520732220026,0.5575086519280683,0.6580673611273653,0.4223579354000286
572,0.4125067571771952,0.4322607230538868,0.5393375746126897,0.49325035179916576,0.4996243204849813,0.6513949571033769,0.5642754489315711,0.5573895568809036,0.6592450504297062,0.4217187048477773
573,0.4128315669721005,0.4320405124107814,0.5401194556715019,0.49338412330124404,0.5014047027496267,0.6489874148836846,0.5660512713531076,0.5572326622749972,0.6603283421907614,0.4211237103418299
574,0.41313521013619287,0.4318418114780354,0.5408691767655048,0.4934877577789201,0.5032275807537113,0.6465954674307014,0.5678456780030888,0.557037464260528,0.6613168024510203,0.4205760071894182
575,0.4134155541374969,0.431666316839396,0.5415865101234171,0.4935607694870519,0.5050905310608221,0.6442171903755854,0.5696560818328894,0.5568035529747696,0.6622102640325344,0.42007869721312163
576,0.41367054258006425,0.4315157745475753,0.5422713359588911,0.4936027501057383,0.5069910257620249,0.6418505748264188,0.571479838746201,0.5565306131461323,0.6630088249011686,0.4196349197042591
577,0.4138602524565735,0.4310736214158898,0.5435354486986601,0.4931058945815018,0.5113411180213558,0.6386964532711068,0.5726653008097257,0.5567348369191275,0.6633642869670492,0.4198403150479272
578,0.4140443677902329,0.4309717010715114,0.544112491175528,0.49306752611546967,0.5133599586076347,0.636359636922213,0.5744794674162995,0.55635902065358,0.6639641312107956,0.41958045098065233
579,0.414196599338896,0.430901306572046,0.5446577055312649,0.49299718812686244,0.5154065264623409,0.6340270118866558,0.5762980124537889,0.555943834057425,0.6644710275783734,0.4193851168917137
580,0.4149580737907482,0.4319817777781364,0.5450452858352286,0.4942702632421583,0.5164154710626758,0.6270377986611625,0.5853435547284292,0.5527284776686545,0.6670782040280429,0.41646191504042446
581,0.41498385333155874,0.4321024525921043,0.5455655631418014,0.4940973114838196,0.518436691580097,0.6246757753201703,0.5872407319011467,0.5521862885255523,0.6671575194589793,0.41640619195275874
582,0.41497089441028884,0.4322628977832896,0.5460556368686922,0.49389302182414496,0.5204729348377514,0.6223084880874725,0.5891280622604169,0.5516060855532643,0.6671527362157564,0.41642953707732283
583,0.4149179420800162,0.4324650592220885,0.546516238414601,0.4936576532783139,0.5225211809705714,0.6199339944852544,0.5910027150606354,0.5509884194658554,0.6670661830114342,0.41653495982138006
584,0.41482384193279737,0.43271087407584213,0.5469481858426898,0.49339153830338794,0.524578389822177,0.617550444690377,0.5928618980264421,0.5503339279357892,0.6669003778523445,0.41672539388579916
585,0.41438279005592593,0.43267394144405746,0.5477992457678043,0.4923762952889169,0.5290072552737639,0.61434887369478,0.5942269462273907,0.5499276344917867,0.666024864905303,0.41826938302808414
586,0.41418192401947246,0.433015388386132,0.5481352421428276,0.4920304990623551,0.5311025412797902,0.6119430871770842,0.596010453509596,0.5491825963364709,0.6657117726043102,0.41872214375874983
587,0.413936719426489,0.43340728528684,0.5484463866285303,0.49165563607050544,0.5331957421366698,0.6095226283431612,0.5977697928186242,0.5484034931121831,0.6653288748844821,0.41926919707137345
588,0.41364649213913246,0.43385143850395125,0.548733849076297,0.4912523646908474,0.5352838008272809,0.6070862492305089,0.5995024945860216,0.5475913224189309,0.664879345062,0.4199129737807334
589,0.41337661002198767,0.43520762047289296,0.5488875913735072,0.49116583182470175,0.5371628292797251,0.6030226741171161,0.6033025864514862,0.5456864318149933,0.6645323038633039,0.41982450120338527
590,0.412971614368147,0.43581177847374997,0.549150369022067,0.49070115701625955,0.539199157059319,0.6005357266346285,0.6049813423279052,0.5447974210975622,0.663891744862063,0.4206824472332021
591,0.4125199822214552,0.4364738256587564,0.5493935942112408,0.49021092001746724,0.5412203138852454,0.5980301293446868,0.6066249287472625,0.5438795944123189,0.6631972710055775,0.42164470967301393
592,0.41202149999005633,0.4371952744721511,0.5496186172967888,0.489696057385737,0.5432234726719315,0.5955055469223657,0.6082312878756189,0.5429342776435411,0.6624525055378758,0.4227129996877781
593,0.4114760609837265,0.4379775523638214,0.5498268170333234,0.4891575647743626,0.5452058705574284,0.5929618727368136,0.6097984801608591,0.5419628602232389,0.6616611186339605,0.4238888369101783
594,0.41088366570805857,0.43882199458852167,0.5500195937584218,0.4885964950478038,0.5471648158611685,0.5903992371270548,0.6113246898806332,0.5409667921967287,0.6608268117389283,0.4251735400374179
595,0.4102444221567624,0.4397298372372471,0.5501983625192259,0.4880139563236886,0.5490976946355957,0.5878180144665875,0.6128082301054398,0.5399475812107238,0.659953301929618,0.4265682180529004
596,0.40955854611373615,0.4407022105375263,0.5503645461743927,0.487411109943512,0.5510019767826663,0.5852188289730443,0.6142475470508099,0.5389067894304197,0.6590443063679263,0.4280737621234489
597,0.40882636147499535,0.4417401324582124,0.5505195685042095,0.4867891683738467,0.5528752217086254,0.5826025592252717,0.6156412237954895,0.5378460303918395,0.6581035269141667,0.4296908382197357
598,0.4080483005989145,0.4428445026530216,0.5506648473614479,0.48614939303977855,0.5547150834929976,0.5799703413564662,0.6169879833455724,0.536766965795471,0.6571346349676321,0.4314198805043811
599,0.407224904691405,0.4440160967754783,0.5508017878951357,0.48549309209216823,0.5565193155504133,0.5773235708984705,0.6182866910277371,0.5356713022469723,0.6561412566001048,0.433261085528629
600,0.40635682423078584,0.4452555611961949,0.5509317758788792,0.4848216181102598,0.5582857747667033,0.5746639032589858,0.619536356198058,0.5345607879505111,0.6551269580462592,0.43521440727477595
601,0.40544481943509586,0.44656340815146334,0.5510561711746652,0.4841363657410978,0.5600124250936283,0.5719932528202085,0.6207361332563023,0.5334372093600569,0.654095231612877,0.437279553077502
602,0.40448976077254434,0.4479400113500478,0.5511763013622429,0.4834387692771824,0.5616973405896388,0.5693137906542689,0.6218853219591237,0.5323023877937324,0.6530494820664526,0.439455980453067
603,0.4034926295136768,0.44938560206279926,0.5512934555631701,0.48273030017379004,0.5633387078971686,0.5666279408577573,0.6229833670291633,0.5311581760161197,0.6519930135561672,0.44174289486092616
604,0.4024545183216611,0.4509002657173007,0.5514088784875132,0.48201246450738566,0.5649348281501488,0.5639383755145716,0.6240298570607049,0.5300064547932206,0.650929017126394,0.444139248417751
605,0.4013766318749341,0.4524839390172263,0.551523764729915,0.48128680037661464,0.5664841183086379,0.5612480083032392,0.6250245227261835,0.5288491294245731,0.6498605588697706,0.4466437395791566
606,0.4002602875142484,0.4541364076034353,0.5516392533403796,0.48055487524742463,0.5679851119207422,0.5585599867717623,0.6259672342915523,0.5276881262568781,0.6487905687686112,0.44925481379960025
607,0.39910691590399117,0.4558573042710548,0.5517564226936316,0.47981828324395903,0.5694364593152372,0.555877683309816,0.6268579984521752,0.5265253891833219,0.647721830268913,0.4519706651760127
608,0.3979180616955117,0.4576461077539836,0.551876285679318,0.47907864238699716,0.5708369272315909,0.5532046848548373,0.6276969545045707,0.5253628761326582,0.6466569706275378,0.4547892390757668
609,0.3966953841781125,0.459502142085321,0.5519997852336083,0.47833759178185703,0.5721853978972802,0.5505447813750314,0.6284843698729146,0.5242025555519938,0.6455984520692633,0.4577082357445708
610,0.39544065790133015,0.46142457653925634,0.5521277902309961,0.4775967887578472,0.5734808675655242,0.5479019531787077,0.6292206350127715,0.5230464028871368,0.6445485637864508,0.4607251148848699
611,0.3941557732502327,0.46341242615697237,0.5522610917532216,0.4768579059615629,0.5747224445296386,0.54528035710544,0.629906257717959,0.521896397064285,0.6435094148099149,0.4638371011903543
612,0.39284273695362004,0.4654645528560739,0.5524003997503152,0.47612262840652175,0.5759093466332785,0.5426843116604267,0.6305418568597783,0.5207545169767889,0.642482927775364,0.4670411908172312
613,0.39150367250334794,0.46757966712005194,0.5525463401067887,0.47539265048189483,0.5770408982987831,0.5401182811590199,0.6311281555911021,0.5196227379806917,0.6414708336054789,0.47033415876805607
614,0.3901408204614349,0.4697563302612851,0.5526994521239342,0.4746696729233279,0.5781165270986148,0.5375868589536188,0.6316659740508184,0.5185030284027321,0.6404746671233029,0.4737125671591697
615,0.3887565386302316,0.4719929572481061,0.552860186427165,0.4739553997491349,0.5791357598976461,0.5350947498200983,0.6321562216071229,0.5173973460645227,0.6394957636082388,0.4771727743381505
616,0.3873533020597245,0.47428782008355985,0.5530289033051872,0.47325153516543084,0.5800982185964887,0.5326467515854381,0.6325998886807878,0.5163076348266195,0.6385352563014632,0.4807109448132443
617,0.38540507808372776,0.4811722207842696,0.5531320296158868,0.4730377653930527,0.5808412548204813,0.5274945714702753,0.6342367340698327,0.5133879516691299,0.6371587742111858,0.4840463343756653
618,0.3839662564957918,0.48365185281519213,0.5533693525573266,0.47239829339523814,0.5816044454968848,0.5252147247912629,0.6345815494266988,0.5123554718134565,0.6362087154169251,0.4877516321319198
619,0.3825193962952845,0.4861803513176159,0.5536139560543963,0.47177596198231153,0.5823106715354582,0.5229992009026952,0.6348838138433059,0.5113466721434373,0.6352819381842367,0.4915195239195341
620,0.38106754114762365,0.4887553677481127,0.5538657338652797,0.47117240963977186,0.5829599680913204,0.5208529645379265,0.6351447892809388,0.5103633593719754,0.634378548607275,0.4953453636023466
621,0.37961384681217647,0.49137444332726754,0.554124492126032,0.47058925545772406,0.5835524310554989,0.5187809512160447,0.6353657670510396,0.5094073064111289,0.6334984495744335,0.4992243825610115
622,0.3781615792113127,0.4940350155747217,0.5543899506075318,0.47002809594813844,0.5840882111026383,0.5167880461706073,0.635548057925825,0.5084802492705958,0.6326413450013462,0.5031517040196476
623,0.37671411211336625,0.4967344251987257,0.554661744372297,0.4694905018742456,0.5845675076649933,0.5148790632880489,0.6356929822105415,0.5075838840059221,0.6318067449295975,0.5071223577530921
624,0.375274924402756,0.4994699233073092,0.554939425820509,0.46897801509864656,0.5849905628761984,0.5130587241580506,0.6358018598331271,0.5067198637204058,0.6309939714590931,0.5111312951069098
625,0.3738475969116186,0.502238678906612,0.555222467112839,0.4684921454570008,0.5853576555285352,0.5113316373379553,0.6358760005073372,0.5058897956248197,0.630202165478497,0.5151734042606229
626,0.3724358087886794,0.50503778665058,0.5555102629559644,0.4680343676643591,0.5856690950873986,0.5097022779325826,0.635916694025399,0.5050952381592391,0.629430294154811,0.5192435256633067
627,0.3698345387360755,0.5081383066453125,0.556073690604402,0.4668587413939204,0.5862798455690764,0.5075429891918549,0.635709215985427,0.5042765121235143,0.6280249383814757,0.5274650717419332
628,0.36847477121347644,0.5109974541572031,0.5563546161424434,0.46646544285986735,0.5864662766895382,0.5061704874680676,0.6356544266903205,0.5035797217156914,0.6273132706160021,0.5315916473983835
629,0.36714420765630157,0.513876901600252,0.556638200265328,0.46610510614962036,0.5865981281563213,0.5049098897092958,0.6355705932098384,0.502923490595355,0.626615608454384,0.5357271643639083
630,0.3658469179300811,0.51677348570786,0.5569235247733682,0.46577902415628075,0.5866757735447996,0.503764838076869,0.6354587967782795,0.502309128048958,0.625930272851597,0.5398664667023517
631,0.36458704127760466,0.5196840135239744,0.5572096136004207,0.4654884389100122,0.5866995877745387,0.502738739300259,0.6353200488820606,0.5017378795231233,0.6252554660228931,0.5440044366820422
632,0.3633687792199539,0.5226052709497488,0.5574954376018965,0.4652345388625419,0.5866699424430012,0.501834748612379,0.6351552838097877,0.5012109242360298,0.624589282550716,0.5481360094754573
633,0.3621963878793406,0.5255340312527026,0.5577799195590358,0.46501845626009913,0.5865872015117651,0.5010557546850901,0.634965351728688,0.5007293728912997,0.6239297208723552,0.5522561874950954
634,0.3610741697207317,0.5284670634995121,0.5580619393745458,0.4648412646127647,0.5864517173786654,0.5004043656400182,0.63475101233077,0.5002942654999052,0.6232746950917318,0.556360054299644
635,0.36000646471272363,0.5314011408743211,0.5583403394340707,0.46470397626816545,0.5862638273669388,0.49988289620455145,0.6345129290893521,0.49990656931563954,0.6226220470578583,0.5604427880068774
636,0.35899764091174446,0.5343330488454457,0.5586139301074319,0.4646075400973592,0.5860238506598427,0.49949335607728257,0.6342516641634728,0.49956717688968283,0.6219695586518763,0.5644996741524078
637,0.3580520844774159,0.537259593144516,0.5588814953631825,0.4645528393006181,0.5857320857064485,0.4992374395611918,0.6339676739844866,0.49927690424976623,0.6213149642242419,0.5685261179364176
638,0.35717418913076077,0.540177607523503,0.5591417984697747,0.46454068934066206,0.5853888081213716,0.49911651651660677,0.6336613055556267,0.4990364892093592,0.620655963123591,0.5725176558038716
639,0.3563683450708855,0.543083961256661,0.5593935877565049,0.4645718360106677,0.5849942690980471,0.4991316246794219,0.6333327934916372,0.49884658981222113,0.6199902322590338,0.5764699663073257
640,0.3556389273697671,0.5459755663561829,0.5596356024074134,0.46464695364412806,0.5845486943519297,0.4992834633832481,0.6329822578217188,0.4987077829175263,0.6193154386381261,0.580378880205388
641,0.35499028386881876,0.5488493844723223,0.5598665782614529,0.46476664347334135,0.5840522836065684,0.49957238871714904,0.6326097025750104,0.49862056293060103,0.6186292518235463,0.5842403897540851
642,0.35442672260494984,0.5517024334508313,0.5600852535925036,0.46493143214296234,0.583505210632012,0.49999841014342533,0.6322150151636495,0.49858534068413135,0.6179293562525126,0.5880506571527785
643,0.3539524987978892,0.5545317935228415,0.5602903748432095,0.4651417703846762,0.5829076238414118,0.5005611885925693,0.631797966574215,0.4986024424744586,0.6172134633642932,0.5918060221109593
644,0.3535718014345248,0.5573346131046888,0.560480702287109,0.4653980318586193,0.5822596474479942,0.5012600360450644,0.6313582123739431,0.4986721092573176,0.6164793234826599,0.5955030085070351
645,0.3532887394899549,0.5601081141877173,0.5606550155941881,0.4657005121667406,0.5815613831808942,0.502093916602227,0.6308952945336984,0.49879449600708603,0.6157247374019192,0.5991383301152355
646,0.35310732782878057,0.562849597300698,0.5608121192756845,0.4660494280427563,0.5808129125545488,0.5030614490407173,0.6304086440651654,0.4989696712432627,0.614947567627124,0.6027088953818655
647,0.3530314728338953,0.5655564460302259,0.560950847984875,0.46644491672287147,0.580014299682651,0.5041609108378864,0.6298975844652355,0.499197616727548,0.6141457492212905,0.6062118112373749
648,0.3530649578135901,0.5682261310872331,0.5610700716514814,0.46688703550083244,0.5791655946238857,0.5053902436476323,0.6293613359560328,0.4994782273344848,0.6133173002148146,0.6096443859360018
649,0.35321142824121127,0.5708562139105776,0.5611687004284035,0.4673757614703065,0.5782668372429934,0.506747060199104,0.6287990205045417,0.49981131109820937,0.612460331534867,0.6130041309200832
650,0.35347437688480055,0.5734443498015733,0.561245689430629,0.4679109914569578,0.5773180615670748,0.5082286525833609,0.6282096676013712,0.5001965894373894,0.6115730564153136,0.6162887617115177
651,0.35385712888713194,0.575988290586183,0.5613000432473688,0.46849254214193664,0.5763193006134818,0.5098320018860519,0.6275922207737993,0.5006336975599506,0.6106537992505671,0.6194961978381622
652,0.3553186437309436,0.5808269846290548,0.5611964592140585,0.4697779530918619,0.5749705244631969,0.5126711086994885,0.6264199585205963,0.5011920636658185,0.6097901220629761,0.6223426441269241
653,0.35602020464512907,0.5832322085079864,0.5611911074594189,0.47048424046820403,0.5738360107549316,0.5145694015708753,0.625741444645228,0.5017506210932089,0.6087832764410365,0.6253676519203291
654,0.35685151982708313,0.5855859414000909,0.5611598796147075,0.4712354907597206,0.572651784537709,0.5165764276096703,0.6250305337765291,0.5023590719655265,0.6077398163260115,0.6283098402684385
655,0.35781496353877723,0.5878864336694013,0.5611020742090718,0.4720311461171788,0.5714179500791982,0.5186879149743346,0.6242858887032009,0.5030166847980643,0.6066586169638288,0.631167962688209
656,0.3589126623446717,0.5901320377049288,0.5610170592878911,0.4728705726884488,0.5701346447958,0.5208993558866837,0.6235061332771221,0.5037226477192247,0.6055387026637267,0.6339409612245919
657,0.36014648154703105,0.592321207523609,0.5609042749799256,0.4737530620401947,0.5688020464192841,0.5232060235662865,0.6226898626914679,0.5044760699974523,0.6043792515384067,0.6366279608063546
658,0.36151801209278783,0.5944524979716976,0.5607632357440759,0.4746778327623972,0.5674203803551069,0.5256029899970885,0.6218356541839687,0.5052759837396248,0.6031795995101363,0.6392282628493803
659,0.3630285580254491,0.5965245635445394,0.5605935322898389,0.4756440322511564,0.565989927184284,0.5280851444364308,0.620942078110405,0.5061213457578535,0.6019392435741084,0.6417413381554572
660,0.3646791245553772,0.5985361568467417,0.5603948331671,0.4766507386645233,0.5645110302588722,0.5306472125729701,0.6200077093308298,0.5070110396010583,0.6006578443138539,0.6441668191583125
661,0.36647040682118287,0.6004861267168754,0.560166886022513,0.47769696304540066,0.5629841033396883,0.5332837762368012,0.6190311388488271,0.5079438777470628,0.5993352276671101,0.6465044915722012
662,0.36840277941401217,0.6023734160426087,0.5599095185212609,0.47878165160490077,0.5614096382236446,0.5359892935624445,0.6180109856420908,0.5089186039503812,0.5979713859439296,0.6487542855014687
663,0.37047628673506877,0.6041970592939141,0.5596226389345751,0.4799036881588574,0.5597882123072209,0.5387581195031831,0.6169459086210392,0.509933895740255,0.5965664781023291,0.6509162660723936
664,0.37269063425491666,0.6059561798034283,0.5593062363948865,0.4810618967096073,0.5581204960319727,0.5415845265936735,0.6158346186508202,0.5109883670629346,0.5951208292900492,0.6529906236510662
665,0.3790511925176702,0.6111636021762433,0.5583697586198063,0.4838482429310047,0.5554250901626094,0.5480342789499731,0.6127605109208063,0.5129223328603494,0.5934242457974427,0.6538075569412352
666,0.3816913250324473,0.612671429387546,0.5579569526357735,0.48512414883043575,0.5536033937018039,0.5510016144939709,0.6115250962604388,0.5140737214856763,0.5918590181683844,0.6556639915330132
667,0.3844670342248105,0.6141124111863228,0.5575155407634839,0.4864306957971723,0.5517392286935654,0.5540026553622428,0.6102392408753545,0.5152583100538111,0.590255551176047,0.6574334946107621
668,0.3873762076814244,0.6154861407545031,0.5570459479376146,0.4877664101759921,0.5498338511360495,0.5570315811654132,0.6089021040454916,0.5164744653329663,0.588614904955808,0.6591166375397794
669,0.3912034964192626,0.616538562190584,0.5563744892152973,0.4896879592089517,0.5464867593015437,0.5612696159390751,0.6071990181447818,0.5184836599403498,0.5854306515358708,0.6629310476644976
670,0.3944314259859087,0.6177705316878039,0.555841988253314,0.4910820392411363,0.544494782362507,0.5643431923999758,0.6057209054012702,0.519776925513398,0.583703838817694,0.6643810489174575
671,0.39778284560626354,0.6189340287444053,0.5552832051591386,0.4924999859851868,0.5424670655696677,0.5674250308519725,0.6041894374007579,0.5210956170077198,0.5819450468187917,0.6657478737706897
672,0.4012540030331559,0.6200288809417762,0.5546988635134162,0.49394018985578503,0.5404054962355982,0.5705096478720766,0.6026043858246443,0.5224379109040309,0.58015600558813,0.667032350539675
673,0.40484078514948113,0.6210549670366506,0.5540897508724574,0.49540101577584106,0.5383121135675193,0.5735916853157939,0.6009656861911027,0.5238019540858775,0.5783385691823546,0.6682353255286883
674,0.40966266238915755,0.6216144685782694,0.5531730379971462,0.49757816293511975,0.5346780062143738,0.5778259911333224,0.5988581431064569,0.5260168921927112,0.5749272065583867,0.6712050431784301
675,0.4135151964066232,0.6224961506253339,0.5525113855420197,0.49907608146033894,0.5325253794750138,0.5808808322566248,0.5970770400762713,0.5274326249141918,0.573049985351671,0.6721897468011043
676,0.41746659455826557,0.6233086395559349,0.551827954415103,0.5005889031030676,0.5303493211464,0.5839158216803421,0.5952432595843532,0.528863316291134,0.5711521759705688,0.6730968232718877
677,0.421511222048052,0.6240519823587004,0.5511237665293728,0.5021149408815999,0.528152560227958,0.5869263427158473,0.5933575629289183,0.5303070138097894,0.5692361136590613,0.6739271073685933
678,0.4256431307575803,0.6247262634069756,0.550399890117028,0.5036525011538904,0.5259379800557852,0.5899079803876527,0.5914209118222421,0.531761756210112,0.5673042108487952,0.6746814013576751
679,0.4298560726405852,0.6253316023136652,0.5496574358846639,0.5051998870288205,0.5237086163554374,0.5928565317611366,0.5894344720823379,0.5332255772343469,0.5653589480781908,0.6753604683952583
680,0.43414351451277816,0.6258681520626224,0.5488975530646741,0.5067554017221987,0.5214676544536045,0.595768015005529,0.5873996163938783,0.5346965093461257,0.5634028647431988,0.6759650266412249
681,0.4384986542059319,0.626336097433268,0.5481214253812341,0.5083173518467539,0.5192184256398827,0.5986386771567982,0.5853179261120566,0.536172587409135,0.5614385497222941,0.6764957441236314
682,0.44291443804805253,0.6267356537326644,0.5473302669492294,0.509884050625768,0.5169644026743977,0.6014650005524568,0.5831911920878033,0.5376518523146215,0.5594686319180647,0.6769532343860313
683,0.4473835796244504,0.6270670658466742,0.5465253181244234,0.5114538210204536,0.5147091944416977,0.604243707917817,0.5810214144976428,0.5391323545472451,0.5574957707573429,0.6773380529452768
684,0.4518985797676031,0.6273306076191726,0.5457078413230088,0.513024998761688,0.5124565397560464,0.6069717660908723,0.5788108016664688,0.5406121576790871,0.5555226466911883,0.6776506945822766
685,0.45645174771685726,0.6275265815655269,0.5448791168284364,0.5145959352772507,0.5102103003279783,0.6096463883806793,0.57656176787659,0.5420893417819577,0.5535519517352446,0.6778915914829029
686,0.46586151266101533,0.6253499242164602,0.5424830756562613,0.518926141217196,0.5033986391626917,0.6148952532140479,0.5723798397756057,0.5460786621399538,0.5471991179295297,0.6814671217025421
687,0.47048627887260347,0.62538899057441,0.5416415085181964,0.5204638239768924,0.5012435574799796,0.6173799615795506,0.569990589352008,0.5475473257516532,0.5452765385877155,0.6814327318311902
688,0.4751145172625855,0.6253611316488066,0.5407936167597136,0.5219945476637057,0.4991137732407366,0.6198021906324958,0.5675751967033911,0.5490045722685326,0.5433701516476555,0.6813306961360934
689,0.4797379285823393,0.6252668068542669,0.5399406923493816,0.5235168385653649,0.49701360194203376,0.6221604433622138,0.565137153451833,0.550448609205692,0.5414825450972999,0.6811610404366275
690,0.48434817885225206,0.6251065152741677,0.5390840223407749,0.5250292518800698,0.49494741377736934,0.6244534516448526,0.5626801242105302,0.551877682812491,0.5396162539616955,0.6809237270890482
691,0.48893692666356336,0.6248807975230615,0.5382248850911879,0.5265303735750889,0.4929196212854025,0.6266801691070789,0.560207937037533,0.5532900806756341,0.5377737524472426,0.6806186599417493
692,0.4934958509186006,0.6245902378679329,0.5373645465838505,0.5280188221059426,0.4909346664531095,0.6288397628843811,0.5577245729966053,0.5546841341628866,0.5359574464411386,0.6802456900958285
693,0.49801667889922907,0.6242354665899815,0.536504256866386,0.529493249994349,0.48899700732418877,0.630931604336894,0.5552341548665854,0.5560582207024023,0.5341696663899828,0.6798046224348158
694,0.502491214549877,0.623817162566243,0.5356452466174406,0.5309523452638429,0.48711110416692105,0.632955258791547,0.5527409350451664,0.5574107658933967,0.5324126605792284,0.6792952228824858
695,0.5069113668585171,0.6233360560480984,0.5347887238525746,0.5323948327327143,0.4852814052588477,0.6349104743848409,0.5502492826973796,0.5587402454447201,0.5306885888328985,0.6787172263429018
696,0.5112691782165624,0.6227929316116182,0.5339358707796066,0.5338194751646289,0.4835123323484861,0.6367971700856357,0.5477636702031424,0.560045186938669,0.5289995166505981,0.6780703452724046
697,0.5155568526367041,0.6221886312527171,0.5330878408127102,0.5352250742780178,0.48180826585689024,0.6386154229819507,0.5452886589620874,0.5613241714182006,0.5273474097965036,0.6773542788290191
698,0.5212986290751869,0.6203689486788592,0.5315609414601294,0.5376072695713348,0.47908527749074536,0.6408340797691461,0.5421343865526415,0.5632373854285405,0.5246958770748126,0.6771964625300657
699,0.5253838636507753,0.6196395243928393,0.530734946080675,0.5389527864919663,0.4775773809092167,0.6424888177384482,0.5396952822093151,0.564451042559607,0.523152400403173,0.6763059016867199
700,0.5293739970389307,0.618852272318382,0.5299172157402262,0.5402755018124717,0.47614934782712076,0.6440764204635226,0.5372828160627175,0.5656341090154855,0.5216524494434659,0.6753456806231855
701,0.5332622953253886,0.6180083418098344,0.5291087440079776,0.5415744114922252,0.47480515790560296,0.6455974884561203,0.5349017799665957,0.5667854196339718,0.5201974714701113,0.6743155113525362
702,0.5370423316178726,0.6171089582442792,0.5283104834373149,0.5428485526966897,0.47354866558179703,0.6470527017368124,0.5325569698845324,0.5679038691857414,0.5187887910970208,0.6732151490289572
703,0.5407080103480134,0.6161554261671524,0.5275233437419292,0.5440970039667892,0.4723835853436889,0.6484428046686572,0.5302531690762478,0.5689884128132802,0.5174276080924279,0.6720444035184305
704,0.5485894829684035,0.6156485736256421,0.5267253172046646,0.5457184546019543,0.47074977210032226,0.6517252049825083,0.5248352279964683,0.5710402877585898,0.515102038935002,0.6672466218924203
705,0.5518608137449067,0.614493369095419,0.5259663533282688,0.5469014397501089,0.46984713776008785,0.6529127677742326,0.5227077851388303,0.5720058032834959,0.5138729497396107,0.6658605147840198
706,0.5549960229247003,0.6132898713964816,0.5252223428825341,0.5480552514635303,0.46904900746246836,0.6540387293361914,0.5206408212015179,0.5729339897715304,0.5126939470574121,0.6644038416608513
707,0.5579910216991095,0.6120398030740766,0.5244939508428286,0.5491791568226233,0.4683582502757504,0.6551039560555235,0.5186387513055224,0.5738241042413821,0.5115656285591652,0.6628769774293881
708,0.5608421760252474,0.6107449824460339,0.5237817906894241,0.5502724649191476,0.46777751616834473,0.6561092896866221,0.5167058740680978,0.5746754617937404,0.5104884665776068,0.6612804199116534
709,0.5635463213339912,0.6094073255664234,0.5230864240328935,0.5513345263708228,0.46730922433531413,0.6570555341214437,0.5148463557656792,0.5754874350425842,0.5094628089764062,0.6596147998065865
710,0.5661007754833699,0.6080288478430095,0.522408360432373,0.5523647327694472,0.46695555224798857,0.6579434428298924,0.5130642149289554,0.5762594534319486,0.5084888804290358,0.6578808901934896
711,0.5685033498814557,0.6066116652773664,0.521748057402047,0.5533625160707728,0.46671842548543513,0.6587737070556076,0.5113633074421726,0.576991002446519,0.5075667840912688,0.6560796155079207
712,0.570752358710199,0.6051579952981706,0.5211059206005414,0.5543273479344575,0.46659950840334924,0.659546944847871,0.5097473122164158,0.5776816227246797,0.5066965036497505,0.6542120599227892
713,0.5728466261895402,0.6036701571601707,0.5204823041973062,0.5552587390224497,0.4666001956923904,0.6602636910053126,0.5082197175039397,0.5783309090828975,0.5058779057279714,0.6522794750703111
714,0.5747854918293009,0.6021505718834376,0.5198775114094962,0.5561562382641576,0.4667216048741693,0.6609243880015745,0.5067838079175891,0.5789385094605259,0.5051107426299666,0.6502832870436975
715,0.5765688136249528,0.6006017617098339,0.5192917952023474,0.5570194320966434,0.4669645697789793,0.6615293779571206,0.5054426522159662,0.5795041237942055,0.5043946554012001,0.6482251026210281
716,0.5781969691622387,0.5990263490561897,0.5187253591455911,0.5578479436880057,0.46732963504498604,0.6620788957150678,0.5041990919113446,0.580027502831169,0.5037291771853603,0.6461067146577733
717,0.5805210440153165,0.5944650808121666,0.5166055116023678,0.5604360591370048,0.46850024411135405,0.6624146671816702,0.5026198745298509,0.5807945553971926,0.502695536791247,0.644166171779252
718,0.5817193963516109,0.5928835862778202,0.5161065373689239,0.5611382672999009,0.4692656852248424,0.6628056265651284,0.5016540642026525,0.5812040607970794,0.5021918493629842,0.6418757595987544
719,0.5827698683624896,0.5912879600750715,0.5156265978282008,0.5618048456362125,0.47015221180919303,0.6631405280263536,0.5007941883054678,0.5815707771812655,0.5017365842774485,0.6395326530244393
720,0.5836753208394438,0.5896812818013804,0.5151656853196364,0.5624355990417043,0.4711588060657601,0.6634190046278658,0.5000418817338674,0.5818946952627913,0.5013287508024602,0.6371395340875521
721,0.5844390936379913,0.5880667092661809,0.5147237518896033,0.5630303634166949,0.47228415153138176,0.6636405678634618,0.49939850526561996,0.5821758494411442,0.500967274376062,0.634699289060594
722,0.5850649921059147,0.5864474734770501,0.5143007109032278,0.56358900506633,0.4735266357188505,0.6638046094796525,0.4988651408786489,0.5824143163332559,0.5006510015969491,0.6322150072824986
723,0.5855572714929015,0.5848268730866982,0.5138964387413563,0.5641114201425854,0.47488435391365924,0.6639104045941195,0.49844258817975196,0.5826102133089278,0.5003787053260995,0.629689978875608
724,0.5859206193927727,0.5832082683090617,0.5135107765738451,0.564597534132229,0.47635511411814146,0.6639571161003588,0.4981313619588024,0.5827636970387794,0.5001490898765761,0.6271276913468551
725,0.5861601362789857,0.5815950743160927,0.5131435322003508,0.5650473013943752,0.47793644312850486,0.6639438003395635,0.4979316908775777,0.5828749620623975,0.499960796268984,0.6245318250716616
726,0.5863576272289498,0.5797212350214348,0.5132204641700795,0.5650458925029282,0.4803185308082556,0.6640960442516841,0.49767720685824546,0.5831134866920675,0.4995926023723585,0.6193621804523529
727,0.5862972141089899,0.5781025616585856,0.5128943693524834,0.5654162364971161,0.48214803154840213,0.6639262865880735,0.49777033363758977,0.5831125298540853,0.4994961819412487,0.616710285108999
728,0.5861336621818205,0.5765009017144161,0.5125860686419295,0.5657502082142912,0.4840775595318353,0.6636926109857705,0.49797376544985233,0.5830703054372357,0.49943560382922236,0.6140403766525464
729,0.5858736762773632,0.5749198482664998,0.5122952340019623,0.5660478845757153,0.4861035161924878,0.6633936905576696,0.49828642185526856,0.582987158888342,0.4994093104404909,0.6113569356575025
730,0.5855242372303097,0.5733630073108726,0.512021514556652,0.5663093701178528,0.4882220734834759,0.6630281433874909,0.4987069489762761,0.582863466195127,0.4994157101976838,0.6086645871231081
731,0.5850925720146762,0.5718339882652069,0.5117645387085836,0.5665347968460659,0.4904291864489503,0.6625945454632112,0.49923372554387585,0.5826996327968332,0.499453182647978,0.6059680890021869
732,0.5845861226982102,0.5703363941289968,0.5115239162620407,0.5667243241449315,0.4927206066547884,0.6620914444939464,0.49986486996981727,0.5824960925558141,0.49952008349451654,0.6032723198114955
733,0.5840125143457555,0.5688738113382161,0.5112992405439698,0.5668781387438073,0.4950918964212874,0.6615173745296268,0.5005982484071005,0.5822533067924498,0.49961474953846674,0.6005822653725681
734,0.5833795220064742,0.5674497993543481,0.5110900905156169,0.5669964547356366,0.4975384437969132,0.6608708712970581,0.5014314837565007,0.5819717633850412,0.49973550351815604,0.5979030047370963
735,0.5826950369250676,0.5660678800299606,0.5108960328680691,0.5670795136463795,0.5000554782083445,0.6601504881607609,0.5023619655723089,0.5816519759356539,0.49988065883288013,0.5952396953556942
736,0.581967032121778,0.5647315267950954,0.5107166240952904,0.567127584551912,0.5026380867185588,0.6593548126122345,0.5033868608161969,0.5812944830022341,0.5000485241401047,0.5925975575534319
737,0.5812035274898882,0.5634441537105488,0.5105514125385967,0.5671409642386356,0.5052812308215359,0.6584824831870767,0.5045031254041257,0.5808998473966198,0.5002374078159613,0.5899818583796915
738,0.580412554562744,0.5622091044357592,0.5103999403968829,0.5671199774035466,0.5079797636993412,0.6575322067057322,0.5057075164875204,0.5804686555474342,0.5004456222700732,0.5873978949037448
739,0.5796021211049219,0.5610296411603856,0.5102617456973105,0.5670649768890117,0.5107284478648996,0.6565027757305592,0.5069966054065589,0.5800015169262069,0.5006714881069089,0.584850977030947
740,0.5787801756840412,0.5599089335497606,0.5101363642215155,0.5669763439470352,0.5135219731116973,0.6553930861294166,0.5083667912503814,0.5794990635344581,0.500913338126993,0.5823464099175139
741,0.5779545723808657,0.5588500477552661,0.5100233313828089,0.566854488527385,0.516354974689982,0.6542021546340848,0.5098143149563448,0.5789619494488685,0.5011695211624041,0.5798894760645396
742,0.5771330357957849,0.5578559355412522,0.5099221840501944,0.5666998495835702,0.519222051627742,0.652929136280604,0.5113352738781227,0.5783908504211277,0.5014384057420918,0.5774854171741841
743,0.5763231265094033,0.5569294235804308,0.5098324623154252,0.5665128953903262,0.5221177851138988,0.6515733416179881,0.5129256367505208,0.5777864635285037,0.5017183835835793,0.5751394158527825
744,0.5755322071539165,0.5560732029696822,0.5097537111996779,0.5662941238659734,0.5250367568606819,0.6501342535718067,0.5145812589773111,0.5771495068706891,0.5020078729086348,0.5728565772470152
745,0.5747674092501114,0.5552898190179768,0.5096854822967879,0.5660440628927811,0.5279735673621482,0.6486115438498203,0.5162978981672445,0.5764807193080346,0.5023053215814575,0.5706419107002202
746,0.574035600962272,0.5545816613575436,0.509627335350346,0.5657632706282758,0.5309228539661854,0.6470050887781698,0.518071229842648,0.575780860235872,0.5026092100688477,0.5685003115163865
747,0.5733433559199592,0.5539509544286123,0.5095788397622939,0.5654523358002996,0.5338793086781688,0.6453149844586018,0.5198968632446497,0.5750507093892566,0.5029180542226814,0.5664365429193996
748,0.5726969232516135,0.5533997483869288,0.5095395760309817,0.5651118779785341,0.536837695615665,0.6435415611398295,0.5217703571591449,0.5742910666721629,0.5032304078858235,0.5644552182946392
749,0.5721021989701885,0.5529299104818655,0.5095091371169688,0.5647425478151765,0.5397928680352294,0.6416853966993494,0.5236872356880714,0.5735027520048849,0.503544865323357,0.5625607837991268
750,0.5715646988455985,0.5525431169512972,0.5094871297351482,0.5643450272474855,0.5427397848543949,0.6397473291359067,0.5256430038914203,0.5726866051832028,0.503860063481689,0.5607575014250562
751,0.5710895328926708,0.5522408454774662,0.5094731755720489,0.5639200296549655,0.5456735265943858,0.637728467977222,0.5276331632266659,0.5718434857426957,0.5041746840787072,0.5590494325996925
752,0.5706813815965632,0.5520243682459164,0.5094669124274476,0.5634682999641263,0.5485893106719402,0.6356302045126327,0.5296532267139465,0.5709742728214997,0.5044874555287162,0.5574404224024018
753,0.570344473990252,0.5518947456471182,0.50946799527966,0.5629906146938959,0.5514825059717993,0.6334542207658463,0.5316987337573347,0.5700798650147458,0.504797154706366,0.555934084476842
754,0.5700825676907849,0.5518528206577663,0.5094760972741126,0.5624877819350249,0.5543486466349932,0.6312024971291046,0.5337652645549267,0.5691611802139254,0.5051026085541966,0.5545337867132633
755,0.5698989309925088,0.5518992139358487,0.5094909106350118,0.5619606412570979,0.5571834450019247,0.6288773185866299,0.535848454033223,0.5682191554244967,0.5054026955387784,0.5532426377723463
756,0.569796327106531,0.5520343196604953,0.5095121475001145,0.561410063537096,0.5599828036534698,0.6264812794622556,0.5379440052443146,0.567254746555151,0.5056963469606932,0.5520634745181221
757,0.569777000626206,0.5522583021443346,0.5095395406787878,0.5608369507038355,0.5627428264977944,0.6240172866336048,0.5400477021678071,0.5662689281723414,0.5059825481238415,0.5509988504232646
758,0.5698426662886149,0.5525710932426349,0.509572844333687,0.5602422353930271,0.5654598288553592,0.6214885611630055,0.5421554218630594,0.565262693213882,0.506260339369673,0.5500510250054568
759,0.5699945000917422,0.5529723905799,0.5096118345865424,0.5596268805081731,0.5681303464996056,0.6188986383035303,0.5442631459213029,0.5642370526557177,0.5065288169820671,0.5492219543486432
760,0.5702331328165238,0.5534616566108298,0.5096563100486498,0.5589918786830137,0.5707511436160333,0.6162513658470048,0.546366971171385,0.5631930351262704,0.5067871339685791,0.5485132827577697
761,0.5705586459920879,0.5540381185287004,0.509706092276776,0.5583382516417741,0.5733192196478223,0.6135509007895812,0.548463119597343,0.5621316864631467,0.5070345007237619,0.5479263355901917
762,0.5709705703314497,0.5547007690302356,0.5097610261552797,0.5576670494540281,0.5758318150017193,0.6108017042993861,0.5505479474306213,0.5610540692073903,0.507270185580173,0.5474621133012161
763,0.5714678866537051,0.555448367942017,0.5098209802053277,0.5569793496816106,0.5782864155936647,0.6080085349798878,0.5526179533845933,0.5599612620309348,0.5074935152525493,0.5471212867354026
764,0.5720490292974034,0.5562794447093659,0.5098858468221463,0.5562762564156064,0.5806807562194416,0.605176440431808,0.5546697860039765,0.5588543590933823,0.5077038751804415,0.5469041936891657
765,0.5727118920183639,0.5571923017444934,0.5099555424412989,0.5555588992021059,0.5830128227415432,0.6023107471256877,0.5567002501068465,0.557734469324773,0.5079007097743793,0.5468108367640522
766,0.5734538363537863,0.5581850186265894,0.5100300076350341,0.5548284318560739,0.5852808530894137,0.5994170486065191,0.5587063123020912,0.5566027156315545,0.5080835225703694,0.5468408825237768
767,0.5742717024231201,0.5592554571423538,0.5101092071397577,0.5540860311633361,0.587483337076161,0.5965011920610663,0.5606851055704183,0.5554602340235496,0.5082518762972311,0.5469936619617255
768,0.5751618221248784,0.5604012671513983,0.5101931298157232,0.5533328954713848,0.5896190150408014,0.5935692632876941,0.5626339329022686,0.5543081726603174,0.5084053928609433,0.5472681722792581
769,0.5761200346774706,0.5616198932568838,0.510281788540045,0.5525702431703745,0.5916868753309822,0.5906275701175222,0.5645502699912766,0.5531476908159284,0.5085437532498263,0.5476630799687278
770,0.5771417044412057,0.5629085822577905,0.5103752200341415,0.5517993110663644,0.5936861506469377,0.5876826243445588,0.5664317669871528,0.5519799577618116,0.508666697364004,0.5481767251887757
771,0.5782217409479817,0.564264391355346,0.5104734846267271,0.5510213526495407,0.5956163132731427,0.5847411222310682,0.5682762493170529,0.550806151567968,0.5087740237722065,0.5488071274131533
772,0.5793546210548364,0.5656841970823822,0.5105766659534787,0.5502376362608143,0.5974770692296776,0.58180992366273,0.5700817175896031,0.5496274578235025,0.508865589398572,0.5495519923281238
773,0.5805344131275726,0.5671647049207826,0.5106848705944829,0.5494494431608477,0.5992683513807159,0.5788960300361331,0.5718463466007321,0.5484450682780705,0.5089413091417041,0.550408719947425
774,0.5817548031511316,0.5687024595687291,0.5107982276505917,0.5486580655061895,0.6009903115427279,0.5760065609687544,0.5735684834653143,0.5472601794064822,0.5090011554278371,0.5513744139078685
775,0.5830091226542776,0.5702938558161809,0.5109168882597994,0.547864804237818,0.6026433116399564,0.5731487299287517,0.575246644903301,0.5460739908993433,0.5090451576995545,0.552445891902935
776,0.584290378327606,0.5719351499839487,0.5110410250547581,0.5470709668879636,0.6042279139594273,0.5703298188886327,0.5768795137134964,0.5448877040832276,0.5090734018411249,0.5536196972062444
777,0.5855912832058354,0.573622471878873,0.511170831562559,0.5462778653116601,0.6057448705622016,0.5675571521131016,0.5784659344724165,0.5437025202744947,0.5090860295411315,0.5548921112315499
778,0.5869042892779144,0.5753518372149706,0.5113065215479028,0.5454868133499654,0.6071951119116804,0.5648380691970649,0.5800049084996616,0.5425196390714265,0.5090832375927131,0.556259167070945
779,0.5882216213816637,0.5771191604480452,0.5114483283008081,0.5446991244323021,0.6085797347836135,0.5621798974749276,0.5814955881350258,0.541340256589935,0.5090652771313954,0.5577166639483393
780,0.5895353122335049,0.5789202679691303,0.5115965038700143,0.5439161091257996,0.6098999895258922,0.5595899239268374,0.5829372703760052,0.5401655636485994,0.5090324528101723,0.5592601825209426
781,0.591500916224011,0.583105875749469,0.5113429225686409,0.5435756522499376,0.6120137093767268,0.5557015119547092,0.585005559227671,0.5379319668269937,0.5088717749776898,0.5610770856923518
782,0.5927646049378921,0.5849991402140502,0.5114976218553744,0.5427884471356658,0.6131870843188189,0.5533201305791631,0.5863089649529254,0.5367862622967147,0.5088131830554534,0.5627802062188016
783,0.5939953049191682,0.5869098117192503,0.5116595678609848,0.5420103240572923,0.6143009972974218,0.5510320255003722,0.587562024161573,0.5356494827180016,0.508741480745774,0.5645531786550388
784,0.5951846477174976,0.5888334432193559,0.5118291025275811,0.5412425709976062,0.6153572241213067,0.5488439335134466,0.588764602459941,0.534522757369911,0.5086571851920558,0.5663908787891208
785,0.5968915265616449,0.5902423876334798,0.5125770096632054,0.5393157053853368,0.6165967765827933,0.5458687197422949,0.5904406199750263,0.5333365927737649,0.5086146533027247,0.5700169061395459
786,0.5979469569533472,0.5921580741693322,0.5127792656019002,0.5386023062253069,0.6175094103992083,0.5439511083129354,0.5915311783250388,0.5322269772825103,0.5084904139708644,0.572023225671012
787,0.5989325242778138,0.5940725180787333,0.5129905287202676,0.537903750825429,0.6183715844730119,0.5421550941653221,0.5925714122466548,0.531131090356847,0.5083554829833903,0.5740745458224366
788,0.5998402194254405,0.5959813830829002,0.513211176819937,0.537221209947197,0.6191852923913972,0.540486320138164,0.5935615528116431,0.5300499872349196,0.5082105984323312,0.576165267693501
789,0.600662218115407,0.5978803837368377,0.5134415960221563,0.5365558258710524,0.6199525344009186,0.5389501097168169,0.594501889743762,0.5289846985980039,0.5080565400551953,0.5782897560217345
790,0.601390917511966,0.5997652986179697,0.513682179492856,0.5359087099581509,0.6206753026003131,0.5375514423346839,0.5953927619075507,0.5279362286943685,0.5078941276431554,0.5804423585483001
791,0.602387470108241,0.6010211190669679,0.514557151315227,0.5342506712888402,0.6214465068579561,0.5357519584515916,0.5965703677424925,0.5268543602653313,0.5077633270308661,0.5845753421905857
792,0.602857515376902,0.6028393245875256,0.5148387861015538,0.5336783269995194,0.6220600336396169,0.5347079680101787,0.5973538640715671,0.5258382759800769,0.507570775501624,0.5867958850015509
793,0.6032102330129662,0.6046306798610036,0.5151320823036192,0.5331279177591816,0.6226362953365945,0.5338157698588337,0.5980892143254583,0.5248421731152884,0.5073727753092407,0.5890238264750792
794,0.6038406111501948,0.6050222185035465,0.5167986008909669,0.5307861873769433,0.623229044969208,0.5324513590899043,0.5992524161326627,0.5237783320990763,0.5072393651981122,0.5952556139063574
795,0.6038170121332175,0.6066912464157136,0.5171582024329512,0.5303571893197746,0.6236929165522588,0.5320142701647977,0.5998752485772174,0.522818601452432,0.5070021763616512,0.5975075027246036
796,0.6036544559262937,0.6083216801749538,0.51753113903201,0.529953517333416,0.6241269904528186,0.5317387521513067,0.6004514256058624,0.5218819499305588,0.5067632252757301,0.5997430295905559
797,0.6033484962907376,0.6099103103840163,0.5179177546231333,0.5295758443517499,0.6245325744150403,0.5316261236952049,0.6009813502561492,0.5209691493610407,0.5065236545800176,0.6019570753850949
798,0.6028951887014383,0.6114540784598647,0.518318386441543,0.5292247925612754,0.6249108482065885,0.5316771971362358,0.6014654002518227,0.5200809318864232,0.5062846287377823,0.6041446825681444
799,0.6022911108327678,0.6129500837518671,0.5187333635459581,0.5289009322071646,0.6252628558883229,0.5318922705785311,0.6019039218757457,0.5192179887688575,0.5060473315483938,0.6063010691574753
800,0.6015333808356849,0.6143955899125367,0.5191630053348559,0.5286047805364951,0.6255894990304356,0.5322711220298798,0.6022972244528982,0.5183809693094854,0.5058129635788047,0.6084216417383952
801,0.6006196733258602,0.6157880304982012,0.5196076200590709,0.528336800882007,0.625891530908374,0.5328130056535014,0.6026455754763472,0.5175704798878159,0.5055827395169072,0.6105020074543415
802,0.5995482330131182,0.6171250137808485,0.5200675033341515,0.5280974018890773,0.6261695517065555,0.5335166501661093,0.6029491964047221,0.5167870831257239,0.5053578854501944,0.6125379849338376
803,0.5983178859132747,0.618404326756379,0.5205429366559892,0.5278869368879789,0.6264240047524122,0.5343802594059843,0.6032082591552292,0.5160312971800636,0.5051396360737033,0.6145256141149527
804,0.5969280480945018,0.6196239383385479,0.5210341859233203,0.5277057034128427,0.6266551737977457,0.535401515084541,0.6034228833116189,0.515303595167223,0.5049292318317667,0.6164611649342382
805,0.5932957116545652,0.6247689264612746,0.5208839587916616,0.5283332103134684,0.6274788015186852,0.5382075711926386,0.6040122338461272,0.5132936448710969,0.5044021224201439,0.6184234035265181
806,0.5914184742616061,0.6257984030642104,0.5213897741949873,0.528188992037139,0.6276427496282688,0.5396968951527689,0.6040669094242507,0.5126838533793072,0.5042591511881274,0.6201713769260248
807,0.5893850546360833,0.6267600210700689,0.52191233013216,0.528074911370621,0.6277822268463343,0.541329083302225,0.6040773073726762,0.512103623299326,0.5041292952291933,0.6218566239866014
808,0.5871978913142364,0.6276527401227846,0.5224518295474403,0.5279910450734551,0.6278967942590583,0.5430992765696769,0.6040432484530421,0.5115531557359003,0.5040137340695516,0.6234766190051939
809,0.582752324995177,0.6265044240260558,0.524837729246005,0.5271874083591533,0.6276643834453643,0.546635208716134,0.6034454655697624,0.5110706443164539,0.5038746025261637,0.6281409739342229
810,0.5801354889630355,0.6271913264004039,0.525465209601593,0.5272457485634392,0.6277023089984483,0.5487746701840307,0.6033014078307489,0.5105787060171781,0.5037693638557292,0.6295580519186299
811,0.57738071829745,0.6278085253575743,0.5261100889866221,0.5273336967333342,0.6277126208886944,0.5510289287208072,0.6031115052941666,0.5101168964481283,0.5036827362434307,0.6309007757633641
812,0.5744932625158855,0.6283558206623342,0.5267723997293126,0.527450996567211,0.6276940775863689,0.5533910656358846,0.6028753692989537,0.5096852360831418,0.503615850784833,0.6321679162003104
813,0.5714788921289943,0.6288331759070501,0.5274521436903576,0.5275973397790684,0.6276453154993668,0.5558538080505605,0.6025925766572977,0.5092837032558168,0.5035698105894673,0.6333584914993915
814,0.5683438781771214,0.6292407125146517,0.528149291164753,0.5277723672684519,0.6275648581634282,0.558409555188737,0.6022626751860218,0.5089122351700448,0.50354568766168,0.6344717622293902
815,0.5650949697025198,0.6295787031501462,0.528863779839832,0.5279756704024954,0.6274511262048924,0.5610504061179402,0.6018851897764502,0.5085707290216807,0.5035445198148899,0.6355072250004392
816,0.5617393692606042,0.629847564581823,0.5295955138129643,0.5282067924040336,0.6273024480205267,0.5637681888231425,0.6014596289603124,0.5082590432254442,0.5035673076290349,0.6364646052362294
817,0.5582847065820459,0.6300478500358451,0.5303443626722634,0.5284652298394517,0.6271170711153091,0.5665544904893415,0.6009854919260602,0.5079769987406685,0.5036150114610624,0.6373438490285458
818,0.5531284374886164,0.6289935806930527,0.5322334509305138,0.528728914028509,0.6266667263488497,0.5705675650728972,0.59988242977334,0.5077656350807036,0.5036470819380132,0.6391901795223963
819,0.5494676199480636,0.6290291865696872,0.533042887512964,0.5290775906175247,0.6263873842468896,0.5734854117619237,0.5992955436874389,0.5075414377512536,0.5037386218413442,0.6398750146936187
820,0.5457374882356492,0.6289994437450599,0.5338685997720838,0.5294512121562174,0.6260647287715748,0.5764413749908301,0.5986584272952947,0.5073460308341967,0.5038580530464629,0.6404827515347365
821,0.5419472107070462,0.6289053642639617,0.5347102755841605,0.5298490596420412,0.6256967500632803,0.5794263724559443,0.5979706515027291,0.5071791047912699,0.5040061455781724,0.6410142508242438
822,0.5381062103758155,0.6287480460969713,0.5355675646733192,0.5302703775768601,0.6252814302356756,0.5824312619795465,0.5972318212207736,0.5070403211833359,0.5041836141799425,0.6414705377919762
823,0.5342241298306375,0.6285286636317432,0.536440078194805,0.5307143759751589,0.6248167575395642,0.5854468762346473,0.5964415838965806,0.5069293144230307,0.5043911158547184,0.6418527893373104
824,0.5303107953518111,0.6282484580466766,0.5373273884006377,0.5311802324172545,0.6243007406487234,0.5884640576068214,0.5955996380907324,0.5068456935699984,0.5046292475298244,0.6421623208253499
825,0.526376180384963,0.6279087276205128,0.5382290283893432,0.5316670941404934,0.623731422991333,0.5914736930399389,0.5947057420416962,0.5067890441603619,0.504898543854606,0.642400572539005
826,0.5224303685319991,0.627510818031322,0.5391444919412436,0.532174080161596,0.6231068970505258,0.5944667487126047,0.5937597221581223,0.5067589300620993,0.505199475139062,0.6425690958658634
827,0.5184835162206004,0.6270561126979378,0.5400732334405137,0.5327002834234756,0.622425318557947,0.5974343043927955,0.5927614813799637,0.5067548953480265,0.5055324454412344,0.6426695392992899
828,0.5123914132456134,0.6273609846721947,0.540637825881396,0.5335378654184479,0.6212171238765559,0.6021108487256427,0.5915786262607281,0.5067595924499265,0.5063730832119347,0.6421238548904378
829,0.5084806341896424,0.6267689007724001,0.541578325074181,0.5340862645489013,0.620376659197336,0.6049726540847205,0.590439765531172,0.5068326391203946,0.5068111679177427,0.6420609287600967
830,0.5024934325334283,0.6268349857903017,0.5421402982586727,0.5349388707018629,0.6188670131922921,0.6094338897009091,0.5890738750955197,0.5069803200974046,0.5078727282383174,0.6412802305974981
831,0.4986821555963083,0.6261154851106677,0.5430884461745537,0.5355050048008881,0.6178594233957088,0.6121356629569272,0.5877951492115059,0.5071266532809511,0.5084164631666636,0.6410646042725967
832,0.49493019998054427,0.6253480721668165,0.5440461319034491,0.5360851898287515,0.6167868783200987,0.6147615978173715,0.5864649757530528,0.5072957622011599,0.5089928595513556,0.6407917781436372
833,0.49124721745295125,0.6245342362003293,0.5450125685832736,0.5366784399018384,0.6156484203255028,0.6173044807146125,0.5850839855105745,0.507487072260919,0.5096017687527304,0.640463591614813
834,0.48764264136372737,0.6236754333401789,0.5459869319654528,0.5372837593917953,0.6144432494451503,0.6197574601700028,0.5836529458165716,0.5077000043140776,0.5102429675381406,0.6400818718327769
835,0.48221412698964616,0.623296256762243,0.5465417582759122,0.5381750650343574,0.612244638613107,0.6235002349849096,0.5819160010422125,0.5081020595354896,0.5117303567926814,0.638851460126674
836,0.4788399842188175,0.6223322932509348,0.5475130493387832,0.5387870693835008,0.6108622360192366,0.6256929796540428,0.580353145333117,0.5083791753681071,0.5124740236048972,0.6383398570582103
837,0.47557509096429246,0.6213283649947315,0.548489284145898,0.5394079427691172,0.6094124569455658,0.6277745895509425,0.5787435634216663,0.5086757425638541,0.513248392232063,0.6377805947902565
838,0.47242751355225154,0.6202857375769342,0.54946949391006,0.5400366916963276,0.6078953507119088,0.6297401393946811,0.5770886831743024,0.5089911668618535,0.5140528811560016,0.6371752648742566
839,0.46940493363602376,0.6192056073272244,0.5504526769765996,0.5406723237271267,0.6063111651347567,0.6315851830392031,0.575390089840851,0.509324858403884,0.5148868359135027,0.6365253904193863
840,0.4665146230121182,0.6180890966392084,0.551437799950559,0.5413138494124988,0.6046603517777662,0.6333057682482659,0.5736495269432228,0.5096762331122179,0.5157495299394728,0.6358324182591443
841,0.46376342025025985,0.6169372499384626,0.552423798900575,0.5419602841930343,0.6029435702744442,0.6348984493646147,0.5718688963556146,0.5100447139946851,0.5166401655885043,0.6350977119197406
842,0.4611577092218573,0.6157510303171968,0.5534095806367342,0.5426106502670025,0.6011616917001339,0.636360297823504,0.5700502575653195,0.5104297323760204,0.5175578753309814,0.634322545421117
843,0.4587033996020598,0.614531316847854,0.5543940240594718,0.5432639784251514,0.5993158009753288,0.637688910470658,0.568195826107909,0.5108307290551596,0.5185017231191786,0.6335080979363847
844,0.45640590941099973,0.6132789025841447,0.5553759815764272,0.5439193098518238,0.5974071982873354,0.6388824156549244,0.5663079711752708,0.5112471553887507,0.5194707059182171,0.6326554493303419
845,0.45427014965004375,0.611994493254144,0.5563542805839733,0.5445756978922269,0.5954373995223213,0.6399394770761451,0.5643892123996707,0.5116784743017248,0.5204637553961478,0.6317655765925175
846,0.45230051107891156,0.6106787066462446,0.5573277250100301,0.5452322097859692,0.5934081357048366,0.6408592953790876,0.5624422158217087,0.5121241612263345,0.5214797397668965,0.6308393511749547
847,0.45050085316943445,0.6093320726848858,0.558295096914596,0.5458879283671632,0.5913213514468858,0.6416416074946042,0.5604697890546549,0.5125837049715946,0.522517465779288,0.6298775372396506
848,0.4488744952615434,0.607955034189207,0.559255158144353,0.5465419537316094,0.5891792024136318,0.642286683739488,0.5584748756622264,0.5130566085255618,0.5235756808449086,0.6288807908153455
849,0.447424209936892,0.6065479483040134,0.5602066520375756,0.5471934048716995,0.5869840518176973,0.6427953226966876,0.5564605487713125,0.5135423897933571,0.5246530752971346,0.6278496598581274
850,0.4461522186153174,0.6051110885887776,0.5611483051755023,0.5478414212798006,0.5847384659588347,0.6431688439075807,0.554430003945483,0.514040582274247,0.5257482847732767,0.6267845852051785
851,0.4445984969258415,0.6003633189305815,0.5651610863494676,0.549279259078734,0.5814604470744658,0.6432605620412177,0.549138512244527,0.5148985083603766,0.5264359903622632,0.6256886138316496
852,0.44387919716100305,0.5988245163329878,0.5661000942542567,0.5499394213210528,0.5790789527434604,0.6432692603191651,0.5471199745440828,0.5154140949864706,0.5275353419559301,0.6245428146332369
853,0.4433414590224856,0.5972553129543721,0.5670236709259071,0.5505922709156098,0.5766566177215751,0.6431533736886964,0.5451004812569408,0.5159406776970756,0.5286472827042488,0.6233646750457067
854,0.44298474982396113,0.5956555752504137,0.5679304679601268,0.5512370317009568,0.5741969548113351,0.6429165899250867,0.5430836461093859,0.5164779041068465,0.5297702429094673,0.6221541899927433
855,0.44280800561529693,0.5940251168376142,0.5688191318820844,0.5518729571576529,0.5717036429910632,0.6425630300942208,0.5410731432186302,0.5170254404688898,0.530902613060081,0.6209112657400161
856,0.44280964170399917,0.5923637047680524,0.5696883061053009,0.5524993318399964,0.5691805168742023,0.6420972277395677,0.5390726961108592,0.517582972042631,0.5320427468221064,0.619635726107784
857,0.44298756508917053,0.5906710662057285,0.5705366329039321,0.5531154727847558,0.5666315554744674,0.6415241064656801,0.537086066360632,0.5181502034345874,0.5331889640878172,0.6183273193470513
858,0.4433391887299705,0.588946895462612,0.5713627553947699,0.5537207308972282,0.5640608703302058,0.6408489560260341,0.5351170419055234,0.5187268589165374,0.5343395540726003,0.6169857256310188
859,0.4438614475631195,0.5871908613507116,0.572165319525345,0.5543144923146355,0.5614726930440863,0.6400774070292868,0.5331694250916978,0.5193126827254535,0.5354927784506478,0.6156105651104153
860,0.444550816177032,0.5854026148048951,0.5729429760646498,0.554896179746588,0.558871362296677,0.6392154043836548,0.5312470205076505,0.5199074393494414,0.536646874520368,0.6142014064784075
861,0.44540332804370886,0.5835817967298478,0.5736943825930647,0.5554652537919574,0.5562613103945738,0.6382691796041468,0.5293536226644977,0.5205109138036813,0.5378000583905401,0.6127577759882222
862,0.4464145962036227,0.5817280460235064,0.5744182054882258,0.55602121423115,0.5536470494155257,0.6372452221118221,0.527493003582084,0.5211229119001407,0.5389505281784943,0.611279166864402
863,0.4475798352934932,0.5798410077284838,0.5751131219036599,0.556563601292345,0.5510331570144352,0.6361502496580193,0.5256689003406769,0.5217432605144914,0.5400964672118501,0.6097650490467391
864,0.4498772911848542,0.5761671596166686,0.5772600010632011,0.5573572511234413,0.5480023780732363,0.6343947645290405,0.5225606041103013,0.522672504771433,0.5408574989491285,0.607981421255973
865,0.45194816557877615,0.5739561328229476,0.5770238332268829,0.5581236487470623,0.5432189918432593,0.6325130061021709,0.5204633335535449,0.5236400886666394,0.5434831932340775,0.6050186044501131
866,0.4536743090950947,0.5719323404828224,0.57759015929697,0.5586079495370224,0.5406530734499698,0.6312046570685935,0.5188212817852529,0.5242924639949658,0.5445927351786999,0.6033574466554351
867,0.4555253684248818,0.5698738636629539,0.5781211849530237,0.559077009668146,0.5381109166509727,0.6298612256837846,0.5172334490145676,0.5249526620231698,0.5456885610003332,0.6016581467627236
868,0.4574946908080901,0.5677805582587693,0.5786156928043928,0.5595306371883487,0.5355971841568179,0.6284901469583208,0.5157031070984569,0.5256206417329105,0.5467688316047082,0.5999202486751544
869,0.4603756528661997,0.5652806242015121,0.5781067774155351,0.5602268221191563,0.5310130796256264,0.6263367024642337,0.5138458483868122,0.5266088130278783,0.5493707301984084,0.5966973960100161
870,0.4626060247226555,0.5631081218833233,0.578490050077848,0.5606341102930857,0.5286130776357029,0.6249173377233189,0.5124384480728388,0.5272999921884487,0.5504185507552293,0.5948504166143437
871,0.46492990434237147,0.5609012614834384,0.5788328912856691,0.5610261206442371,0.5262585226264933,0.6234965835033672,0.5110987601711879,0.5279988023938231,0.5514440712762285,0.592963340043968
872,0.46927623970941046,0.5576685466213895,0.5770279062377364,0.5619371422548098,0.5200321146229934,0.6205127943933366,0.5091078096388275,0.5292862119149977,0.5555328814917605,0.5880147733565584
873,0.47182830463054604,0.5553764300033627,0.5772154227676831,0.5622735552064724,0.5178944628706197,0.6191122920669304,0.5079147185505793,0.5300140618520759,0.5565071358357888,0.5859854434238805
874,0.4744439202520412,0.5530520817354762,0.5773586949871392,0.5625962297520967,0.5158206208203564,0.6177393762583056,0.5067991021901526,0.5307494687234037,0.5574513412216971,0.5839153419524077
875,0.4898798986953575,0.5379934434761766,0.5846065809761013,0.5630479737149581,0.5112535771191212,0.6123669553068005,0.5026594171422688,0.5353111003111775,0.5551834930999444,0.5756024694054279
876,0.49273718565334096,0.5354434342138235,0.5845469800467985,0.5633152363541747,0.5094355761208945,0.6113296314075162,0.5022739458444323,0.5360883808165834,0.555846768779722,0.5733599162702749
877,0.49560616655473133,0.5328650581040095,0.5844365667184502,0.5635688118016596,0.5076998735111422,0.6103565846167831,0.5019749154528942,0.5368761140505401,0.5564709348223693,0.5710832326699087
878,0.49847992952225306,0.5302598032065885,0.5842746513972799,0.5638092326599904,0.5060493743796136,0.6094521752401367,0.5017626393980323,0.5376747090216171,0.5570545778096373,0.5687736364851228
879,0.5013517488478352,0.5276292936006871,0.584060591680861,0.5640370851373978,0.5044867762553068,0.6086203903310279,0.5016372234724009,0.5384846020137297,0.5575963299401354,0.5664324891146026
880,0.5042151037447204,0.5249752884575165,0.5837937935867927,0.5642530085402888,0.503014562805848,0.6078648306552985,0.5015985668285862,0.5393062563792579,0.5580948710683094,0.5640612966067817
881,0.5070636957393995,0.522299680417814,0.583473712743687,0.5644576946030084,0.5016349983685695,0.6071886994677952,0.501646363756044,0.5401401622412957,0.5585489306810577,0.5616617100055303
882,0.5098914646522188,0.5196044932786342,0.5830998555442146,0.5646518866477039,0.5003501233222973,0.6065947931315094,0.5017801062221854,0.5409868360969178,0.5589572898138943,0.5592355249040307
883,0.5126926031232043,0.5168918789977556,0.5826717802599447,0.5648363785676076,0.4991617503047515,0.6060854936009331,0.5019990871591675,0.5418468203134583,0.5593187829087757,0.5567846802055251
884,0.5154615696474715,0.514164114027399,0.5821890981176411,0.5650120136275355,0.49807146127636465,0.6056627627825725,0.5023024044741533,0.5427206825099343,0.5596322996158518,0.5543112560938742
885,0.5181931000924358,0.5114235949923308,0.5816514743366245,0.5651796830759753,0.4970806054272922,0.6053281387768545,0.5026889657572511,0.5436090148159956,0.5598967865415038,0.5518174712211078
886,0.5208822176769379,0.5086728337307024,0.5810586291267358,0.5653403245637816,0.4961902979204787,0.6050827339970519,0.5031574936579905,0.5445124330010889,0.5601112489451137,0.5493056791233045
887,0.5235242414002438,0.5059144517191173,0.5804103386463471,0.5654949203652054,0.49540141945980404,0.6049272351523186,0.5037065318979971,0.545431575466916,0.560274752387026,0.5467783638801951
888,0.5261147929166896,0.5031511739064758,0.579706435919796,0.5656444953977888,0.49471461666865707,0.6048619050736104,0.5043344518845616,0.5463671020967371,0.5603864243301724,0.5442381350378603
889,0.5286498018594195,0.500385821983994,0.5789468117134845,0.5657901150384657,0.4941303032607272,0.6048865863530744,0.5050394598870391,0.547319692955598,0.5604454556977482,0.5416877218176827
890,0.5395904970380551,0.4894171496801383,0.5825676516689876,0.5641046470422801,0.496064462694731,0.6071624432267181,0.5134927608696915,0.5527364337782292,0.5536793283288589,0.5319273090321539
891,0.5418036774548575,0.48663151192300635,0.5816056622310514,0.5642300236849721,0.4957513050228892,0.6075887502442636,0.5147146756249145,0.5538034573024259,0.5534352228597054,0.5294361955562746
892,0.5439439179176584,0.4838608319572461,0.5805872912503302,0.564354402526308,0.4955392919963383,0.6080904285975679,0.5159917998058886,0.5548943293109796,0.5531373571697732,0.5269542352880657
893,0.5460093415929109,0.4811086534003254,0.5795127421688252,0.5644789181328839,0.49542772006973423,0.6086646755235237,0.5173212124250074,0.5560099088399718,0.552785457774524,0.524484601088386
894,0.5479983677628437,0.47837855481943764,0.578382278934263,0.5646047283276175,0.49541567404645487,0.6093083665788818,0.518699922361962,0.5571510536697826,0.552379327561448,0.5220305088694159
895,0.5506299629200829,0.47413235013436306,0.5754039012554678,0.5652414197470066,0.49510332397809337,0.6101937379250446,0.5198147792522759,0.5586855063295105,0.5527203477157897,0.5184429413210101
896,0.5524226620315513,0.4714836260336381,0.5741227599157468,0.5653803117653227,0.4953746755766756,0.6110055535585175,0.5212830064260541,0.5598902604508129,0.5521809208544495,0.5160296800225086
897,0.5541355301706822,0.4688698245269365,0.5727873507775519,0.5655253891466484,0.4957404773293841,0.6118745035246324,0.522791177686022,0.5611230921216188,0.5515867697404226,0.5136433084990375
898,0.5557682101355887,0.4662944891297893,0.57139823881114,0.5656778909545974,0.49619888365700987,0.6127962264717514,0.524336130990904,0.5623847983280059,0.550938045898796,0.5112871441458119
899,0.5573205876366609,0.4637611333642999,0.5699560529839048,0.5658390574979538,0.49674787947324384,0.6137661448449327,0.5259146869754774,0.5636761559942718,0.5502349833359153,0.508964491993773
900,0.5587927786145844,0.4612732291915388,0.5684614866273985,0.5660101259887049,0.4973852887867978,0.6147794870675382,0.5275236588144023,0.5649979180003728,0.5494778995395083,0.5066786338337711
901,0.5601851158592669,0.45883419553699617,0.5669152977485309,0.5661923260752313,0.49810878357926874,0.6158313102792146,0.5291598618377339,0.5663508090891707,0.5486671964253091,0.5044328173199535
902,0.5614981350177386,0.4564473869588313,0.5653183092817363,0.5663868752645621,0.498915892913494,0.616916523522199,0.5308201228558196,0.5677355216766361,0.5478033612274971,0.5022302451023521
903,0.5627325600804535,0.45411608250764957,0.5636714092788231,0.5665949742487425,0.4998040122274205,0.6180299112674119,0.5325012891535253,0.5691527115793134,0.5468869673299269,0.5000740640381885
904,0.5638892884362698,0.4518434748253158,0.5619755510331215,0.5668178021514185,0.5007704127690312,0.619166157171804,0.5342002371161866,0.5706029936744409,0.5459186750347667,0.49796735453071617
905,0.5649693755867764,0.4496326595288571,0.5602317531345341,0.5670565117118005,0.5018122511286082,0.6203198679589861,0.5359138804523209,0.5720869375091903,0.5448992322648406,0.495913120043448
906,0.5663221917558615,0.4459966274069267,0.5563885841838838,0.5679436069945991,0.5033222755220578,0.6220134924441473,0.5372669801193839,0.5741662162545252,0.5443073380483893,0.4931525074801294
907,0.5672166800096133,0.44396820881477933,0.5545225708491193,0.5682377721525436,0.5045758276299607,0.6232040286771512,0.5389965103545894,0.5757296634400331,0.5431624608785841,0.4912268888165335
908,0.5680391068740422,0.44201151402102046,0.5526131093731,0.5685523574365525,0.5058934496760353,0.6243935094779648,0.5407318215534471,0.577327848083775,0.5419692613310669,0.4893635644562093
909,0.5692323646561086,0.43972417314831225,0.5507876655362058,0.5685648768097069,0.5081112922623252,0.6261727568018701,0.544613144593752,0.5799677639042469,0.5390786826913989,0.4864337415935479
910,0.569880856255665,0.43794063805132416,0.54878101813201,0.5689220486447566,0.5095401068716355,0.6273172031081274,0.5463544644355486,0.5816615452153227,0.5377727126374959,0.484753306706566
911,0.5704632187484122,0.4362369143847826,0.5467354153150418,0.5693020451680278,0.5110219739886407,0.6284411782554893,0.548090514142882,0.5833913411047441,0.53642330075018,0.4831434644587163
912,0.5709812113570234,0.4346149887107109,0.5446523906181647,0.5697056294010678,0.5125534759207228,0.6295395125876385,0.5498187423302356,0.5851572044696314,0.5350319116973552,0.48160626012857893
913,0.5714366130565472,0.43307667481326984,0.5425335395901346,0.5701334949353675,0.5141311639726298,0.6306071630989954,0.5515366866484839,0.5869591043229576,0.533600100399701,0.48014358246290656
914,0.571831208621276,0.4316236080021,0.5403805189763734,0.5705862616205807,0.5157515668449175,0.6316392330674665,0.5532419767384462,0.588796921964842,0.5321295118069579,0.47875715721345014
915,0.5721667752244513,0.43025724005812416,0.5381950457969105,0.5710644714252145,0.5174111987521337,0.6326309907892868,0.5549323366053734,0.5906704473302636,0.530621880550165,0.47744854125311986
916,0.5724450696524565,0.4289788348375355,0.5359788963193157,0.5715685844926168,0.519106567239445,0.6335778873483958,0.5566055864188614,0.5925793755356377,0.529079030463799,0.476219117292596
917,0.5726678161904886,0.42778946454656,0.5337339049247006,0.5720989754148101,0.5208341806789392,0.6344755733582753,0.5582596437460159,0.5945233036464275,0.5275028739717913,0.4750700892154441
918,0.5728366952318622,0.4266900066963921,0.5314619628651248,0.5726559297463476,0.5225905554294049,0.6353199146198674,0.5598925242289242,0.5965017276876089,0.5258954113314629,0.4740024780466846
919,0.5729533326580555,0.42568114174453237,0.5291650169110425,0.5732396407798465,0.5243722226459457,0.6361070066450648,0.5615023417206224,0.5985140399183039,0.5242587297295247,0.4730171185666121
920,0.5730192900313954,0.42476335142558547,0.5268450678877219,0.5738502066042196,0.5261757347283673,0.6368331880012492,0.5630873078967285,0.6005595263912489,0.5225950022244276,0.47211465657852264
921,0.5730360556369537,0.4239369177714398,0.5245041690999032,0.5744876274658394,0.5279976713998055,0.6374950524384575,0.5646457313627928,0.6026373648170186,0.5209064865295517,0.47129554683583386
922,0.5730050364047631,0.42320192281765157,0.5221444246442736,0.5751518034519758,0.5298346454095693,0.638089459766917,0.5661760162800786,0.6047466227519996,0.5191955236319374,0.47056005163095993
923,0.5729275507379847,0.42255824898983474,0.5197679876097184,0.5758425325148152,0.5316833078566395,0.6386135454588969,0.5676766605350405,0.6068862561281055,0.5174645362415553,0.4699082400452008
924,0.5728048222670827,0.4220055801608817,0.5173770581656398,0.5765595088532219,0.533540353132631,0.6390647289550334,0.5691462534800786,0.6090551081410586,0.5157160270664164,0.46933998785585723
925,0.5726379745445146,0.4215434033669842,0.5149738815390101,0.5773023216681153,0.5354025234853473,0.6394407206614748,0.570583473275282,0.6112519085127869,0.5139525769091873,0.4688549780938113
926,0.5724280266889058,0.421171011167651,0.5125607458812175,0.5780704543059643,0.5372666132062711,0.6397395276303257,0.5719870838628044,0.6134752731420997,0.5121768425813801,0.4684527022419125
927,0.5721758899821978,0.4208875046322593,0.510139980026115,0.5788632838033928,0.5391294724474376,0.639959457921925,0.5733559316072074,0.6157237041562903,0.5103915546316143,0.46813246206171033
928,0.5716731397066055,0.4190648613581125,0.5012181633187848,0.5822796429592614,0.5441542284678524,0.6410471738082903,0.5730936497759997,0.621638311087651,0.5083634311014554,0.46825902552684073
929,0.5712848772977586,0.41914549939370177,0.4988099999023553,0.5832213453894282,0.5460602259268383,0.6410458264097698,0.5743668322292871,0.6239162199650321,0.5065292278310172,0.46816543753925755
930,0.5708567123850513,0.41930708234439434,0.49640714381894774,0.5841857243811821,0.547950110283235,0.6409617767357338,0.5756027041562246,0.6262093191689165,0.5046967406523606,0.46815022405839335
931,0.5703889596069934,0.4195476396879358,0.4940121498647335,0.585171524855828,0.5498211149873207,0.6407949278793311,0.5768003566207167,0.628515554488035,0.5028690276222695,0.46821178245973577
932,0.5698818269356289,0.41986504893788196,0.4916275936721221,0.5861773854956056,0.5516705478815666,0.6405454822680202,0.5779589369426917,0.6308327755212272,0.5010492025174703,0.46834834143576093
933,0.569335418953527,0.4202570427378716,0.4892560685491177,0.5872018416197471,0.5534957922513438,0.640213936827846,0.5790776445634402,0.6331587389289716,0.49924043125648526,0.4685579666998188
934,0.568749740908122,0.4207212163180996,0.48690018224605075,0.5882433285299828,0.5552943076205494,0.6398010770333105,0.5801557268790849,0.6354911120905951,0.4974459281266659,0.4688385671418347
935,0.5681247035024831,0.42125503527876196,0.484562553655537,0.5893001853202284,0.5570636303125976,0.6393079698895318,0.5811924750774154,0.6378274771610868,0.495668951817995,0.46918790140429156
936,0.5674601283781856,0.4218558436644909,0.4822458094518071,0.5903706591428608,0.5588013737977655,0.6387359558972026,0.5821872200126109,0.6401653355194095,0.49391280126599674,0.469603584845704
937,0.5667557542428129,0.4225208722932322,0.47995258067579677,0.5914529099216644,0.5605052288482382,0.6380866400542661,0.5831393281514353,0.6425021125981342,0.49218081130683394,0.47008309685774535
938,0.5660112435918186,0.42324724730265745,0.47768549927262755,0.5925450154991936,0.5621729635223941,0.637361881951443,0.5840481976233708,0.6448351630822449,0.490476348148469,0.47062378850134384
939,0.5652261899719683,0.4240319988770102,0.47544719458831136,0.5936449772039724,0.5638024229998804,0.6365637850214811,0.5849132544057944,0.6471617764629012,0.48880280466252196,0.4712228904263918
940,0.5644001257314616,0.42487207011731276,0.47324028983269295,0.5947507258206952,0.565391529288913,0.6356946850045131,0.5857339486738189,0.649479182930025,0.4871635955022603,0.47187752103926645
941,0.5635325301999932,0.4257643260180446,0.4710673985158023,0.5958601279443231,0.5669382808269244,0.634757137693999,0.5865097513427019,0.651784559585627,0.485562152052943,0.47258469488209215
942,0.5626228382405625,0.426705562513786,0.46893112086491645,0.5969709926968066,0.5684407519952502,0.633753906029524,0.5872401508288987,0.6540750369579401,0.4840019172215247,0.47334133118760763
943,0.5616704491137107,0.42769251555987614,0.46683404022972047,0.5980810787830327,0.5698970925679564,0.6326879466041265,0.5879246500538232,0.6563477057946234,0.482486340073518,0.47414426257362047
944,0.5606747355940946,0.4287218702118493,0.4647787194830409,0.5991881018605764,0.5713055271141906,0.6315623956549289,0.5885627637122592,0.6585996241115938,0.4810188703255809,0.4749902438413437
945,0.5596350532788802,0.4297902696692998,0.4627676974246481,0.6002897421958786,0.5726643543725951,0.6303805546065688,0.5891540158251196,0.6608278244724258,0.4796029527031572,0.4758759608423862
946,0.5585507500273323,0.43089432425086827,0.46080348519565206,0.6013836525776463,0.5739719466153521,0.6291458752373167,0.5896979375938955,0.6630293214717213,0.4782420211732499,0.4767980393798379
947,0.557421175471263,0.4320306202682124,0.45888856271098527,0.6024674664565514,0.5752267490183758,0.6278619445378515,0.5901940655717173,0.665201119394482,0.4769394930631344,0.47775305410971497
948,0.5562456905365233,0.4331957287681628,0.45702537511743097,0.603538806278704,0.5764272790529809,0.6265324693323691,0.5906419401634286,0.6673402200221838,0.47569876307651454,0.47873753741001174
949,0.5550236769166792,0.4343862141136824,0.455216329284568,0.6045952919789426,0.5775721259131318,0.6251612607311537,0.5910411044645368,0.6694436305551539,0.4745231972193051,0.47974798818573317
950,0.553754546441174,0.435598642375837,0.453463790335919,0.605634549598663,0.5786599499910313,0.6237522184828425,0.5913911034463097,0.6715083716197968,0.4734161266478764,0.4807808805795706
951,0.5524377502817995,0.4368295895106207,0.4517700782274332,0.6066542199917732,0.5796894824124381,0.622309315293429,0.5916914834916692,0.67353148532837,0.47238084145319353,0.481832672559257
952,0.5510727879431017,0.4380756492962563,0.4501374643803107,0.6076519675813852,0.5806595246416606,0.6208365811776195,0.5919417922839405,0.6755100433583043,0.47142058439487244,0.4828998143541764
953,0.5496592159843703,0.4393334410084245,0.4485681683749741,0.608625489129038,0.5815689481647004,0.6193380879064019,0.592141579047903,0.6774411550174861,0.4705385445997062,0.48397875671541696
954,0.5481966564232097,0.44059961681277104,0.4470643547127914,0.60957252247765,0.5824166942575256,0.6178179336127505,0.5922903951400521,0.6793219752615871,0.46973785123969947,0.48506595897516747
955,0.5466848047732125,0.44187086885602767,0.4456281296519425,0.6104908552289344,0.5832017738449345,0.6162802276151484,0.5923877949824372,0.6811497126292487,0.46902156720510374,0.48615789688316613
956,0.5451234376710293,0.443143936039074,0.44426153812356045,0.6113783333157954,0.5839232674539565,0.61472907551621,0.5924333373320185,0.6829216370609519,0.4683926827883447,0.4872510701997721
957,0.543512420051096,0.4444156104573197,0.4429665607340213,0.6122328694301539,0.5845803252642241,0.6131685646310406,0.5924265868750923,0.6846350875674977,0.46785410939507005,0.4883420100271542
958,0.5418517118294263,0.4456827434958477,0.4417451108589696,0.6130524512668405,0.5851721672562832,0.6116027497971952,0.5923671161340821,0.6862874797143693,0.46740867329885155,0.4894272858620622
959,0.5401413740611708,0.44694225156883394,0.44059903183437277,0.6138351495444969,0.5856980834573167,0.6100356396150804,0.5922545076717899,0.6878763128887252,0.46705910945630963,0.49050351235564127
960,0.5383815745401038,0.44819112149482515,0.4395300942495844,0.6145791257650374,0.5861574342823787,0.6084711831645807,0.5920883565761791,0.6893991773164589,0.46680805539961073,0.4915673557677758
961,0.5365725928117302,0.4494264155015088,0.4385399933470655,0.6152826396739477,0.5865496509678502,0.6069132572404096,0.5918682732068282,0.6908537607976059,0.4666580452234125,0.4926155401054579
962,0.5347148245753945,0.45064527585564934,0.4376303465330974,0.6159440563846703,0.586874236092529,0.6053656541453636,0.5915938861824185,0.6922378551294273,0.4666115036834032,0.49364485293671
963,0.5328087854544625,0.4518449291158342,0.4368026910034503,0.6165618531314798,0.5871307641805382,0.6038320700772081,0.5912648455869921,0.6935493621876617,0.4666707404235726,0.4946521508735719
964,0.5308551141174567,0.45302269000763923,0.4360584814876562,0.6171346256166064,0.58731888237907,0.602316094141431,0.5908808263712644,0.6947862996378501,0.4668379443493102,0.4956343647196434
965,0.528854574736812,0.4541759649226905,0.43539908811515726,0.6176610939189093,0.5874383112029247,0.6008211980185388,0.5904415319239683,0.6959468062501276,0.46711517816330017,0.4965885042795906
966,0.526808058775747,0.4553022550449304,0.4348257944062659,0.6181401079331118,0.5874888453367955,0.5993507263109893,0.5899466977870871,0.6970291467925879,0.4675043730809981,0.4975116628298991
967,0.5247165860975493,0.45639915910912315,0.4343397953905036,0.6185706523105448,0.5874703544854055,0.5979078875912632,0.5893960954879202,0.6980317164801482,0.46800732374224197,0.4984010212519659
968,0.5225813053953274,0.4574643757983112,0.43394219585455657,0.6189518508743675,0.587382784260767,0.5964957461689642,0.588789536460125,0.698953044957805,0.46862568333523574,0.4992538518303637
969,0.5204034939440293,0.4584957057884757,0.4336340087217106,0.61928297048452,0.5872261570952054,0.5951172145912934,0.5881268760253702,0.6997917997992912,0.4693609589487824,0.5000675217207554
970,0.518184556680137,0.4594910534501425,0.4334161535643178,0.6195634243299938,0.5870005731681759,0.5937750468876792,0.5874080174068003,0.7005467895043584,0.47021450716821145,0.5008394960935119
971,0.515926024618019,0.4604484282180157,0.4332894552504839,0.6197927746285582,0.5867062113344677,0.5924718325658822,0.5866329157453717,0.7012169659802252,0.47118752992996327,0.5015673409605398
972,0.5136295526153589,0.46136594564098343,0.43325464272586456,0.6199707347167122,0.586343330041035,0.5912099913634775,0.5858015820900917,0.7018014264951931,0.4722810706492443,0.5022487256942053
973,0.5112969165033946,0.46224182812596926,0.4333123479311277,0.6200971705153957,0.5859122682194448,0.5899917687552715,0.5849140873333869,0.7022994150949062,0.47349601063456137,0.5028814252484661
974,0.5089300096008668,0.46307440539011335,0.43346310485534445,0.6201721013598515,0.5854134461408209,0.5888192322139918,0.5839705660631982,0.7027103234743481,0.4748330658022881,0.5034633220934782
975,0.5065308386336124,0.4638621146366707,0.43370734872528327,0.6201957001849927,0.5848473662201535,0.5876942682184513,0.5829712203039534,0.7030336913012964,0.47629278370370354,0.5039924078759469
976,0.504101519084553,0.4646035004707602,0.4340454153302948,0.6201682930606306,0.5842146137569093,0.5866185800003682,0.5819163231192677,0.703269205989644,0.47787554087616985,0.504466784818373
977,0.49918313638904,0.46789473649153623,0.4352540023446786,0.6198031938293668,0.5828140137096244,0.5858912154990595,0.5777554483859283,0.705837437125442,0.48088612157875965,0.5028819931119255
978,0.4966878422177943,0.4684728344739315,0.4359797732884097,0.619702777729964,0.5820099426128319,0.58502947738552,0.5765134079921564,0.7056666807087751,0.48283646508498096,0.5031773630649726
979,0.49417278155945404,0.4689985695603289,0.436800521947213,0.6195538067145302,0.581142540628191,0.5842217722538366,0.5752185831565606,0.7054096050875961,0.48490912252249,0.503412871333767
980,0.4916405674861471,0.4694711344320891,0.43771599232913394,0.6193572533191386,0.5802127898179906,0.5834687896034972,0.5738717895882683,0.7050668741468301,0.48710352652706107,0.5035871823997252
981,0.48909387952767114,0.46988982323553596,0.4387258255927625,0.6191142268995171,0.579221757727773,0.5827710393388539,0.5724739332014823,0.7046392824403613,0.48941893094760114,0.5036990742627919
982,0.48653545575834056,0.4702540298531315,0.4398295605597622,0.6188259689978763,0.578170597553605,0.5821288544991697,0.5710260114967259,0.7041277504525788,0.4918544107941661,0.5037474385460703
983,0.48396808461289187,0.47056324607168,0.4410266343624661,0.6184938481287722,0.5770605481520231,0.5815423945489633,0.5695291146215521,0.7035333194137622,0.4944088625661202,0.5037312804640575
984,0.48139459647293814,0.47081705966586607,0.44231638322340633,0.6181193540051078,0.575892933883689,0.5810116491987858,0.5679844260994326,0.702857145695239,0.4970810049634688,0.5036497186688529
985,0.47881785506598257,0.4710151524148802,0.443698043363474,0.6177040912282028,0.574669164282748,0.5805364427252224,0.566393223217516,0.7021004948124769,0.49986937998326975,0.5035019849883049
986,0.4762407487193424,0.4711572980692592,0.4451707520352879,0.6172497724686344,0.5733907335448674,0.5801164387577628,0.5647568770659319,0.7012647350663852,0.5027723544019398,0.5032874240695979
987,0.4736661815113889,0.4712433602843189,0.4467335486782245,0.6167582111671454,0.5720592198279653,0.579751145499188,0.563076852223341,0.700351330855017,0.5057881216431188,0.5030054929411705
988,0.47109706436239757,0.4712732905357468,0.44838537619149005,0.6162313137874323,0.5706762843606952,0.579439921345335,0.5613547060854742,0.6993618356896688,0.5089147040296361,0.5026557605052064
989,0.4668515805756143,0.4703799713097821,0.45075180915427376,0.6155273348019137,0.5683773143956097,0.5785416769599229,0.5589756368095525,0.6967726626979396,0.5146712633530411,0.5031263815357644
990,0.46429984298567606,0.47027088365933467,0.4526050299138314,0.6148901607744498,0.5668580198670004,0.5783533639905487,0.5571532661014181,0.6956296612641534,0.5180802277135532,0.5025907222637946
991,0.46176380527681143,0.4701061898190217,0.45454270982047285,0.6142255235488621,0.5652939343103554,0.578215912930595,0.5552945065553426,0.6944158389426073,0.5215916663479451,0.5019860804506947
992,0.4592462993392459,0.46988619296671663,0.45656339032974325,0.613535690147152,0.5636870933416017,0.5781280837901536,0.5534012897880778,0.693133003165274,0.5252028627718719,0.5013125388817415
993,0.4567501157059514,0.4696112736416544,0.45866552560738266,0.6128229697540247,0.5620396064034586,0.5780885228808438,0.5514756311814027,0.6917830106562032,0.5289109486275251,0.5005702885355214
994,0.45427799523776846,0.46928188790293957,0.4608474843957804,0.6120897038128721,0.5603536545142332,0.5780957701727844,0.5495196270580004,0.6903677596168571,0.532712908364103,0.49975962783100136
995,0.45183262103926686,0.46889856554968457,0.4631075519689247,0.6113382559828187,0.5586314878261849,0.57814826678652,0.5475354515334511,0.6888891819002002,0.5366055842549152,0.4988809618712508
996,0.4494166106383333,0.46846190840870516,0.4654439321725985,0.6105710020035183,0.556875422997899,0.5782443625854112,0.5455253530565682,0.6873492352141798,0.5405856817397257,0.4979348016879201
997,0.4470325084606052,0.4679725886944643,0.46785474954663314,0.6097903195150347,0.5550878403860544,0.5783823238346303,0.5434916506518674,0.6857498953950982,0.5446497750798859,0.4969217634894357
998,0.44085691720348097,0.465503167117859,0.4736698380332999,0.6079928734439402,0.5504159343511521,0.5784028563305058,0.5385162878391271,0.6803114139537146,0.5562486699860418,0.49544580146738015
999,0.4385935185918698,0.4648397294614092,0.47631322758426514,0.6071573227044512,0.5485258969174646,0.5786657646166115,0.5364158129539418,0.6785442369285504,0.5605848446503959,0.494183995499069
1000,0.43637256281767683,0.46412742667745804,0.47902169769122066,0.6063196267757547,0.546615912516178,0.5789619621005075,0.53430243750223,0.6767256578991753,0.5649879063392218,0.4928588742884942
