time_step,avg_weight,std_weight,num_strings,kept_norm,total_norm
0,1.0,0.0,1,1.0,1.0
1,1.0010960776839959,0.03309472625290055,16,1.0,1.0
2,1.0028479664292536,0.05331823880774839,39,0.9999999999999999,0.9999999999999999
3,1.0054715054753431,0.07384309834886515,41,0.9999999999999993,0.9999999999999993
4,1.0089615307369313,0.09440093224533162,47,0.9999999999999992,0.9999999999999998
5,1.016123826664725,0.12630508034295798,57,0.9999999999999986,0.9999999999999986
6,1.021742965155962,0.14641629485563357,57,0.9999999999999987,0.999999999999999
7,1.028196926230197,0.16640255844804874,61,0.9999999999999991,0.9999999999999991
8,1.0354731720490766,0.1862196692745295,64,0.9999999999999981,0.9999999999999984
9,1.043557632426518,0.20583223218354343,69,0.9999999999999987,0.999999999999999
10,1.0524347557154508,0.22521024191348435,73,0.9999999999999977,0.9999999999999982
11,1.0620875649062362,0.2443273934031834,79,0.9999999999999969,0.9999999999999971
12,1.072497718687616,0.26316020275841323,81,0.9999999999999971,0.9999999999999971
13,1.0836455771995428,0.2816875367783435,81,0.9999999999999971,0.9999999999999971
14,1.095510272186987,0.2998903600711974,81,0.9999999999999966,0.999999999999997
15,1.1080697812450397,0.317751602895854,85,0.9999999999999953,0.9999999999999956
16,1.121301005828397,0.3352560977755389,89,0.9999999999999956,0.9999999999999962
17,1.1351798526826364,0.3523905556277467,99,0.9999999999999951,0.9999999999999952
18,1.1496813183407357,0.36914356420289396,101,0.9999999999999952,0.9999999999999952
19,1.1647795763160964,0.3855055982964119,101,0.9999999999999956,0.999999999999996
20,1.1804480666128583,0.40146903503299247,105,0.9999999999999953,0.9999999999999954
21,1.213208714935177,0.43234414569526997,108,0.9999999999999944,0.9999999999999948
22,1.230433900221651,0.44709922947383535,110,0.9999999999999934,0.9999999999999936
23,1.2481180340007136,0.46144363704768593,110,0.999999999999993,0.9999999999999938
24,1.2662322727253688,0.47537946839117556,116,0.9999999999999923,0.9999999999999928
25,1.284747602550158,0.4889107423455675,121,0.9999999999999919,0.9999999999999922
26,1.3036349340100954,0.5020433763691063,123,0.9999999999999919,0.9999999999999928
27,1.3228651958367672,0.5147851562416303,125,0.9999999999999913,0.9999999999999921
28,1.3424094275239506,0.5271456952719359,131,0.99999999999999,0.9999999999999902
29,1.36223887026364,0.5391363826355456,133,0.9999999999999901,0.9999999999999902
30,1.382325055883674,0.550770320550602,133,0.9999999999999899,0.9999999999999899
31,1.4026398934301485,0.5620622500848639,133,0.9999999999999895,0.9999999999999901
32,1.4231557530514505,0.5730284654814793,133,0.9999999999999886,0.9999999999999896
33,1.4438455468559785,0.5836867169978586,139,0.9999999999999877,0.9999999999999888
34,1.4646828064322739,0.5940561023725542,145,0.9999999999999868,0.9999999999999875
35,1.4856417567384057,0.604156947171069,151,0.9999999999999867,0.9999999999999869
36,1.5066973860868,0.6140106744130458,153,0.999999999999986,0.9999999999999863
37,1.5278255119712507,0.6236396640497349,157,0.9999999999999856,0.9999999999999857
38,1.5490028425044664,0.6330671030405448,157,0.9999999999999856,0.9999999999999858
39,1.5702070332571065,0.6423168269680023,157,0.9999999999999847,0.9999999999999852
40,1.5914167393126408,0.6514131543274011,159,0.999999999999984,0.9999999999999847
41,1.6126116623765063,0.6603807148261086,165,0.9999999999999838,0.9999999999999839
42,1.6337725928027163,0.6692442732212344,165,0.9999999999999833,0.9999999999999838
43,1.6548814464262933,0.6780285504067484,167,0.9999999999999832,0.9999999999999841
44,1.6759212961153003,0.6867580436232495,171,0.9999999999999818,0.9999999999999822
45,1.696876397981967,0.6954568477986669,173,0.9999999999999827,0.9999999999999829
46,1.7177322122181429,0.7041484801273006,173,0.9999999999999813,0.999999999999982
47,1.7384754185459583,0.712855710050849,179,0.9999999999999818,0.9999999999999822
48,1.7590939262999936,0.7216003968120681,183,0.9999999999999811,0.9999999999999811
49,1.7795768791824793,0.7304033367053145,183,0.9999999999999802,0.9999999999999807
50,1.799914654757622,0.7392841220452877,187,0.9999999999999811,0.9999999999999813
51,1.8200988587752922,0.7482610137163355,187,0.9999999999999808,0.9999999999999811
52,1.840122314437703,0.7573508289523738,188,0.9999999999999807,0.999999999999981
53,1.8599790467452708,0.7665688457364395,190,0.9999999999999818,0.9999999999999819
54,1.879664262079529,0.7759287249076735,191,0.9999999999999807,0.9999999999999807
55,1.8991743232015879,0.7854424507313245,191,0.9999999999999807,0.9999999999999807
56,1.9185067198641674,0.7951202903360906,191,0.9999999999999805,0.9999999999999805
57,1.937660035253512,0.8049707720647853,191,0.99999999999998,0.99999999999998
58,1.9566339084945323,0.8150006824319236,191,0.999999999999981,0.999999999999981
59,1.9754289934681315,0.8252150810472584,191,0.9999999999999808,0.9999999999999808
60,1.9940469142039097,0.8356173325586387,191,0.9999999999999797,0.9999999999999799
61,2.0124902171241073,0.8462091544000293,191,0.9999999999999802,0.9999999999999803
62,2.0307623204258274,0.8569906789081745,191,0.9999999999999798,0.9999999999999802
63,2.0488674608981574,0.8679605281988937,192,0.9999999999999796,0.9999999999999799
64,2.066810638478694,0.8791159000734512,195,0.999999999999979,0.999999999999979
65,2.102370560600667,0.9024427111596,197,0.9999999999999796,0.9999999999999796
66,2.11983778383608,0.9141209396823082,197,0.9999999999999797,0.9999999999999799
67,2.137169824804625,0.9259618742889912,197,0.9999999999999791,0.9999999999999793
68,2.154374629070141,0.9379570722571174,199,0.9999999999999789,0.9999999999999789
69,2.1714605425625435,0.95009731722442,199,0.9999999999999786,0.9999999999999786
70,2.1884362491295195,0.96237273368068,199,0.9999999999999789,0.9999999999999789
71,2.2053107083503845,0.9747728996399609,199,0.9999999999999793,0.9999999999999793
72,2.2220930939139856,0.9872869564538417,199,0.9999999999999782,0.9999999999999782
73,2.238792732854333,0.9999037148891305,199,0.9999999999999799,0.9999999999999799
74,2.2554190459280528,1.0126117567521482,199,0.9999999999999795,0.9999999999999795
75,2.271981489406841,1.0253995314921274,199,0.9999999999999798,0.9999999999999798
76,2.288489498545895,1.0382554473557208,199,0.9999999999999793,0.9999999999999793
77,2.3132576020937545,1.0573686772845252,199,0.9999999999999798,0.9999999999999799
78,2.329685507286883,1.0703454944224051,199,0.9999999999999798,0.9999999999999798
79,2.3460907577917585,1.0833506959413497,199,0.9999999999999798,0.9999999999999798
80,2.362482042581609,1.0963734975828106,199,0.9999999999999789,0.9999999999999789
81,2.3788677593246566,1.1094034680970495,199,0.9999999999999798,0.9999999999999798
82,2.435839206924474,1.1559871254828833,200,0.9999999999999798,0.9999999999999798
83,2.452232744319191,1.1689195016407634,200,0.9999999999999792,0.9999999999999792
84,2.468661405621999,1.1818102580533358,200,0.9999999999999795,0.9999999999999795
85,2.4851308880991603,1.1946522220002047,200,0.999999999999979,0.999999999999979
86,2.5016463750558797,1.2074388453116958,200,0.9999999999999788,0.9999999999999788
87,2.5182125210453923,1.220164219937483,200,0.999999999999979,0.999999999999979
88,2.5348334406256234,1.2328230895233239,200,0.9999999999999797,0.9999999999999797
89,2.551512700634941,1.2454108571854696,200,0.99999999999998,0.99999999999998
90,2.5682533159399097,1.2579235896584575,200,0.9999999999999798,0.9999999999999798
91,2.585057748589927,1.2703580179780753,200,0.9999999999999782,0.9999999999999782
92,2.601927910296244,1.2827115348479148,200,0.9999999999999791,0.9999999999999791
93,2.618865168136228,1.2949821888256348,200,0.9999999999999799,0.9999999999999799
94,2.63587035336796,1.307168675454227,200,0.99999999999998,0.99999999999998
95,2.652943773225294,1.3192703254545772,200,0.99999999999998,0.99999999999998
96,2.6700852255496463,1.3312870900886737,200,0.9999999999999809,0.9999999999999809
97,2.705221328078568,1.354520750290141,198,0.9999999999999818,0.9999999999999818
98,2.7225902177862134,1.3663020103873313,200,0.9999999999999803,0.9999999999999803
99,2.7400205137424445,1.3780044661641493,200,0.9999999999999796,0.9999999999999796
100,2.7756386903787664,1.401039332913081,200,0.9999999999999809,0.9999999999999809
101,2.801782377893676,1.4182608179556495,200,0.9999999999999799,0.9999999999999799
102,2.8194560849172445,1.429653553354058,200,0.9999999999999808,0.9999999999999808
103,2.837173239121789,1.4409885373382232,200,0.9999999999999809,0.9999999999999809
104,2.8549297448553115,1.4522707519017084,200,0.9999999999999802,0.9999999999999802
105,2.9244230835660936,1.4982118231371138,200,0.99999999999998,0.99999999999998
106,2.942211809360205,1.5092377325535506,200,0.9999999999999813,0.9999999999999813
107,2.96001566637014,1.5202442713561068,200,0.999999999999981,0.999999999999981
108,2.9778299222613347,1.5312374212214217,200,0.999999999999981,0.999999999999981
109,2.9956498804697027,1.542223160223279,200,0.9999999999999813,0.9999999999999813
110,3.013470910739404,1.5532074214402938,200,0.9999999999999821,0.9999999999999821
111,3.0312884784440044,1.564196052384153,200,0.9999999999999805,0.9999999999999805
112,3.04909817253572,1.5751947755163251,200,0.9999999999999807,0.9999999999999807
113,3.0668957319788177,1.5862091501178557,200,0.9999999999999808,0.9999999999999808
114,3.084677070535241,1.5972445357704963,200,0.9999999999999813,0.9999999999999813
115,3.1024382997831514,1.6083060576979455,200,0.9999999999999818,0.9999999999999818
116,3.1201757502621037,1.6193985742034174,200,0.999999999999981,0.999999999999981
117,3.1378859906520464,1.6305266464242114,200,0.9999999999999822,0.9999999999999822
118,3.1555658449071116,1.6416945106055771,200,0.9999999999999805,0.9999999999999805
119,3.173212407279129,1.6529060530751671,200,0.9999999999999819,0.9999999999999819
120,3.1908230551799335,1.6641647880760455,200,0.9999999999999819,0.9999999999999819
121,3.208395459845699,1.675473838590861,200,0.999999999999982,0.999999999999982
122,3.225927594780703,1.6868359202628034,200,0.9999999999999832,0.9999999999999832
123,3.243417741971893,1.6982533284907213,200,0.9999999999999828,0.9999999999999828
124,3.260864495879498,1.709727928746717,200,0.9999999999999822,0.9999999999999822
125,3.2782667652224373,1.7212611501350938,200,0.9999999999999819,0.9999999999999819
126,3.2956237725904693,1.7328539821821511,200,0.9999999999999829,0.9999999999999829
127,3.312935051927786,1.744506974817429,200,0.9999999999999818,0.9999999999999818
128,3.330200443945003,1.7562202414790142,200,0.9999999999999823,0.9999999999999823
129,3.34742008952818,1.76799346524883,200,0.9999999999999831,0.9999999999999831
130,3.364594421224583,1.7798259078987646,200,0.9999999999999822,0.9999999999999822
131,3.3817241528952633,1.7917164217053916,200,0.9999999999999829,0.9999999999999829
132,3.398810267634176,1.803663463870133,200,0.9999999999999831,0.9999999999999831
133,3.415854004062419,1.8156651133632113,200,0.999999999999982,0.999999999999982
134,3.43285684111422,1.8277190899938367,200,0.9999999999999827,0.9999999999999827
135,3.4498204814384605,1.8398227754957948,200,0.9999999999999817,0.9999999999999817
136,3.4667468335458205,1.851973236407081,200,0.9999999999999828,0.9999999999999828
137,3.483637992837022,1.8641672485143688,200,0.9999999999999836,0.9999999999999836
138,3.5004962216520714,1.8764013226279366,200,0.9999999999999828,0.9999999999999828
139,3.5173239284839064,1.8886717314500538,200,0.9999999999999827,0.9999999999999827
140,3.534123646502434,1.9009745372996434,200,0.999999999999983,0.999999999999983
141,3.5508980115365136,1.913305620458125,200,0.9999999999999841,0.9999999999999841
142,3.567649739662129,1.925660707905515,200,0.9999999999999832,0.9999999999999832
143,3.584381604544714,1.9380354022219088,200,0.9999999999999821,0.9999999999999821
144,3.6010964146824014,1.9504252104371906,200,0.999999999999984,0.999999999999984
145,3.6177969906949077,1.9628255726209765,200,0.9999999999999845,0.9999999999999845
146,3.634486142799805,1.9752318900151802,200,0.9999999999999842,0.9999999999999842
147,3.6511666486141654,1.9876395525229769,200,0.9999999999999828,0.9999999999999828
148,3.6678412314149806,2.0000439653801254,200,0.999999999999984,0.999999999999984
149,3.6845125389864695,2.0124405748473913,200,0.9999999999999846,0.9999999999999846
150,3.701183123176295,2.0248248927760217,200,0.9999999999999851,0.9999999999999851
151,3.717855420276091,2.0371925199116734,200,0.9999999999999846,0.9999999999999846
152,3.734531732334359,2.0495391678157753,200,0.9999999999999842,0.9999999999999842
153,3.7512142095019523,2.06186067929686,200,0.9999999999999841,0.9999999999999841
154,3.767904833502076,2.0741530472578393,200,0.999999999999985,0.999999999999985
155,3.784605402307901,2.0864124318784323,200,0.9999999999999841,0.9999999999999841
156,3.8013175161018236,2.098635176064915,200,0.9999999999999843,0.9999999999999843
157,3.81804256458092,2.110817819112002,200,0.9999999999999852,0.9999999999999852
158,3.8347817156635244,2.1229571085339454,200,0.9999999999999849,0.9999999999999849
159,3.8515359056419576,2.135050010033835,200,0.999999999999985,0.999999999999985
160,3.876974904961406,2.1533709818578184,200,0.9999999999999852,0.9999999999999852
161,3.8937773999062752,2.1653447488102917,200,0.9999999999999848,0.9999999999999848
162,3.9192551584204836,2.183537416373655,200,0.9999999999999847,0.9999999999999847
163,3.9360995366457514,2.1953741945068916,200,0.9999999999999857,0.9999999999999857
164,3.952959135659234,2.207151337981192,200,0.9999999999999856,0.9999999999999856
165,3.969833144858583,2.2188674301271734,200,0.999999999999985,0.999999999999985
166,3.9867204981804196,2.2305212839300994,200,0.9999999999999853,0.9999999999999853
167,4.003619877549195,2.2421119357725274,200,0.9999999999999859,0.9999999999999859
168,4.0205297176853945,2.25363863758223,200,0.9999999999999858,0.9999999999999858
169,4.037448212217241,2.265100847460677,200,0.9999999999999852,0.9999999999999852
170,4.062995322779802,2.2825156910895,200,0.9999999999999868,0.9999999999999868
171,4.079921179552798,2.2938143113411216,200,0.9999999999999862,0.9999999999999862
172,4.096847686492089,2.3050480269724054,200,0.9999999999999876,0.9999999999999876
173,4.1137720713651875,2.3162170532526436,200,0.9999999999999857,0.9999999999999857
174,4.13069137462397,2.3273217370256476,200,0.9999999999999859,0.9999999999999859
175,4.1476024621258265,2.3383625398808605,200,0.9999999999999866,0.9999999999999866
176,4.164502038553178,2.3493400205909163,200,0.9999999999999863,0.9999999999999863
177,4.181386661434809,2.3602548169432236,200,0.9999999999999866,0.9999999999999866
178,4.21520468475974,2.382585823159742,200,0.9999999999999866,0.9999999999999866
179,4.23199543565522,2.393301841659214,200,0.9999999999999873,0.9999999999999873
180,4.248756858740498,2.4039581891952073,200,0.9999999999999876,0.9999999999999876
181,4.265485023563348,2.414555575114509,200,0.9999999999999868,0.9999999999999868
182,4.282175942906967,2.425094674953885,200,0.9999999999999873,0.9999999999999873
183,4.298825588134017,2.4355761120006223,200,0.9999999999999871,0.9999999999999871
184,4.3154299043602835,2.4460004393337367,200,0.999999999999987,0.999999999999987
185,4.331984825370984,2.4563681224769254,200,0.9999999999999871,0.9999999999999871
186,4.348486288196796,2.466679522790349,200,0.9999999999999875,0.9999999999999875
187,4.364930247271136,2.476934881723376,200,0.9999999999999881,0.9999999999999881
188,4.3813126880951625,2.4871343060445485,200,0.9999999999999881,0.9999999999999881
189,4.397629640342326,2.4972777541582434,200,0.9999999999999877,0.9999999999999877
190,4.41387719033999,2.5073650236098497,200,0.9999999999999873,0.9999999999999873
191,4.430051492871715,2.5173957398728355,200,0.9999999999999877,0.9999999999999877
192,4.4461487822500345,2.5273693465018554,200,0.9999999999999877,0.9999999999999877
193,4.462165382616189,2.5372850967261624,200,0.9999999999999888,0.9999999999999888
194,4.478097717429854,2.547142046547122,200,0.9999999999999878,0.9999999999999878
195,4.493942318118844,2.5569390493926223,200,0.9999999999999879,0.9999999999999879
196,4.509695831865601,2.5666747523698032,200,0.9999999999999868,0.9999999999999868
197,4.525355028514207,2.576347594145829,200,0.9999999999999883,0.9999999999999883
198,4.540916806588561,2.5859558044745548,200,0.9999999999999878,0.9999999999999878
199,4.5563781984191705,2.595497405374971,200,0.9999999999999875,0.9999999999999875
200,4.57173637438267,2.6049702139553736,200,0.9999999999999887,0.9999999999999887
201,4.586988646264709,2.614371846865416,200,0.9999999999999883,0.9999999999999883
202,4.602132469763156,2.6236997263466377,200,0.9999999999999886,0.9999999999999886
203,4.617165446154525,2.6329510878408664,200,0.9999999999999885,0.9999999999999885
204,4.632085323152367,2.642122989105114,200,0.9999999999999882,0.9999999999999882
205,4.646889994991639,2.6512123207713643,200,0.9999999999999879,0.9999999999999879
206,4.66157750177816,2.660215818280025,200,0.9999999999999891,0.9999999999999891
207,4.6761460281468095,2.669130075106869,200,0.9999999999999886,0.9999999999999886
208,4.690593901276325,2.6779515571951156,200,0.9999999999999882,0.9999999999999882
209,4.704919588312218,2.6866766184968847,200,0.9999999999999898,0.9999999999999898
210,4.719121693252577,2.6953015175217128,200,0.9999999999999899,0.9999999999999899
211,4.733198953354223,2.7038224347841098,200,0.9999999999999893,0.9999999999999893
212,4.747150235118889,2.712235491037339,200,0.9999999999999881,0.9999999999999881
213,4.760974529920733,2.720536766176673,200,0.9999999999999898,0.9999999999999898
214,4.774670949337666,2.7287223186923657,200,0.9999999999999892,0.9999999999999892
215,4.788238720249556,2.7367882055504342,200,0.9999999999999895,0.9999999999999895
216,4.801677179766411,2.744730502378061,200,0.9999999999999903,0.9999999999999903
217,4.814985770049209,2.7525453238300006,200,0.9999999999999899,0.9999999999999899
218,4.8281640330849935,2.7602288440127367,200,0.9999999999999902,0.9999999999999902
219,4.841211605476429,2.7677773168442568,200,0.9999999999999892,0.9999999999999892
220,4.854128213303932,2.7751870962292053,200,0.9999999999999893,0.9999999999999893
221,4.866913667116075,2.782454655931681,200,0.9999999999999895,0.9999999999999895
222,4.879567857101041,2.789576609031143,200,0.9999999999999893,0.9999999999999893
223,4.8920907484885205,2.7965497268506394,200,0.9999999999999902,0.9999999999999902
224,4.904482377227779,2.8033709572508436,200,0.99999999999999,0.99999999999999
225,4.916742845983439,2.810037442188176,200,0.9999999999999902,0.9999999999999902
226,4.947948273443037,2.8270010423862644,200,0.9999999999999901,0.9999999999999901
227,4.959767558939799,2.8331147999472703,200,0.9999999999999899,0.9999999999999899
228,4.976835201736653,2.8415100472916412,200,0.9999999999999898,0.9999999999999898
229,4.988327452474541,2.84720840001118,200,0.999999999999991,0.999999999999991
230,5.010257425638212,2.8575848747299784,200,0.9999999999999911,0.9999999999999911
231,5.021351553518729,2.8627714740787242,200,0.9999999999999909,0.9999999999999909
232,5.032318642398087,2.8677884500834843,200,0.999999999999991,0.999999999999991
233,5.043159387355387,2.872635937250059,200,0.9999999999999912,0.9999999999999912
234,5.053874535108292,2.8773143889224,200,0.9999999999999906,0.9999999999999906
235,5.064464885618367,2.88182457880033,200,0.9999999999999913,0.9999999999999913
236,5.07493129405788,2.886167600957507,200,0.9999999999999915,0.9999999999999915
237,5.085274673102047,2.8903448683577704,200,0.9999999999999925,0.9999999999999925
238,5.09549599550636,2.894358109875105,200,0.9999999999999925,0.9999999999999925
239,5.1103926406421305,2.9000312740582714,200,0.9999999999999918,0.9999999999999918
240,5.120305694289828,2.9036403019529935,200,0.9999999999999921,0.9999999999999921
241,5.130100896577262,2.9070937617017645,200,0.9999999999999919,0.9999999999999919
242,5.1444642181096025,2.912098790707859,200,0.9999999999999923,0.9999999999999923
243,5.15396128168277,2.9151730479409035,200,0.9999999999999928,0.9999999999999928
244,5.163345606000712,2.9181037078759795,200,0.9999999999999929,0.9999999999999929
245,5.172618738407985,2.920894765998685,200,0.9999999999999926,0.9999999999999926
246,5.181782313461719,2.9235504446337157,200,0.9999999999999932,0.9999999999999932
247,5.190838055570991,2.926075176617269,200,0.9999999999999926,0.9999999999999926
248,5.213491468082959,2.932071671246007,200,0.9999999999999927,0.9999999999999927
249,5.222197244940882,2.9341872451467124,200,0.9999999999999932,0.9999999999999932
250,5.230803409253143,2.936193925905382,200,0.999999999999992,0.999999999999992
251,5.239312234027562,2.9380969321933614,200,0.9999999999999931,0.9999999999999931
252,5.247726089241097,2.939901566089521,200,0.9999999999999933,0.9999999999999933
253,5.256047440524475,2.941613191620368,200,0.9999999999999931,0.9999999999999931
254,5.264278847137316,2.943237212995543,200,0.9999999999999934,0.9999999999999934
255,5.2724229591997505,2.944779052643612,200,0.9999999999999938,0.9999999999999938
256,5.280482514151615,2.946244129154607,200,0.9999999999999934,0.9999999999999934
257,5.288460332415786,2.9476378352367347,200,0.9999999999999929,0.9999999999999929
258,5.311905285383111,2.9514400300981087,200,0.9999999999999939,0.9999999999999939
259,5.319585594124788,2.952601151639365,200,0.9999999999999939,0.9999999999999939
260,5.327199301245668,2.953716744738119,200,0.9999999999999947,0.9999999999999947
261,5.334749588199947,2.9547915970693888,200,0.9999999999999941,0.9999999999999941
262,5.342239666152879,2.9558303253900347,200,0.999999999999994,0.999999999999994
263,5.3496727651668525,2.956837357421124,200,0.9999999999999942,0.9999999999999942
264,5.357052122661916,2.9578169146657367,200,0.9999999999999951,0.9999999999999951
265,5.3643809711915855,2.9587729962488356,200,0.9999999999999942,0.9999999999999942
266,5.371662525581143,2.959709363860619,200,0.9999999999999946,0.9999999999999946
267,5.378899969481855,2.9606295278790937,200,0.9999999999999941,0.9999999999999941
268,5.386096441400573,2.961536734741429,200,0.9999999999999949,0.9999999999999949
269,5.3932550202698035,2.9624339556270125,200,0.9999999999999951,0.9999999999999951
270,5.400378710628793,2.9633238765080865,200,0.9999999999999949,0.9999999999999949
271,5.407470427491128,2.964208889616441,200,0.9999999999999949,0.9999999999999949
272,5.418076865991118,2.9652731077779775,200,0.9999999999999939,0.9999999999999939
273,5.425104124752226,2.966151734437567,200,0.9999999999999944,0.9999999999999944
274,5.432108709051342,2.9670315863382606,200,0.999999999999995,0.999999999999995
275,5.439092932099458,2.967913674260235,200,0.9999999999999946,0.9999999999999946
276,5.452981560146265,2.9703553510098124,200,0.9999999999999954,0.9999999999999954
277,5.46333743938349,2.9712883251594597,200,0.9999999999999948,0.9999999999999948
278,5.4702500835769445,2.9721863597435076,200,0.9999999999999956,0.9999999999999956
279,5.477151607608632,2.973086441027607,200,0.9999999999999954,0.9999999999999954
280,5.487590035049298,2.9741939705826455,200,0.9999999999999954,0.9999999999999954
281,5.49447079011828,2.9750930515219842,200,0.9999999999999959,0.9999999999999959
282,5.501342445920354,2.975989761884719,200,0.9999999999999963,0.9999999999999963
283,5.508204958540059,2.9768821974185906,200,0.9999999999999958,0.9999999999999958
284,5.515057987393329,2.9777682155935286,200,0.9999999999999957,0.9999999999999957
285,5.525180247272034,2.979299912898326,200,0.9999999999999959,0.9999999999999959
286,5.532003005128125,2.9801594465389503,200,0.9999999999999959,0.9999999999999959
287,5.538812766605691,2.9810032066920016,200,0.9999999999999957,0.9999999999999957
288,5.545607793430928,2.9818281747207567,200,0.999999999999996,0.999999999999996
289,5.552386027892231,2.982631185220004,200,0.9999999999999971,0.9999999999999971
290,5.559145093480545,2.9834089445956287,200,0.9999999999999967,0.9999999999999967
291,5.565882297100025,2.9841580500530456,200,0.9999999999999966,0.9999999999999966
292,5.572594632878814,2.9848750088898024,200,0.9999999999999962,0.9999999999999962
293,5.579278787601175,2.98555625798752,200,0.9999999999999963,0.9999999999999963
294,5.585931147773493,2.986198183398914,200,0.9999999999999964,0.9999999999999964
295,5.605821816427445,2.9896908783381124,200,0.9999999999999968,0.9999999999999968
296,5.6122820652195085,2.990142215214955,200,0.9999999999999964,0.9999999999999964
297,5.618688744725606,2.990534764437753,200,0.9999999999999962,0.9999999999999962
298,5.625036697562001,2.990865047151928,200,0.999999999999996,0.999999999999996
299,5.6313205603318295,2.9911296707524384,200,0.9999999999999973,0.9999999999999973
300,5.637534783105609,2.9913253455172453,200,0.9999999999999969,0.9999999999999969
301,5.6436736502336435,2.9914489005154903,200,0.9999999999999962,0.9999999999999962
302,5.649731302410389,2.991497298729532,200,0.9999999999999966,0.9999999999999966
303,5.655701759902392,2.991467651336989,200,0.9999999999999974,0.9999999999999974
304,5.661578946843351,2.9913572311062255,200,0.9999999999999963,0.9999999999999963
305,5.6673567164922325,2.99116348486623,200,0.9999999999999972,0.9999999999999972
306,5.673028877343189,2.990884045019466,200,0.9999999999999971,0.9999999999999971
307,5.678589219969362,2.990516740073999,200,0.9999999999999974,0.9999999999999974
308,5.684031544476571,2.990059604178914,200,0.9999999999999973,0.9999999999999973
309,5.68934968843743,2.989510885654643,200,0.9999999999999976,0.9999999999999976
310,5.694537555171511,2.988869054517288,200,0.9999999999999978,0.9999999999999978
311,5.699589142233136,2.9881328090032557,200,0.9999999999999978,0.9999999999999978
312,5.704498569964761,2.987301081107381,200,0.9999999999999976,0.9999999999999976
313,5.709260109971366,2.9863730411542546,200,0.9999999999999979,0.9999999999999979
314,5.713868213369205,2.985348101428481,200,0.9999999999999969,0.9999999999999969
315,5.718317538661129,2.984225918895097,200,0.9999999999999983,0.9999999999999983
316,5.722602979090372,2.9830063970462932,200,0.9999999999999977,0.9999999999999977
317,5.726719689325042,2.9816896869147986,200,0.9999999999999977,0.9999999999999977
318,5.730663111326955,2.980276187297847,200,0.9999999999999986,0.9999999999999986
319,5.7344289992603725,2.9787665442384137,200,0.999999999999998,0.999999999999998
320,5.738013443299247,2.977161649812424,200,0.9999999999999982,0.9999999999999982
321,5.742948063626267,2.9744199223237193,200,0.9999999999999981,0.9999999999999981
322,5.746068563226784,2.9725876197667147,200,0.9999999999999983,0.9999999999999983
323,5.74899664246238,2.9706653134172774,200,0.9999999999999984,0.9999999999999984
324,5.751730149932227,2.9686549444415617,200,0.9999999999999982,0.9999999999999982
325,5.7542673755501905,2.9665586826436776,200,0.9999999999999981,0.9999999999999981
326,5.75660706409843,2.964378922039598,200,0.9999999999999997,0.9999999999999997
327,5.7598164646559376,2.960975406231358,200,0.9999999999999996,0.9999999999999996
328,5.761656822137799,2.9585927575185993,200,0.9999999999999989,0.9999999999999989
329,5.7632992937243515,2.956136552331959,200,0.9999999999999993,0.9999999999999993
330,5.764744795699744,2.9536101582610166,200,0.9999999999999996,0.9999999999999996
331,5.76599473600815,2.951017137572091,200,0.9999999999999997,0.9999999999999997
332,5.767051013578852,2.9483612408816016,200,0.9999999999999987,0.9999999999999987
333,5.767916015287547,2.945646400600781,200,1.0000000000000002,1.0000000000000002
334,5.768592610538744,2.9428767241475087,200,0.9999999999999999,0.9999999999999999
335,5.769084143466291,2.9400564869150507,200,1.0000000000000002,1.0000000000000002
336,5.769394422761295,2.937190124981724,200,1.0000000000000002,1.0000000000000002
337,5.769527709149067,2.9342822275402005,200,0.9999999999999999,0.9999999999999999
338,5.769488700549092,2.9313375290203845,200,0.9999999999999991,0.9999999999999991
339,5.769282514964356,2.9283609008756537,200,0.9999999999999996,0.9999999999999996
340,5.768914671158562,2.925357342998908,200,1.0000000000000004,1.0000000000000004
341,5.768391067191807,2.9223319747323426,200,0.9999999999999991,0.9999999999999991
342,5.7677179568970836,2.919290025433319,200,0.9999999999999997,0.9999999999999997
343,5.766901924391436,2.916236824558173,200,1.0000000000000002,1.0000000000000002
344,5.765949856726711,2.913177791226339,200,1.0000000000000004,1.0000000000000004
345,5.76486891479552,2.9101184232288744,200,1.0000000000000007,1.0000000000000007
346,5.763666502618175,2.907064285448264,200,1.0,1.0
347,5.76235023514599,2.9040209976603846,200,1.0000000000000009,1.0000000000000009
348,5.760927904725351,2.900994221694625,200,1.0000000000000002,1.0000000000000002
349,5.759407446375274,2.8979896479343727,200,1.0000000000000002,1.0000000000000002
350,5.757796902038837,2.8950129811473384,200,1.0000000000000002,1.0000000000000002
351,5.756104383975677,2.8920699256434133,200,0.9999999999999994,0.9999999999999994
352,5.754338037468894,2.8891661697668285,200,1.0,1.0
353,5.752506003024864,2.8863073697392214,200,1.0000000000000002,1.0000000000000002
354,5.750616378248834,2.8834991328806083,200,1.0000000000000007,1.0000000000000007
355,5.748677179582661,2.8807470002461812,200,1.0,1.0
356,5.746696304093531,2.8780564287279424,200,1.0000000000000004,1.0000000000000004
357,5.744681491504108,2.8754327726814766,200,1.0000000000000013,1.0000000000000013
358,5.74264028665514,2.872881265149302,200,1.0000000000000007,1.0000000000000007
359,5.7405800025912335,2.870406998763106,200,1.0000000000000009,1.0000000000000009
360,5.738507684459136,2.8680149064175673,200,1.0000000000000018,1.0000000000000018
361,5.736430074405537,2.865709741818175,200,1.0000000000000009,1.0000000000000009
362,5.734353577658169,2.863496060014282,200,1.0000000000000013,1.0000000000000013
363,5.732284229969639,2.8613781980364505,200,1.0000000000000018,1.0000000000000018
364,5.730227666598298,2.859360255763713,200,1.0000000000000022,1.0000000000000022
365,5.728189092994292,2.8574460771515917,200,1.0000000000000016,1.0000000000000016
366,5.726173257351893,2.855639231955475,200,1.000000000000002,1.000000000000002
367,5.724184425181311,2.8539429980860573,200,1.0000000000000018,1.0000000000000018
368,5.7222263560444535,2.852360344734044,200,1.0000000000000022,1.0000000000000022
369,5.720302282589541,2.8508939164000555,200,1.0000000000000018,1.0000000000000018
370,5.718414892009189,2.8495460179626892,200,1.0000000000000016,1.0000000000000016
371,5.716566310035583,2.848318600912983,200,1.000000000000002,1.000000000000002
372,5.7147580875746815,2.847213250877142,200,1.0000000000000018,1.0000000000000018
373,5.712991190069163,2.8462311765414197,200,1.000000000000002,1.000000000000002
374,5.71126598966702,2.8453732000835656,200,1.0000000000000024,1.0000000000000024
375,5.709582260259413,2.844639749204467,200,1.0000000000000022,1.0000000000000022
376,5.7079391754377395,2.8440308508415795,200,1.0000000000000027,1.0000000000000027
377,5.706335309405828,2.8435461266327997,200,1.0000000000000029,1.0000000000000029
378,5.704768640868863,2.843184790185612,200,1.0000000000000027,1.0000000000000027
379,5.703236559906111,2.84294564619203,200,1.000000000000002,1.000000000000002
380,5.701735877819923,2.842827091415166,200,1.0000000000000036,1.0000000000000036
381,5.700262839938709,2.842827117558472,200,1.0000000000000036,1.0000000000000036
382,5.698813141336982,2.842943316014065,200,1.000000000000003,1.000000000000003
383,5.697381945420868,2.8431728844722692,200,1.0000000000000029,1.0000000000000029
384,5.695963905313127,2.8435126353607876,200,1.000000000000003,1.000000000000003
385,5.694553187957469,2.8439590060690385,200,1.0000000000000036,1.0000000000000036
386,5.6931435008481035,2.8445080709012016,200,1.0000000000000033,1.0000000000000033
387,5.691728121276913,2.845155554690719,200,1.0000000000000036,1.0000000000000036
388,5.690299927977609,2.8458968479994193,200,1.0000000000000027,1.0000000000000027
389,5.688851435033678,2.8467270238162086,200,1.0000000000000038,1.0000000000000038
390,5.687374827904988,2.8476408556634794,200,1.0000000000000029,1.0000000000000029
391,5.683566426371651,2.849565273501086,200,1.000000000000004,1.000000000000004
392,5.681987337512764,2.850693183848145,200,1.0000000000000042,1.0000000000000042
393,5.680347243541068,2.8518810967205717,200,1.000000000000004,1.000000000000004
394,5.678637241009241,2.8531225698259206,200,1.0000000000000038,1.0000000000000038
395,5.6768483476499245,2.8544109938455904,200,1.0000000000000036,1.0000000000000036
396,5.674971548401164,2.8557396177448773,200,1.000000000000004,1.000000000000004
397,5.672997842051583,2.8571015746734996,200,1.0000000000000044,1.0000000000000044
398,5.669517266429551,2.859264862705052,200,1.000000000000004,1.000000000000004
399,5.6672811992870225,2.860677024346105,200,1.0000000000000036,1.0000000000000036
400,5.662983384028597,2.863390985545408,200,1.0000000000000047,1.0000000000000047
401,5.660302903941876,2.8648145307271236,200,1.0000000000000044,1.0000000000000044
402,5.657470363307773,2.8662260657034047,200,1.0000000000000038,1.0000000000000038
403,5.6544783841855395,2.867618728835761,200,1.0000000000000044,1.0000000000000044
404,5.651319993022706,2.8689857740401874,200,1.0000000000000044,1.0000000000000044
405,5.647988662116824,2.870320598233862,200,1.0000000000000042,1.0000000000000042
406,5.644478349402344,2.8716167686207856,200,1.0000000000000049,1.0000000000000049
407,5.640783536364563,2.872868049763484,200,1.0000000000000044,1.0000000000000044
408,5.636899263890464,2.8740684303879225,200,1.0000000000000047,1.0000000000000047
409,5.632821165874978,2.8752121498677603,200,1.0000000000000047,1.0000000000000047
410,5.628545500411068,2.876293724331981,200,1.000000000000005,1.000000000000005
411,5.624069178402468,2.8773079723367623,200,1.0000000000000047,1.0000000000000047
412,5.619389789449438,2.87825004003828,200,1.0000000000000047,1.0000000000000047
413,5.614505624869986,2.8791154257979836,200,1.0000000000000049,1.0000000000000049
414,5.609415697731924,2.8799000041458696,200,1.0000000000000058,1.0000000000000058
415,5.604119759784616,2.8806000490205057,200,1.000000000000005,1.000000000000005
416,5.598618315193395,2.881212256197154,200,1.0000000000000058,1.0000000000000058
417,5.5929126309942285,2.8817337648074486,200,1.0000000000000049,1.0000000000000049
418,5.577852026131287,2.8831069685059396,200,1.000000000000005,1.000000000000005
419,5.571508534915669,2.8832709906538043,200,1.0000000000000056,1.0000000000000056
420,5.564975304614423,2.883336201552401,200,1.0000000000000047,1.0000000000000047
421,5.55825774169457,2.8833024945470656,200,1.000000000000005,1.000000000000005
422,5.551362002155674,2.8831703184142796,200,1.0000000000000058,1.0000000000000058
423,5.544294976487693,2.882940688230881,200,1.0000000000000058,1.0000000000000058
424,5.537064271275829,2.8826151942058913,200,1.0000000000000049,1.0000000000000049
425,5.529678187519816,2.8821960083171776,200,1.0000000000000053,1.0000000000000053
426,5.5221456957506625,2.881685888594156,200,1.0000000000000069,1.0000000000000069
427,5.514476408042926,2.8810881808886952,200,1.0000000000000064,1.0000000000000064
428,5.50668054703543,2.880406817979267,200,1.0000000000000062,1.0000000000000062
429,5.498768912087451,2.879646315858606,200,1.0000000000000067,1.0000000000000067
430,5.486372710590249,2.8781628712272886,200,1.000000000000006,1.000000000000006
431,5.478207982837664,2.8772397198796518,200,1.0000000000000067,1.0000000000000067
432,5.469969808158522,2.876258202081714,200,1.0000000000000058,1.0000000000000058
433,5.461671115088771,2.875225330314578,200,1.0000000000000069,1.0000000000000069
434,5.4533251773618545,2.8741486225278177,200,1.0000000000000069,1.0000000000000069
435,5.444945565390546,2.8730360771856924,200,1.0000000000000067,1.0000000000000067
436,5.436546096226122,2.871896144793998,200,1.0000000000000069,1.0000000000000069
437,5.4281407822137515,2.8707376959055724,200,1.0000000000000069,1.0000000000000069
438,5.419743778569406,2.8695699856319457,200,1.0000000000000067,1.0000000000000067
439,5.411369330109013,2.868402614720241,200,1.0000000000000075,1.0000000000000075
440,5.4030317173649385,2.867245487287852,200,1.0000000000000075,1.0000000000000075
441,5.394745202328064,2.866108765342445,200,1.0000000000000073,1.0000000000000073
442,5.38652397405591,2.865002820250957,200,1.0000000000000075,1.0000000000000075
443,5.378382094388188,2.863938181358142,200,1.0000000000000067,1.0000000000000067
444,5.370333444011086,2.8629254819923946,200,1.0000000000000075,1.0000000000000075
445,5.362391669110273,2.8619754031334437,200,1.0000000000000075,1.0000000000000075
446,5.354570128850268,2.861098615052611,200,1.0000000000000078,1.0000000000000078
447,5.346881843914291,2.860305717271,200,1.0000000000000067,1.0000000000000067
448,5.339339446334114,2.859607177213642,200,1.0000000000000075,1.0000000000000075
449,5.331955130833774,2.859013267967643,200,1.0000000000000084,1.0000000000000084
450,5.324740607904272,2.8585340055791275,200,1.0000000000000082,1.0000000000000082
451,5.317707058818678,2.8581790863466274,200,1.0000000000000078,1.0000000000000078
452,5.310865092788317,2.857957824586999,200,1.000000000000008,1.000000000000008
453,5.299275557069123,2.8583085750988806,200,1.0000000000000089,1.0000000000000089
454,5.293060160565191,2.8585078340329915,200,1.0000000000000078,1.0000000000000078
455,5.287070804256518,2.858872230045074,200,1.0000000000000087,1.0000000000000087
456,5.281314684274651,2.859408330351595,200,1.0000000000000082,1.0000000000000082
457,5.275798224949353,2.8601219883870312,200,1.0000000000000084,1.0000000000000084
458,5.270527055604599,2.8610182984155332,200,1.0000000000000084,1.0000000000000084
459,5.265505990678141,2.862101554377499,200,1.0000000000000089,1.0000000000000089
460,5.25929386422747,2.8642881642901186,200,1.0000000000000084,1.0000000000000084
461,5.254906581149502,2.8658335054087423,200,1.000000000000009,1.000000000000009
462,5.250778800874128,2.867573689920928,200,1.0000000000000089,1.0000000000000089
463,5.246911527317888,2.869509067283253,200,1.0000000000000084,1.0000000000000084
464,5.24076437847814,2.8725965095657764,200,1.0000000000000089,1.0000000000000089
465,5.237557734779443,2.8750342482653357,200,1.0000000000000084,1.0000000000000084
466,5.234609120350376,2.8776612325523887,200,1.000000000000009,1.000000000000009
467,5.231915701372493,2.8804735549332796,200,1.0000000000000087,1.0000000000000087
468,5.229473824338336,2.8834663893506884,200,1.0000000000000087,1.0000000000000087
469,5.2272790349442,2.8866340110185043,200,1.0000000000000095,1.0000000000000095
470,5.225326100293304,2.8899698217006753,200,1.0000000000000093,1.0000000000000093
471,5.223609034306043,2.8934663801838076,200,1.0000000000000089,1.0000000000000089
472,5.222121126219719,2.89711543764919,200,1.0000000000000087,1.0000000000000087
473,5.220854972046461,2.900907977610857,200,1.0000000000000089,1.0000000000000089
474,5.219802508844889,2.9048342600526293,200,1.0000000000000098,1.0000000000000098
475,5.218955051648744,2.9088838693691925,200,1.0000000000000098,1.0000000000000098
476,5.218303332884044,2.913045765694361,200,1.0000000000000095,1.0000000000000095
477,5.217837544095469,2.9173083391838106,200,1.0000000000000093,1.0000000000000093
478,5.21754737979275,2.921659466809696,200,1.0000000000000093,1.0000000000000093
479,5.217422083218676,2.926086571220542,200,1.0000000000000098,1.0000000000000098
480,5.217450493832259,2.930576681221311,200,1.000000000000009,1.000000000000009
481,5.217621096293378,2.9351164934352765,200,1.0000000000000107,1.0000000000000107
482,5.2179220707290765,2.9396924347207913,200,1.0000000000000095,1.0000000000000095
483,5.218341344056539,2.9442907249317605,200,1.00000000000001,1.00000000000001
484,5.218866642133699,2.9488974396300334,200,1.00000000000001,1.00000000000001
485,5.219485542505393,2.9534985723804454,200,1.0000000000000098,1.0000000000000098
486,5.220185527511062,2.9580800962842866,200,1.0000000000000109,1.0000000000000109
487,5.225729993887184,2.9739860002259704,200,1.0000000000000098,1.0000000000000098
488,5.226527840825948,2.9782308250285965,200,1.00000000000001,1.00000000000001
489,5.22733680560242,2.9823841088955088,200,1.0000000000000107,1.0000000000000107
490,5.228145149008609,2.986433240956489,200,1.0000000000000109,1.0000000000000109
491,5.228941421308662,2.9903659915124465,200,1.0000000000000113,1.0000000000000113
492,5.229714508653689,2.994170556865314,200,1.0000000000000102,1.0000000000000102
493,5.230453677749594,2.997835601563074,200,1.0000000000000107,1.0000000000000107
494,5.231148618589123,3.0013502979951396,200,1.0000000000000115,1.0000000000000115
495,5.231789485069017,3.0047043632923796,200,1.0000000000000115,1.0000000000000115
496,5.2323669333234175,3.0078880935029972,200,1.0000000000000107,1.0000000000000107
497,5.2334729758414795,3.012257469596156,200,1.0000000000000113,1.0000000000000113
498,5.233829663083042,3.0149647533523956,200,1.0000000000000122,1.0000000000000122
499,5.233861347539946,3.0187404332224115,200,1.000000000000011,1.000000000000011
500,5.234000923273033,3.0209498011956915,200,1.000000000000011,1.000000000000011
501,5.2340333951845235,3.022944354125207,200,1.0000000000000118,1.0000000000000118
502,5.233953786739008,3.0247191675536973,200,1.0000000000000118,1.0000000000000118
503,5.233757831701199,3.026270071598918,200,1.0000000000000124,1.0000000000000124
504,5.23300938709439,3.028686426784371,200,1.0000000000000115,1.0000000000000115
505,5.2324463233554175,3.029548002041548,200,1.0000000000000115,1.0000000000000115
506,5.231757142147087,3.030176690731922,200,1.0000000000000118,1.0000000000000118
507,5.230941246193962,3.0305721972462507,200,1.0000000000000115,1.0000000000000115
508,5.229998772572676,3.030735003572818,200,1.000000000000011,1.000000000000011
509,5.228930585293081,3.0306663644997616,200,1.0000000000000113,1.0000000000000113
510,5.226629620959324,3.0294371067531474,200,1.0000000000000127,1.0000000000000127
511,5.2251491083277966,3.0286877895067783,200,1.0000000000000107,1.0000000000000107
512,5.223553077617906,3.027721883990502,200,1.000000000000012,1.000000000000012
513,5.221845811612674,3.026544363587184,200,1.0000000000000124,1.0000000000000124
514,5.220032208458456,3.025160891653181,200,1.0000000000000129,1.0000000000000129
515,5.218117753889464,3.023577799732954,200,1.0000000000000115,1.0000000000000115
516,5.216108491038909,3.0218020633734404,200,1.000000000000012,1.000000000000012
517,5.214010987988534,3.0198412755495325,200,1.0000000000000122,1.0000000000000122
518,5.211832303217495,3.0177036177180416,200,1.0000000000000113,1.0000000000000113
519,5.20957994912005,3.0153978285251855,200,1.0000000000000118,1.0000000000000118
520,5.207261853769074,3.012933170201946,200,1.0000000000000115,1.0000000000000115
521,5.204886321109242,3.010319392692541,200,1.0000000000000122,1.0000000000000122
522,5.202461989769532,3.007566695573783,200,1.0000000000000118,1.0000000000000118
523,5.199997790689656,3.004685687837137,200,1.0000000000000124,1.0000000000000124
524,5.1975029037591085,3.0016873456207556,200,1.0000000000000124,1.0000000000000124
525,5.194986713670532,2.9985829679955476,200,1.0000000000000122,1.0000000000000122
526,5.192458765191293,2.9953841309272313,200,1.0000000000000127,1.0000000000000127
527,5.188731373092825,2.9907593756261415,200,1.000000000000013,1.000000000000013
528,5.186239001597537,2.9873626243893563,200,1.0000000000000129,1.0000000000000129
529,5.183769226723073,2.983912326496061,200,1.0000000000000127,1.0000000000000127
530,5.181331775481482,2.9804207087125874,200,1.0000000000000127,1.0000000000000127
531,5.178936288844774,2.976899998244717,200,1.0000000000000122,1.0000000000000122
532,5.176592278134576,2.973362369179366,200,1.0000000000000138,1.0000000000000138
533,5.174309082325747,2.96981988862832,200,1.0000000000000133,1.0000000000000133
534,5.172095826448743,2.9662844628569465,200,1.0000000000000129,1.0000000000000129
535,5.169961381269057,2.9627677836956696,200,1.0000000000000133,1.0000000000000133
536,5.167914324415021,2.959281275544634,200,1.0000000000000138,1.0000000000000138
537,5.165962903117352,2.9558360432921718,200,1.0000000000000127,1.0000000000000127
538,5.164114998715334,2.952442821474994,200,1.0000000000000135,1.0000000000000135
539,5.162378093075334,2.9491119250121973,200,1.0000000000000138,1.0000000000000138
540,5.1607592370575865,2.9458532018459467,200,1.0000000000000133,1.0000000000000133
541,5.15926502115692,2.9426759878188165,200,1.0000000000000133,1.0000000000000133
542,5.157408017490036,2.938353355701068,200,1.0000000000000138,1.0000000000000138
543,5.156274600823082,2.9353936806237404,200,1.000000000000014,1.000000000000014
544,5.155285528252437,2.9325429651256334,200,1.0000000000000144,1.0000000000000144
545,5.15444504344364,2.9298077916814145,200,1.0000000000000138,1.0000000000000138
546,5.153756811626556,2.927194037652235,200,1.000000000000014,1.000000000000014
547,5.153223906552286,2.9247068518188053,200,1.0000000000000144,1.0000000000000144
548,5.152848800194837,2.922350635139878,200,1.000000000000015,1.000000000000015
549,5.152633355222042,2.9201290258913946,200,1.0000000000000142,1.0000000000000142
550,5.152578820247629,2.9180448893060302,200,1.0000000000000142,1.0000000000000142
551,5.152685827863779,2.916100311795503,200,1.0000000000000144,1.0000000000000144
552,5.152954395441128,2.9142965997993113,200,1.0000000000000142,1.0000000000000142
553,5.153383928670884,2.9126342832640404,200,1.0000000000000147,1.0000000000000147
554,5.153973227811754,2.9111131237176635,200,1.0000000000000149,1.0000000000000149
555,5.154720496592623,2.9097321268639447,200,1.0000000000000147,1.0000000000000147
556,5.1556233537105145,2.908489559583614,200,1.0000000000000144,1.0000000000000144
557,5.157497637366068,2.9069535612575272,200,1.0000000000000142,1.0000000000000142
558,5.158801347260636,2.9060188959731077,200,1.0000000000000142,1.0000000000000142
559,5.160248701090216,2.905211138698392,200,1.0000000000000149,1.0000000000000149
560,5.161834905316523,2.9045255868124022,200,1.0000000000000155,1.0000000000000155
561,5.163554686284615,2.903956962663939,200,1.0000000000000147,1.0000000000000147
562,5.165402316316126,2.903499454045085,200,1.0000000000000153,1.0000000000000153
563,5.167371641627306,2.903146757229421,200,1.0000000000000158,1.0000000000000158
564,5.169456111934711,2.9028921222403077,200,1.0000000000000155,1.0000000000000155
565,5.171648811605111,2.90272840000561,200,1.0000000000000167,1.0000000000000167
566,5.17394249220089,2.9026480910502723,200,1.0000000000000155,1.0000000000000155
567,5.176329606267361,2.902643395376941,200,1.0000000000000164,1.0000000000000164
568,5.178802342204518,2.9027062631873592,200,1.0000000000000158,1.0000000000000158
569,5.181352660062462,2.902828446103161,200,1.0000000000000167,1.0000000000000167
570,5.183972328097269,2.903001548553756,200,1.0000000000000153,1.0000000000000153
571,5.186652959922327,2.9032170790109477,200,1.0000000000000155,1.0000000000000155
572,5.189386052089191,2.903466500764313,200,1.0000000000000158,1.0000000000000158
573,5.192163021931755,2.9037412819479584,200,1.0000000000000162,1.0000000000000162
574,5.194975245508084,2.9040329445475757,200,1.0000000000000167,1.0000000000000167
575,5.197814095475408,2.904333112136465,200,1.0000000000000169,1.0000000000000169
576,5.200670978735807,2.9046335561099434,200,1.0000000000000167,1.0000000000000167
577,5.203537373692707,2.9049262402089897,200,1.0000000000000158,1.0000000000000158
578,5.20640486696162,2.905203363145748,200,1.000000000000017,1.000000000000017
579,5.209265189382545,2.905457399165314,200,1.0000000000000164,1.0000000000000164
580,5.214773169099642,2.9069274241704006,200,1.0000000000000175,1.0000000000000175
581,5.217467653146832,2.907097123817597,200,1.0000000000000162,1.0000000000000162
582,5.220119269312044,2.9072124186627755,200,1.0000000000000175,1.0000000000000175
583,5.222721192362904,2.9072678747175,200,1.000000000000017,1.000000000000017
584,5.2252669524628,2.9072585403395315,200,1.000000000000017,1.000000000000017
585,5.227750461682701,2.9071799681846997,200,1.0000000000000182,1.0000000000000182
586,5.231932074994231,2.906494320687016,200,1.0000000000000182,1.0000000000000182
587,5.234260447067598,2.9062128960725566,200,1.0000000000000173,1.0000000000000173
588,5.236508802442815,2.9058515464930195,200,1.0000000000000182,1.0000000000000182
589,5.238673027929332,2.9054083048337236,200,1.000000000000017,1.000000000000017
590,5.24074950323747,2.904881781015618,200,1.000000000000018,1.000000000000018
591,5.24273511464924,2.9042711667951298,200,1.0000000000000178,1.0000000000000178
592,5.244627266508168,2.903576238053478,200,1.000000000000017,1.000000000000017
593,5.246423890499305,2.902797354625438,200,1.000000000000018,1.000000000000018
594,5.248123452700187,2.9019354577211516,200,1.0000000000000187,1.0000000000000187
595,5.249724958392961,2.9009920649974843,200,1.000000000000018,1.000000000000018
596,5.251215301570751,2.9001274391608853,200,1.000000000000018,1.000000000000018
597,5.252294351758318,2.8988787503660483,200,1.0000000000000184,1.0000000000000184
598,5.253280656969656,2.8975636748722695,200,1.0000000000000184,1.0000000000000184
599,5.254176804213642,2.896187180923313,200,1.000000000000019,1.000000000000019
600,5.25498588778259,2.894754709354601,200,1.0000000000000193,1.0000000000000193
601,5.255711495881858,2.8932721515417064,200,1.0000000000000184,1.0000000000000184
602,5.2563576953511975,2.891745825616731,200,1.0000000000000178,1.0000000000000178
603,5.256929014554318,2.89018245102542,200,1.0000000000000187,1.0000000000000187
604,5.257430424519555,2.888589121501142,200,1.000000000000019,1.000000000000019
605,5.257867318420584,2.8869732765357643,200,1.0000000000000195,1.0000000000000195
606,5.258245489491632,2.8853426714319004,200,1.000000000000019,1.000000000000019
607,5.258571107476779,2.8837053460260775,200,1.0000000000000189,1.0000000000000189
608,5.25885069371751,2.8820695921780612,200,1.0000000000000189,1.0000000000000189
609,5.259091094986749,2.8804439201277683,200,1.0000000000000184,1.0000000000000184
610,5.259299456181294,2.878837023827943,200,1.0000000000000193,1.0000000000000193
611,5.259483191987547,2.877257745367948,200,1.0000000000000195,1.0000000000000195
612,5.259649957638086,2.875715038611507,200,1.000000000000019,1.000000000000019
613,5.259807618878634,2.8742179321790426,200,1.0000000000000198,1.0000000000000198
614,5.260526891219011,2.8713675571424493,200,1.0000000000000195,1.0000000000000195
615,5.259415904528901,2.8704437543135612,200,1.000000000000019,1.000000000000019
616,5.259480651922454,2.8695387473206853,200,1.0000000000000193,1.0000000000000193
617,5.2598260153165715,2.868569844729238,200,1.000000000000019,1.000000000000019
618,5.260231080344985,2.867715428139564,200,1.0000000000000198,1.0000000000000198
619,5.26070416878504,2.8669834786145985,200,1.0000000000000189,1.0000000000000189
620,5.261253496154634,2.8663816806282703,200,1.0000000000000195,1.0000000000000195
621,5.261887141126088,2.86591738876111,200,1.0000000000000195,1.0000000000000195
622,5.263147586521766,2.8667382341532055,200,1.0000000000000187,1.0000000000000187
623,5.264097749506794,2.866694550226464,200,1.0000000000000204,1.0000000000000204
624,5.265163269768884,2.8668133902426636,200,1.0000000000000195,1.0000000000000195
625,5.266351071305072,2.8670999933476966,200,1.0000000000000198,1.0000000000000198
626,5.267667775020279,2.8675591048036617,200,1.0000000000000202,1.0000000000000202
627,5.269119674533554,2.868194956178159,200,1.0000000000000209,1.0000000000000209
628,5.270712713198341,2.8690112480146714,200,1.0000000000000198,1.0000000000000198
629,5.272452462404968,2.8700111350920996,200,1.0000000000000207,1.0000000000000207
630,5.274344101228088,2.871197214364537,200,1.0000000000000204,1.0000000000000204
631,5.276392397476229,2.872571515654188,200,1.0000000000000207,1.0000000000000207
632,5.278601690194844,2.8741354951510387,200,1.0000000000000198,1.0000000000000198
633,5.280975873668569,2.875890031752735,200,1.0000000000000207,1.0000000000000207
634,5.2835183829624714,2.8778354262574584,200,1.0000000000000209,1.0000000000000209
635,5.286232181036258,2.879971403401459,200,1.000000000000021,1.000000000000021
636,5.289119747459539,2.882297116711813,200,1.0000000000000209,1.0000000000000209
637,5.292183068750371,2.8848111561239693,200,1.0000000000000207,1.0000000000000207
638,5.295423630353493,2.8875115582931876,200,1.00000000000002,1.00000000000002
639,5.298842410268886,2.890395819509146,200,1.0000000000000215,1.0000000000000215
640,5.3024398743356524,2.8934609111041873,200,1.00000000000002,1.00000000000002
641,5.313923613717723,2.9023605991843318,200,1.0000000000000207,1.0000000000000207
642,5.31817735378663,2.905955429878433,200,1.0000000000000213,1.0000000000000213
643,5.322604508068853,2.909711643940168,200,1.000000000000022,1.000000000000022
644,5.327202651823606,2.9136236891353957,200,1.0000000000000209,1.0000000000000209
645,5.331968863737121,2.9176856422484456,200,1.0000000000000209,1.0000000000000209
646,5.336899733321253,2.921891238263019,200,1.0000000000000207,1.0000000000000207
647,5.3419913697650205,2.926233900523174,200,1.0000000000000207,1.0000000000000207
648,5.34723941219748,2.9307067716675754,200,1.0000000000000215,1.0000000000000215
649,5.352639041316605,2.935302745130285,200,1.0000000000000218,1.0000000000000218
650,5.365638193099387,2.9445676003599193,200,1.000000000000021,1.000000000000021
651,5.371462555844111,2.949440117957283,200,1.0000000000000218,1.0000000000000218
652,5.377413578619372,2.954406072503099,200,1.0000000000000218,1.0000000000000218
653,5.383484350637009,2.9594575962476024,200,1.0000000000000218,1.0000000000000218
654,5.389667603982293,2.9645867639464143,200,1.0000000000000222,1.0000000000000222
655,5.39595573322087,2.9697856228464703,200,1.0000000000000218,1.0000000000000218
656,5.402340815875869,2.9750462217676588,200,1.0000000000000218,1.0000000000000218
657,5.408814633706974,2.980360639144619,200,1.0000000000000218,1.0000000000000218
658,5.415368694722007,2.9857210099059315,200,1.0000000000000218,1.0000000000000218
659,5.421994255850461,2.991119551081088,200,1.000000000000023,1.000000000000023
660,5.428682346207516,2.9965485860390655,200,1.0000000000000224,1.0000000000000224
661,5.43542379087649,3.002000567275828,200,1.000000000000023,1.000000000000023
662,5.442209235137175,3.00746809768163,200,1.0000000000000229,1.0000000000000229
663,5.449029169067389,3.0129439502323394,200,1.0000000000000218,1.0000000000000218
664,5.455873952444941,3.018421086062178,200,1.000000000000022,1.000000000000022
665,5.462733839877547,3.0238926708880594,200,1.0000000000000226,1.0000000000000226
666,5.471991969681745,3.0324907465702307,200,1.0000000000000235,1.0000000000000235
667,5.47886160890789,3.0379298377485036,200,1.0000000000000226,1.0000000000000226
668,5.485712627585203,3.043340707519448,200,1.0000000000000229,1.0000000000000229
669,5.4925350972414515,3.0487175943083575,200,1.0000000000000226,1.0000000000000226
670,5.4993191205863905,3.0540550015840005,200,1.000000000000024,1.000000000000024
671,5.506054856539763,3.0593477037300967,200,1.0000000000000226,1.0000000000000226
672,5.512732544976271,3.064590750399202,200,1.0000000000000233,1.0000000000000233
673,5.519342531122982,3.069779469404434,200,1.0000000000000226,1.0000000000000226
674,5.528146397437654,3.0778207753694105,200,1.0000000000000235,1.0000000000000235
675,5.534567775728572,3.0828544673869582,200,1.0000000000000242,1.0000000000000242
676,5.540889627430169,3.087819137651755,200,1.000000000000023,1.000000000000023
677,5.547103022538256,3.0927113610228294,200,1.0000000000000235,1.0000000000000235
678,5.553199259567341,3.097527983525296,200,1.0000000000000233,1.0000000000000233
679,5.5591698864378465,3.1022661175655353,200,1.000000000000024,1.000000000000024
680,5.56500672060018,3.1069231362615026,200,1.0000000000000244,1.0000000000000244
681,5.570701868348779,3.111496666977831,200,1.0000000000000233,1.0000000000000233
682,5.576247743281923,3.115984584156191,200,1.0000000000000233,1.0000000000000233
683,5.581637083865797,3.120385001531476,200,1.0000000000000238,1.0000000000000238
684,5.586862970064088,3.124696263823892,200,1.000000000000024,1.000000000000024
685,5.591918838997277,3.1289169379959065,200,1.000000000000023,1.000000000000023
686,5.596798499598657,3.1330458041613753,200,1.0000000000000238,1.0000000000000238
687,5.601496146237077,3.1370818462319128,200,1.0000000000000235,1.0000000000000235
688,5.606006371279412,3.1410242423828754,200,1.0000000000000244,1.0000000000000244
689,5.610324176568774,3.1448723554181335,200,1.0000000000000238,1.0000000000000238
690,5.614444983797531,3.1486257231091557,200,1.0000000000000235,1.0000000000000235
691,5.618364643757284,3.152284048579927,200,1.000000000000024,1.000000000000024
692,5.62207944445102,3.155847190804804,200,1.0000000000000244,1.0000000000000244
693,5.625586118055773,3.1593151552817225,200,1.0000000000000253,1.0000000000000253
694,5.628881846727181,3.1626880849381633,200,1.0000000000000242,1.0000000000000242
695,5.631964267240425,3.165966251322072,200,1.0000000000000244,1.0000000000000244
696,5.634831474465139,3.1691500461245012,200,1.0000000000000244,1.0000000000000244
697,5.637482023674825,3.1722399730751834,200,1.000000000000024,1.000000000000024
698,5.639914931694456,3.175236640246573,200,1.0000000000000249,1.0000000000000249
699,5.642129676892804,3.1781407527961734,200,1.0000000000000246,1.0000000000000246
700,5.644126198029076,3.1809531061712066,200,1.000000000000025,1.000000000000025
701,5.645904891966265,3.1836745797939963,200,1.0000000000000249,1.0000000000000249
702,5.6474666102664814,3.1863061312407748,200,1.0000000000000255,1.0000000000000255
703,5.648812654686319,3.1888487909211065,200,1.0000000000000255,1.0000000000000255
704,5.64994477159301,3.1913036572597493,200,1.0000000000000249,1.0000000000000249
705,5.650865145324742,3.193671892377603,200,1.0000000000000262,1.0000000000000262
706,5.651576390521111,3.195954718263437,200,1.0000000000000246,1.0000000000000246
707,5.652081543452075,3.1981534134234164,200,1.000000000000025,1.000000000000025
708,5.65238405237625,3.200269309991049,200,1.0000000000000253,1.0000000000000253
709,5.65248776696156,3.2023037912761207,200,1.0000000000000255,1.0000000000000255
710,5.652396926803535,3.2042582897274725,200,1.0000000000000253,1.0000000000000253
711,5.652116149078488,3.2061342852811117,200,1.0000000000000262,1.0000000000000262
712,5.65165041537089,3.20793330406222,200,1.0000000000000253,1.0000000000000253
713,5.6510050577159685,3.2096569174070644,200,1.0000000000000264,1.0000000000000264
714,5.650185743900339,3.211306741168661,200,1.0000000000000262,1.0000000000000262
715,5.649198462064983,3.212884435268365,200,1.0000000000000258,1.0000000000000258
716,5.648049504656422,3.2143917034542393,200,1.000000000000026,1.000000000000026
717,5.646745451773114,3.215830293226213,200,1.0000000000000258,1.0000000000000258
718,5.645293153955354,3.2172019958875877,200,1.0000000000000258,1.0000000000000258
719,5.642616766507866,3.220038274678949,200,1.000000000000025,1.000000000000025
720,5.640796805471785,3.221267447274841,200,1.000000000000026,1.000000000000026
721,5.638855221803107,3.2224363320756853,200,1.0000000000000258,1.0000000000000258
722,5.636799888009002,3.2235469136756625,200,1.0000000000000275,1.0000000000000275
723,5.634638841745723,3.2246012211226,200,1.0000000000000264,1.0000000000000264
724,5.632380266192657,3.2256013278412654,200,1.0000000000000266,1.0000000000000266
725,5.630032470267265,3.2265493514049237,200,1.0000000000000266,1.0000000000000266
726,5.627603868732712,3.2274474531260444,200,1.000000000000027,1.000000000000027
727,5.625102962249635,3.228297837439787,200,1.0000000000000269,1.0000000000000269
728,5.6225383174230465,3.2291027510567667,200,1.0000000000000262,1.0000000000000262
729,5.619918546894672,3.2298644818647215,200,1.0000000000000266,1.0000000000000266
730,5.616268865424177,3.2299299067027083,200,1.0000000000000273,1.0000000000000273
731,5.613566803775409,3.2305846631688695,200,1.0000000000000269,1.0000000000000269
732,5.608961425408666,3.2298611157078336,200,1.0000000000000275,1.0000000000000275
733,5.606240929939017,3.230404340161671,200,1.0000000000000273,1.0000000000000273
734,5.603518273748433,3.230920673531537,200,1.0000000000000275,1.0000000000000275
735,5.600801787672333,3.231412658596523,200,1.0000000000000282,1.0000000000000282
736,5.598099696552661,3.2318828590064395,200,1.0000000000000273,1.0000000000000273
737,5.5954201018157335,3.232333855374,200,1.0000000000000278,1.0000000000000278
738,5.592770964520855,3.232768241089984,200,1.0000000000000275,1.0000000000000275
739,5.590160088915615,3.2331886178771883,200,1.0000000000000278,1.0000000000000278
740,5.587595106531822,3.2335975911015105,200,1.000000000000027,1.000000000000027
741,5.58508346085398,3.233997764860761,200,1.0000000000000275,1.0000000000000275
742,5.582632392590115,3.234391736873879,200,1.0000000000000282,1.0000000000000282
743,5.580248925572532,3.234782093194991,200,1.0000000000000275,1.0000000000000275
744,5.57793985331386,3.235171402778311,200,1.0000000000000278,1.0000000000000278
745,5.575711726241519,3.235562211921137,200,1.0000000000000282,1.0000000000000282
746,5.573570839631277,3.2359570386131664,200,1.0000000000000286,1.0000000000000286
747,5.571523222258405,3.2363583668211016,200,1.0000000000000278,1.0000000000000278
748,5.569574625782451,3.236768640737915,200,1.0000000000000282,1.0000000000000282
749,5.567730514879315,3.2371902590263253,200,1.0000000000000286,1.0000000000000286
750,5.565996058131997,3.2376255690859286,200,1.0000000000000282,1.0000000000000282
751,5.56437611968898,3.2380768613730546,200,1.0000000000000286,1.0000000000000286
752,5.562875251696929,3.238546363801813,200,1.0000000000000284,1.0000000000000284
753,5.561497687512074,3.2390362362539644,200,1.000000000000028,1.000000000000028
754,5.560247335692411,3.2395485652241587,200,1.0000000000000289,1.0000000000000289
755,5.559127774770648,3.240085358625856,200,1.0000000000000295,1.0000000000000295
756,5.558142248805681,3.2406485407817858,200,1.0000000000000293,1.0000000000000293
757,5.5572936637083155,3.2412399476211897,200,1.0000000000000284,1.0000000000000284
758,5.55658458433496,3.2418613221043815,200,1.0000000000000293,1.0000000000000293
759,5.556017232341073,3.2425143098932683,200,1.0000000000000289,1.0000000000000289
760,5.555593484784344,3.2432004552845615,200,1.0000000000000286,1.0000000000000286
761,5.5553148734658375,3.2439211974203603,200,1.0000000000000293,1.0000000000000293
762,5.5554953293314435,3.244880176552296,200,1.0000000000000293,1.0000000000000293
763,5.555574131224261,3.245711866105039,200,1.0000000000000293,1.0000000000000293
764,5.555800198970071,3.246582599034372,200,1.0000000000000293,1.0000000000000293
765,5.556173553883012,3.2474933037162734,200,1.0000000000000302,1.0000000000000302
766,5.556693881231995,3.2484447874321933,200,1.0000000000000293,1.0000000000000293
767,5.557360533817118,3.24943773454405,200,1.0000000000000289,1.0000000000000289
768,5.55817253615553,3.2504727049972204,200,1.0000000000000298,1.0000000000000298
769,5.559128589255332,3.2515501331500065,200,1.0000000000000295,1.0000000000000295
770,5.560227075955396,3.252670326926382,200,1.0000000000000298,1.0000000000000298
771,5.561466066808382,3.253833467287326,200,1.0000000000000306,1.0000000000000306
772,5.562843326483751,3.2550396080146182,200,1.0000000000000306,1.0000000000000306
773,5.564356320667126,3.2562886757997695,200,1.0000000000000302,1.0000000000000302
774,5.566002223432139,3.2575804706296183,200,1.00000000000003,1.00000000000003
775,5.56777792506068,3.2589146664592317,200,1.0000000000000313,1.0000000000000313
776,5.572496020477022,3.261598104074506,200,1.0000000000000306,1.0000000000000306
777,5.574746078371994,3.26298951255109,200,1.0000000000000309,1.0000000000000309
778,5.577108866326052,3.264419420162329,200,1.0000000000000304,1.0000000000000304
779,5.579579787770826,3.2658868482865953,200,1.0000000000000304,1.0000000000000304
780,5.582154027162897,3.267390706559985,200,1.0000000000000304,1.0000000000000304
781,5.584826560704239,3.268929795298472,200,1.000000000000031,1.000000000000031
782,5.587592167275471,3.2705028080816954,200,1.000000000000031,1.000000000000031
783,5.590445439559433,3.2721083344883777,200,1.0000000000000309,1.0000000000000309
784,5.593380795333403,3.273744862974068,200,1.0000000000000315,1.0000000000000315
785,5.59639248890903,3.275410783882705,200,1.0000000000000304,1.0000000000000304
786,5.5994746226999155,3.2771043925842895,200,1.000000000000031,1.000000000000031
787,5.6026211588975645,3.278823892731828,200,1.000000000000031,1.000000000000031
788,5.605825931237266,3.2805673996315385,200,1.0000000000000304,1.0000000000000304
789,5.609082656836282,3.2823329437211988,200,1.0000000000000309,1.0000000000000309
790,5.61238494808754,3.284118474152347,200,1.000000000000031,1.000000000000031
791,5.615726324592791,3.285921862472844,200,1.0000000000000306,1.0000000000000306
792,5.619100225120006,3.287740906407093,200,1.0000000000000318,1.0000000000000318
793,5.622500019570399,3.289573333731911,200,1.0000000000000309,1.0000000000000309
794,5.625919020941311,3.2914168062466844,200,1.0000000000000318,1.0000000000000318
795,5.629350497271645,3.293268923837026,200,1.0000000000000318,1.0000000000000318
796,5.632787683557271,3.2951272286316056,200,1.0000000000000318,1.0000000000000318
797,5.636223793624255,3.296989209252243,200,1.0000000000000324,1.0000000000000324
798,5.6396520319482875,3.298852305157616,200,1.0000000000000313,1.0000000000000313
799,5.643065605409033,3.3007139110811434,200,1.000000000000031,1.000000000000031
800,5.646457734968525,3.302571381563674,200,1.0000000000000324,1.0000000000000324
801,5.6498216672629304,3.3044220355815845,200,1.0000000000000315,1.0000000000000315
802,5.65315068609727,3.3062631612707745,200,1.000000000000032,1.000000000000032
803,5.6564381238327535,3.3080920207467743,200,1.0000000000000322,1.0000000000000322
804,5.659677372656496,3.309905855020867,200,1.0000000000000322,1.0000000000000322
805,5.662861895723368,3.3117018890116583,200,1.0000000000000318,1.0000000000000318
806,5.6659852381596325,3.3134773366509918,200,1.0000000000000324,1.0000000000000324
807,5.669041037917966,3.3152294060824627,200,1.0000000000000324,1.0000000000000324
808,5.6720230364731705,3.3169553049500564,200,1.0000000000000329,1.0000000000000329
809,5.6749250893477745,3.318652245773653,200,1.0000000000000324,1.0000000000000324
810,5.677741176456312,3.320317451407219,200,1.0000000000000322,1.0000000000000322
811,5.680465412256829,3.321948160574605,200,1.0000000000000318,1.0000000000000318
812,5.683092055697756,3.3235416334768466,200,1.0000000000000326,1.0000000000000326
813,5.685615519947931,3.3250951574638155,200,1.0000000000000329,1.0000000000000329
814,5.688030381897106,3.3266060527619885,200,1.0000000000000324,1.0000000000000324
815,5.690331391413877,3.3280716782489788,200,1.0000000000000335,1.0000000000000335
816,5.692513480347528,3.3294894372643373,200,1.0000000000000329,1.0000000000000329
817,5.69457177125987,3.3308567834449794,200,1.0000000000000329,1.0000000000000329
818,5.69650158587271,3.332171226572449,200,1.0000000000000338,1.0000000000000338
819,5.698298453216213,3.3334303384180806,200,1.0000000000000329,1.0000000000000329
820,5.699958117463057,3.3346317585710032,200,1.0000000000000333,1.0000000000000333
821,5.701476545432914,3.3357732002328233,200,1.0000000000000338,1.0000000000000338
822,5.7028499337515575,3.3368524559617727,200,1.0000000000000338,1.0000000000000338
823,5.704074715648616,3.337867403348083,200,1.0000000000000329,1.0000000000000329
824,5.705147567377873,3.338816010601392,200,1.000000000000033,1.000000000000033
825,5.7060654142438665,3.339696342030089,200,1.0000000000000326,1.0000000000000326
826,5.706825436218587,3.340506563391677,200,1.000000000000033,1.000000000000033
827,5.707425073132056,3.3412449470924868,200,1.000000000000033,1.000000000000033
828,5.707862029420811,3.341909877214433,200,1.000000000000034,1.000000000000034
829,5.708134278418516,3.342499854345923,200,1.0000000000000335,1.0000000000000335
830,5.708240066173296,3.343013500193597,200,1.0000000000000342,1.0000000000000342
831,5.708177914776867,3.343449561951231,200,1.000000000000034,1.000000000000034
832,5.707946625191068,3.3438069164019124,200,1.0000000000000333,1.0000000000000333
833,5.707545279558151,3.34408457372953,200,1.0000000000000335,1.0000000000000335
834,5.70697324298191,3.344281681015633,200,1.0000000000000344,1.0000000000000344
835,5.706230164767715,3.3443975253979423,200,1.0000000000000338,1.0000000000000338
836,5.705315979110503,3.3444315368671114,200,1.0000000000000344,1.0000000000000344
837,5.704230905220941,3.3443832906788478,200,1.0000000000000344,1.0000000000000344
838,5.701783977277957,3.34358902455002,200,1.0000000000000349,1.0000000000000349
839,5.700022467094116,3.343382734001269,200,1.0000000000000346,1.0000000000000346
840,5.698093306696943,3.343093020363379,200,1.0000000000000344,1.0000000000000344
841,5.695998256657189,3.3427202136833167,200,1.0000000000000338,1.0000000000000338
842,5.69373935749358,3.3422647996008594,200,1.0000000000000346,1.0000000000000346
843,5.691318925682548,3.341727418354499,200,1.0000000000000349,1.0000000000000349
844,5.6887395490374635,3.341108863228461,200,1.0000000000000346,1.0000000000000346
845,5.6860040814622845,3.340410078431102,200,1.0000000000000349,1.0000000000000349
846,5.683115637086739,3.339632156397356,200,1.0000000000000353,1.0000000000000353
847,5.680077583792617,3.33877633451048,200,1.0000000000000355,1.0000000000000355
848,5.676893536143043,3.3378439912411024,200,1.000000000000035,1.000000000000035
849,5.673567347729089,3.3368366417045063,200,1.000000000000036,1.000000000000036
850,5.6701031029503834,3.3357559326401525,200,1.0000000000000362,1.0000000000000362
851,5.666505108248849,3.334603636820672,200,1.0000000000000346,1.0000000000000346
852,5.662777882816989,3.333381646900923,200,1.000000000000035,1.000000000000035
853,5.658926148804484,3.332091968721171,200,1.0000000000000364,1.0000000000000364
854,5.654954821049091,3.33073671408203,200,1.0000000000000362,1.0000000000000362
855,5.650868996360035,3.3293180930124597,200,1.000000000000035,1.000000000000035
856,5.6466739423841386,3.3278384055558035,200,1.0000000000000355,1.0000000000000355
857,5.642375086086927,3.326300033102604,200,1.0000000000000355,1.0000000000000355
858,5.637978001882852,3.3247054293026665,200,1.0000000000000357,1.0000000000000357
859,5.633488399450412,3.3230571105925484,200,1.0000000000000362,1.0000000000000362
860,5.628912111269635,3.321357646378296,200,1.0000000000000357,1.0000000000000357
861,5.624255079920774,3.3196096489168267,200,1.000000000000036,1.000000000000036
862,5.6195233451843,3.3178157629427623,200,1.0000000000000364,1.0000000000000364
863,5.6147230309834235,3.3159786550907846,200,1.0000000000000366,1.0000000000000366
864,5.609860332211208,3.3141010031666585,200,1.0000000000000369,1.0000000000000369
865,5.60246613793897,3.3107791501378476,200,1.000000000000036,1.000000000000036
866,5.5974434410638665,3.308849281915127,200,1.0000000000000362,1.0000000000000362
867,5.592380505231798,3.306887699457259,200,1.000000000000036,1.000000000000036
868,5.58728373451684,3.304897011081618,200,1.0000000000000362,1.0000000000000362
869,5.577244945416654,3.301715565497597,200,1.0000000000000364,1.0000000000000364
870,5.5721474614906725,3.2995807332416858,200,1.0000000000000366,1.0000000000000366
871,5.567041035067786,3.2974274794690634,200,1.0000000000000366,1.0000000000000366
872,5.561931824967312,3.295258041712295,200,1.0000000000000375,1.0000000000000375
873,5.556825924633634,3.2930745601024265,200,1.0000000000000369,1.0000000000000369
874,5.551729350933679,3.2908790694797148,200,1.0000000000000373,1.0000000000000373
875,5.546648033365027,3.2886734921476575,200,1.0000000000000375,1.0000000000000375
876,5.541587803706582,3.286459631326892,200,1.0000000000000369,1.0000000000000369
877,5.536554386141567,3.2842391653621066,200,1.0000000000000364,1.0000000000000364
878,5.5315533878801215,3.2820136427311573,200,1.000000000000037,1.000000000000037
879,5.5265902903062525,3.2797844779010967,200,1.000000000000037,1.000000000000037
880,5.5216704406712065,3.277552948070881,200,1.000000000000037,1.000000000000037
881,5.5167990443524655,3.275320190835086,200,1.000000000000037,1.000000000000037
882,5.511981157694645,3.2730872027971265,200,1.0000000000000369,1.0000000000000369
883,5.507221681445529,3.2708548391542145,200,1.0000000000000369,1.0000000000000369
884,5.499721616481531,3.267204560703266,200,1.000000000000037,1.000000000000037
885,5.495106347297952,3.265007676622748,200,1.000000000000037,1.000000000000037
886,5.490566285313593,3.2628132401844843,200,1.0000000000000373,1.0000000000000373
887,5.486105627660255,3.260621523392458,200,1.0000000000000375,1.0000000000000375
888,5.481728389520892,3.258432672085448,200,1.0000000000000369,1.0000000000000369
889,5.47743840125538,3.25624671168449,200,1.0000000000000375,1.0000000000000375
890,5.473239306123409,3.254063553856136,200,1.0000000000000375,1.0000000000000375
891,5.4691345585922555,3.2518830040538953,200,1.0000000000000373,1.0000000000000373
892,5.465127423214131,3.249704769893031,200,1.0000000000000384,1.0000000000000384
893,5.461220974054957,3.2475284703068876,200,1.0000000000000375,1.0000000000000375
894,5.457418094653646,3.2453536454262197,200,1.000000000000037,1.000000000000037
895,5.453721478488322,3.2431797671165805,200,1.0000000000000373,1.0000000000000373
896,5.440961778601052,3.2366184782927494,200,1.000000000000038,1.000000000000038
897,5.4356612150821775,3.2335960162856363,200,1.0000000000000382,1.0000000000000382
898,5.43258461249922,3.2315563319180716,200,1.000000000000038,1.000000000000038
899,5.429633761143022,3.229514935829913,200,1.0000000000000375,1.0000000000000375
900,5.426810194332063,3.2274712852211365,200,1.000000000000038,1.000000000000038
901,5.424115257543569,3.225424861355236,200,1.0000000000000382,1.0000000000000382
902,5.421550111003615,3.2233751812964946,200,1.0000000000000375,1.0000000000000375
903,5.4175534347301095,3.2175419182262917,200,1.0000000000000373,1.0000000000000373
904,5.415423370046465,3.2153979056181865,200,1.0000000000000386,1.0000000000000386
905,5.413421893461462,3.213247836073552,200,1.0000000000000384,1.0000000000000384
906,5.411549117219317,3.2110915827368824,200,1.0000000000000382,1.0000000000000382
907,5.4098050028118,3.2089291315103803,200,1.0000000000000377,1.0000000000000377
908,5.4081893650409825,3.2067605893014,200,1.0000000000000377,1.0000000000000377
909,5.406701876011915,3.2045861913275453,200,1.000000000000038,1.000000000000038
910,5.405342069024658,3.2024063074021965,200,1.0000000000000377,1.0000000000000377
911,5.4041093423370254,3.200221447128988,200,1.0000000000000389,1.0000000000000389
912,5.4030029627716525,3.1980322639401275,200,1.0000000000000377,1.0000000000000377
913,5.399689335759437,3.1945434575306275,200,1.0000000000000384,1.0000000000000384
914,5.398999988064553,3.192398714581397,200,1.0000000000000389,1.0000000000000389
915,5.398435882944064,3.1902546908460003,200,1.000000000000039,1.000000000000039
916,5.397995666079882,3.188112745593798,200,1.0000000000000393,1.0000000000000393
917,5.397677858672744,3.1859743716903592,200,1.0000000000000395,1.0000000000000395
918,5.397480859424736,3.1838411904262034,200,1.0000000000000397,1.0000000000000397
919,5.397402946303337,3.1817149450009734,200,1.0000000000000389,1.0000000000000389
920,5.397442278087315,3.1795974926754367,200,1.0000000000000404,1.0000000000000404
921,5.397596895697869,3.177490795613582,200,1.0000000000000397,1.0000000000000397
922,5.397336822872629,3.1750199289832937,200,1.000000000000039,1.000000000000039
923,5.397803646741668,3.172973702648366,200,1.00000000000004,1.00000000000004
924,5.398379383139684,3.1709461252459707,200,1.0000000000000393,1.0000000000000393
925,5.399061524805145,3.1689394490246916,200,1.0000000000000395,1.0000000000000395
926,5.399847445577736,3.166955955917223,200,1.00000000000004,1.00000000000004
927,5.400734400731806,3.164997941246009,200,1.0000000000000397,1.0000000000000397
928,5.4017195272386695,3.1630676966191906,200,1.0000000000000395,1.0000000000000395
929,5.40279984398429,3.1611674921187363,200,1.0000000000000404,1.0000000000000404
930,5.403972251970822,3.15929955789038,200,1.00000000000004,1.00000000000004
931,5.405233534532297,3.157466065252071,200,1.00000000000004,1.00000000000004
932,5.421209496735467,3.1385588948819314,200,1.0000000000000397,1.0000000000000397
933,5.422457022182152,3.13683120662103,200,1.0000000000000409,1.0000000000000409
934,5.423752549677029,3.135154377412337,200,1.0000000000000404,1.0000000000000404
935,5.42509271491102,3.1335299240354915,200,1.00000000000004,1.00000000000004
936,5.4264740715694675,3.1319591233841297,200,1.0000000000000404,1.0000000000000404
937,5.42789309033733,3.13044299361706,200,1.0000000000000402,1.0000000000000402
938,5.429346158210892,3.1289822764469464,200,1.0000000000000413,1.0000000000000413
939,5.430829578160811,3.1275774207167215,200,1.0000000000000409,1.0000000000000409
940,5.432339569189585,3.1262285674074985,200,1.0000000000000406,1.0000000000000406
941,5.434076932656586,3.1251676489685423,200,1.0000000000000406,1.0000000000000406
942,5.435701826559821,3.1239669064091173,200,1.0000000000000406,1.0000000000000406
943,5.438036589116962,3.123414335720613,200,1.0000000000000415,1.0000000000000415
944,5.439821284526489,3.1223812916422924,200,1.0000000000000413,1.0000000000000413
945,5.441607199792984,3.1213933853709324,200,1.0000000000000409,1.0000000000000409
946,5.4433896589362565,3.1204479248242176,200,1.0000000000000417,1.0000000000000417
947,5.445685944246326,3.1199219225372614,200,1.000000000000041,1.000000000000041
948,5.447506442257943,3.1190711469390244,200,1.0000000000000415,1.0000000000000415
949,5.4493068972447425,3.118249398206041,200,1.0000000000000415,1.0000000000000415
950,5.451082327437515,3.1174523896824478,200,1.0000000000000415,1.0000000000000415
951,5.4540983779191246,3.1174623036712488,200,1.0000000000000413,1.0000000000000413
952,5.455904633866579,3.1167058672190318,200,1.0000000000000417,1.0000000000000417
953,5.45766572360489,3.1159513548087885,200,1.0000000000000417,1.0000000000000417
954,5.459376487913265,3.115193009850752,200,1.000000000000042,1.000000000000042
955,5.461031803993935,3.1144248679000626,200,1.000000000000041,1.000000000000041
956,5.462626598483188,3.11364078152173,200,1.0000000000000413,1.0000000000000413
957,5.464155860824103,3.1128344467494617,200,1.0000000000000415,1.0000000000000415
958,5.46561465694802,3.1119994310191488,200,1.0000000000000424,1.0000000000000424
959,5.466998143208112,3.111129202450221,200,1.0000000000000422,1.0000000000000422
960,5.46830158050517,3.1102171603414694,200,1.0000000000000413,1.0000000000000413
961,5.469520348542666,3.109256666742228,200,1.0000000000000426,1.0000000000000426
962,5.470649960145547,3.10824107895503,200,1.0000000000000426,1.0000000000000426
963,5.471686075574887,3.107163782821928,200,1.0000000000000424,1.0000000000000424
964,5.472624516768662,3.10601822664362,200,1.0000000000000424,1.0000000000000424
965,5.473461281437402,3.1047979555782526,200,1.0000000000000429,1.0000000000000429
966,5.474192556942408,3.1034966463652465,200,1.000000000000043,1.000000000000043
967,5.4748147338835995,3.1021081422186705,200,1.000000000000043,1.000000000000043
968,5.475324419323853,3.1006264877344507,200,1.0000000000000429,1.0000000000000429
969,5.47571844957698,3.099045963656061,200,1.000000000000043,1.000000000000043
970,5.475993902487239,3.0973611213441514,200,1.000000000000043,1.000000000000043
971,5.4761481091293955,3.095566816796828,200,1.0000000000000435,1.0000000000000435
972,5.476178664860108,3.09365824406888,200,1.0000000000000429,1.0000000000000429
973,5.476083439653425,3.091630967940167,200,1.0000000000000429,1.0000000000000429
974,5.475860587655802,3.0894809556854974,200,1.0000000000000435,1.0000000000000435
975,5.475508555899033,3.0872046078006523,200,1.0000000000000433,1.0000000000000433
976,5.475026092112908,3.084798787541705,200,1.000000000000044,1.000000000000044
977,5.474412251583251,3.082260849137328,200,1.000000000000044,1.000000000000044
978,5.4736664030052395,3.0795886645365083,200,1.0000000000000433,1.0000000000000433
979,5.47303921078596,3.0759654755656376,200,1.0000000000000444,1.0000000000000444
980,5.47202443076951,3.0729190392985184,200,1.000000000000044,1.000000000000044
981,5.470877113167065,3.069733849738658,200,1.0000000000000442,1.0000000000000442
982,5.469598071752927,3.0664104195702917,200,1.0000000000000435,1.0000000000000435
983,5.468281478566597,3.061761793111615,200,1.0000000000000444,1.0000000000000444
984,5.4632210267221115,3.0529804988595926,200,1.0000000000000442,1.0000000000000442
985,5.461310222103545,3.049095860599786,200,1.000000000000045,1.000000000000045
986,5.459278878850563,3.045088861720799,200,1.0000000000000449,1.0000000000000449
987,5.457129893283297,3.040964295268019,200,1.000000000000044,1.000000000000044
988,5.454866455733144,3.03672763232754,200,1.000000000000045,1.000000000000045
989,5.452492041177443,3.032385018594085,200,1.000000000000046,1.000000000000046
990,5.450010398766637,3.027943267908547,200,1.0000000000000449,1.0000000000000449
991,5.447425540284472,3.0234098526929363,200,1.0000000000000442,1.0000000000000442
992,5.439487141171357,3.0126759383591852,200,1.000000000000045,1.000000000000045
993,5.436298461235011,3.006375245495454,200,1.0000000000000453,1.0000000000000453
994,5.433256195334588,3.001586264652946,200,1.000000000000045,1.000000000000045
995,5.43013762442752,2.996758810297899,200,1.0000000000000457,1.0000000000000457
996,5.426948080082353,2.9919041199612,200,1.000000000000045,1.000000000000045
997,5.423693038049038,2.987033911902437,200,1.0000000000000455,1.0000000000000455
998,5.4203781002985,2.9821603479559724,200,1.0000000000000455,1.0000000000000455
999,5.397513478292852,2.9584001397233224,200,1.0000000000000453,1.0000000000000453
1000,5.393754033171735,2.954007402964311,200,1.000000000000045,1.000000000000045
