time_step,weight_0,weight_1,weight_2,weight_3,weight_4,weight_5,weight_6,weight_7,weight_8,weight_9,weight_10
0,0.0,1.0,0.0,0.0,0.0,0.0,0.0,0.0,0.0,0.0,0.0
1,0.0,0.997809815150001,0.0021897523398621,4.322966667782414e-07,2.1347029821205136e-10,0.0,0.0,0.0,0.0,0.0,0.0
2,0.0,0.9956251510295889,0.0043724968626670645,2.3509122758754716e-06,1.1953488347622305e-09,1.1956865449498237e-13,0.0,0.0,0.0,0.0,0.0
3,0.0,0.9901889103094286,0.009799260840254247,1.1815317864951392e-05,1.3529221412367024e-08,3.2296833553583245e-12,1.264835504262026e-15,0.0,0.0,0.0,0.0
4,0.0,0.9858635253826569,0.014108328813392447,2.8106481011677007e-05,3.93022194536932e-08,2.0710306921282816e-11,9.168931919255079e-15,0.0,0.0,0.0,0.0
5,0.0,0.9807013076926896,0.01924149341048736,5.709613124892593e-05,1.0267814503124093e-07,8.737530430403766e-11,5.3837050503254056e-14,0.0,0.0,0.0,0.0
6,0.0,0.9747174407314086,0.02517856708719355,0.00010375197440302149,2.399169632398663e-07,2.897884588502226e-10,2.428507353680776e-13,0.0,0.0,0.0,0.0
7,0.0,0.9611835226991645,0.03852497115040536,0.00029046063924175006,1.0434961756667115e-06,2.012222731070508e-09,2.7884886530485087e-12,1.2657537812883584e-15,0.0,0.0,0.0
8,0.0,0.952838690015239,0.04672990976131522,0.0004294988275442044,1.896770953658562e-06,4.617443738547244e-09,7.498131812311715e-12,5.936652136607426e-15,0.0,0.0,0.0
9,0.0,0.9437547761624894,0.05562880820616818,0.0006131391206218227,3.266716622222612e-06,9.775155610267776e-09,1.892130983570738e-11,2.0977969378189276e-14,0.0,0.0,0.0
10,0.0,0.9339580583058563,0.06518700177953513,0.0008495471498262696,5.373388642750163e-06,1.9331606324299465e-08,4.446923610746678e-11,6.339923618972926e-14,0.0,0.0,0.0
11,0.0,0.9234767474905012,0.07536735415792942,0.0011473634496392813,8.498690262523855e-06,3.611368633110174e-08,9.780921819219699e-11,1.7124183943660408e-13,0.0,0.0,0.0
12,0.0,0.9062597173022029,0.0920108225022878,0.0017134983510233095,1.5876903497491187e-05,8.463952128009195e-08,3.0084516281255155e-10,6.203815354382676e-13,2.6727549283156065e-16,0.0,0.0
13,0.0,0.8942076222967805,0.10356517987242417,0.0022038104443716264,2.3245305779628538e-05,1.4150857478073313e-07,5.706635634076961e-10,1.402652318042562e-12,8.865439888741629e-16,0.0,0.0
14,0.0,0.8815835951672354,0.11559445280904775,0.002788484656192919,3.323712079927218e-05,2.2920072072749283e-07,1.0430036078264251e-09,2.9948105793155436e-12,2.674146703155973e-15,0.0,0.0
15,0.0,0.8684230476003093,0.12805260628222442,0.003477451129165079,4.653225536777339e-05,3.6088437874605443e-07,1.8424605605336234e-09,6.083059085647409e-12,7.709690807051344e-15,0.0,0.0
16,0.0,0.8547626271354298,0.14089216783134964,0.0042807214035862585,6.392643797562328e-05,5.540242639232231e-07,3.155540210866145e-09,1.1830311564309452e-11,2.0448457144152795e-14,0.0,0.0
17,0.0,0.8406400737097737,0.15406443888631816,0.00520831002533678,8.63407102768814e-05,8.313911363567649e-07,5.254957487805992e-09,2.2147454349251607e-11,4.932087802729987e-14,0.0,0.0
18,0.0,0.8260940726473351,0.1675197107922002,0.006270155263401195,0.00011483050403589256,1.2222216275888676e-06,8.531195908910757e-09,4.009028875342663e-11,1.0935344517983426e-13,0.0,0.0
19,0.0,0.8111641047643079,0.18120748447687168,0.0074760394403536636,0.0001505941785692837,1.7635363721101475e-06,1.353286828895509e-08,7.042534863123897e-11,2.2741749686165053e-13,0.0,0.0
20,0.0,0.7877825895402767,0.20246238159689148,0.009529740035592538,0.00022232157362522223,2.9403911206917238e-06,2.6710348090420315e-08,1.514899167203547e-10,6.503564197730148e-13,0.0,0.0
21,0.0,0.7720832522740058,0.21649764172548175,0.011132553329733513,0.00028243514269664523,4.077267076360608e-06,4.000837626085348e-08,2.5144080805732053e-10,1.183318403641349e-12,0.0,0.0
22,0.0,0.7561426423536644,0.23058527058492015,0.012911233135415411,0.0003552174976212723,5.576978612974355e-06,5.9039671182303555e-08,4.0798754740771956e-10,2.1010290932061013e-12,2.5309313616237694e-16,0.0
23,0.0,0.7400018942359284,0.2446740012868077,0.014873894063206603,0.00044259172971691644,7.532144776339218e-06,8.58874205435869e-08,6.48493682643054e-10,3.641748739928352e-12,1.9107930045326286e-15,0.0
24,0.0,0.7151034784367041,0.26617368364617733,0.0181001820321606,0.0006110561810708488,1.1447817482678764e-05,1.5065912841104274e-07,1.2190054455208012e-09,8.252653752382288e-12,1.1286505156019433e-14,0.0
25,0.0,0.6746543726340153,0.29948846612867697,0.024850361386637182,0.0009840092019686338,2.2449985356139166e-05,3.3715624764173527e-07,3.480268993058636e-09,2.673254753293429e-11,8.92901759030123e-14,0.0
26,0.0,0.6580982569450008,0.31285491209141497,0.027837645346849307,0.0011799198976905827,2.879959678510708e-05,4.6098094002772663e-07,5.0994514755030824e-09,4.168861817087227e-11,1.7170658448813046e-13,0.0
27,0.0,0.6415820470470377,0.32593181889203526,0.031043114392951748,0.0014057522322738327,3.6635748295416784e-05,6.242426308250295e-07,7.380222805361063e-09,6.423236767489433e-11,3.1236510437215634e-13,0.0
28,0.0,0.6251434896519327,0.33867528397233976,0.03446948795694029,0.0016646549250444206,4.6235305449822364e-05,8.375334627666397e-07,1.0556522528691769e-08,9.775456659252523e-11,5.448226229665542e-13,0.0
29,0.0,0.6088192892547315,0.3510432313201778,0.038118500719625074,0.00195993627188291,5.7913572456597844e-05,1.1137801056751164e-06,1.4933121868052756e-08,1.469696990206811e-10,9.195087019870815e-13,0.0
30,0.0,0.5926449850983433,0.3629955778746522,0.041990863958189614,0.0022950556260828607,7.202767169926588e-05,1.468647513583573e-06,2.0903635785704115e-08,2.1836230316973927e-10,1.511078988688024e-12,0.0
31,0.0,0.5766548345026941,0.37449438931467677,0.046086232694915186,0.0026736132123061102,8.897998717481587e-05,1.920992767831367e-06,2.8972263010812926e-08,3.2076301122624305e-10,2.42800466541625e-12,5.42529716378257e-16
32,0.0,0.5608817030279821,0.3855040245417796,0.05040317888415746,0.0030993382767184803,0.00010922164722638661,2.4933723646087315e-06,3.977984816200514e-08,4.660847687985365e-10,3.8245021635292834e-12,2.7660538141082095e-15
33,0.0,0.5453569619052221,0.39599126822939384,0.05493917083882853,0.003576075589547156,0.00013325601970496382,3.212606184347434e-06,5.4134924034970844e-08,6.702550602351499e-10,5.920353323494121e-12,8.492891009780072e-15
34,0.0,0.5301103931289773,0.40592545087520004,0.05969055906055845,0.004107770329584687,0.00016164219056474295,4.110401212693631e-06,7.305045812047439e-08,9.543890461792167e-10,9.022824313331762e-12,2.08026202553699e-14
35,0.0,0.5151701025671429,0.41527855586003826,0.06465256859959648,0.004698451393479704,0.00019499839491328224,5.22403786218596e-06,9.778709646090822e-08,1.3462550883273383e-09,1.3560019134336328e-11,4.385112371828752e-14
36,0.0,0.5005624414011123,0.4240253130861078,0.06981929803160151,0.005352213185901804,0.00023400536772526532,6.597121472533858e-06,1.299037680843928e-07,1.882092932255613e-09,2.0121733871091068e-11,8.384497145464295e-14
37,0.0,0.4793095631083589,0.43606648938105075,0.07785259108194979,0.006456900674250636,0.00030495485091050907,9.302339824738146e-06,1.9543480434387294e-07,3.0933843357317247e-09,3.524932687841641e-11,2.036182085762461e-13
38,0.0,0.4656450570415708,0.44319865722743834,0.08349702679059062,0.007285956747607748,0.00036147268895262075,1.157002905534912e-05,2.551955141067312e-07,4.22796375648366e-09,5.095489860701455e-11,3.3811388749030444e-13
39,0.0,0.4523906534606631,0.4496587014061198,0.08931684031753243,0.00819260274324977,0.000426552576619244,1.43126146583636e-05,3.3107019034495e-07,5.737468202076591e-09,7.293878287880853e-11,5.456620223694676e-13
40,0.0,0.4395640527487248,0.4554345119629629,0.09530122868510077,0.00918096550705454,0.000501193107484123,1.761331790628635e-05,4.268342567997755e-07,7.732185609424538e-09,1.0345023943214035e-10,8.590301213278349e-13
41,0.0,0.42718092742104286,0.4605169881464634,0.10143837521544394,0.010255113913024905,0.0005864707332229538,2.1567056134833857e-05,5.4701692995391e-07,1.0350939989261366e-08,1.4545864399095726e-10,1.323319906858797e-12
42,0.0,0.4152549023654526,0.4649000393533065,0.1077154909058175,0.011419033019668985,0.000683541705771842,2.6281652048934345e-05,6.970255766033969e-07,1.3767482418486886e-08,2.0285766298967083e-10,2.001099378417744e-12
43,0.0,0.40379754434690457,0.46858057177943097,0.11411886181588052,0.012676597517761845,0.0007936436587733313,3.1879113341962976e-05,8.832860986742006e-07,1.8198093511145528e-08,2.807203875931082e-10,2.977868554940498e-12
44,0.0,0.3928183607081506,0.4715584609731493,0.12063390222456236,0.014031544622080994,0.0009180967899993115,3.849698071531773e-05,1.1134007570909265e-06,2.3910583032067583e-08,3.85616067199541e-10,4.3688460210025936e-12
45,0.0,0.3823248071542196,0.4738365105577792,0.12724521327931912,0.015487446567704764,0.001058304607227347,4.628974161823217e-05,1.396324888832536e-06,3.1234894357242314e-08,5.260013510601367e-10,6.329626648358611e-12
46,0.0,0.3723223044650799,0.47542039746024045,0.13393664682747394,0.0170476828784763,0.0012157542011741026,5.543030621755611e-05,1.7425640053060292e-06,4.057554578014825e-08,7.127006746460932e-10,9.068405380739802e-12
47,0.0,0.36281426393876437,0.47631860404884085,0.14069137408803212,0.018715412581218054,0.0013920160105578762,6.611154126280167e-05,2.164392786518663e-06,5.242616362087117e-08,9.594945600851802e-10,1.286133966565386e-11
48,0.0,0.3495965978053996,0.47640649035633637,0.15076512418718183,0.02144970117938566,0.0016930415174093443,8.601387611368444e-05,2.952617843706295e-06,7.697220091351691e-08,1.466425604555774e-09,2.1685215367667228e-11
49,0.0,0.3413400844702935,0.47563667818522437,0.1575969580743623,0.023397599495573934,0.0019233979669349257,0.00010155306466265245,3.6287648358692543e-06,9.80008317210905e-08,1.947302440683958e-09,2.996041914460678e-11
50,0.0,0.3335744727820127,0.47423190857209563,0.16442903944274928,0.025461843008291827,0.002178680734274998,0.00011948766448243217,4.440954033613105e-06,1.2422981875765164e-07,2.5711016815059633e-09,4.112126318069782e-11
51,0.0,0.32629464412053677,0.4722121434121434,0.1712424420740686,0.027644260920540467,0.002460816107414665,0.00014012035025495306,5.412779551128224e-06,1.5680327579431314e-07,3.376116183693075e-09,5.6080272616384946e-11
52,0.0,0.31949375452757983,0.46959956587161295,0.17801800535871173,0.029946316501942377,0.002771801978652026,0.00016378292375345574,6.5712663226428325e-06,1.9708557483426476e-07,4.409821780934375e-09,7.601088734739296e-11
53,0.0,0.3131633094889662,0.46641844133212684,0.18473642429375173,0.03236908341421289,0.0031137036173429313,0.00019083805504082637,7.947267688951177e-06,2.4669761230828164e-07,5.730825296612447e-09,1.0241452487145319e-10
54,0.0,0.3072932447902243,0.462694970086836,0.1913783409898417,0.03491322335711615,0.0034886487539430434,0.00022168101999557913,9.575895653702916e-06,3.07557997151809e-07,7.411171827433928e-09,1.3720298855796718e-10
55,0.0,0.30187201296393396,0.4584571326242892,0.197924437175523,0.0375789652115109,0.0038988219661906347,0.0002567414220417895,1.1496984953619707e-05,3.819296724556777e-07,9.539067380422746e-09,1.8279930090005707e-10
56,0.0,0.2968866748254145,0.4537345283666845,0.2043555271807856,0.04036608585052431,0.004346458362666098,0.00029648488509461074,1.3755591956711249e-05,4.7247251534306985e-07,1.2222080013793403e-08,2.422605707755885e-10
57,0.0,0.292322995574225,0.44855820875503555,0.21065265087808438,0.04327389278309311,0.004833836563574269,0.0003414147039089238,1.6402529250914493e-05,5.823024924353549e-07,1.559089034746258e-08,3.194271081139915e-10
58,0.0,0.2881655449227297,0.44296050559468486,0.21679716605844607,0.046301208786114906,0.005363270983396265,0.00039207343724426483,1.9494936611759948e-05,7.150579803995846e-07,1.9803670699606198e-08,4.1910268664606424e-10
59,0.0,0.2843978006997254,0.4369748555904185,0.22277083972279427,0.04944635867229357,0.005937103425019693,0.0004490444285435932,2.309688884120872e-05,8.749738922611634e-07,2.5051181541396618e-08,5.472716340981537e-10
60,0.0,0.2810022553668736,0.43063562201114836,0.22855593777417518,0.052707158330488335,0.006557694000048667,0.0005129532381758249,2.7280040750429533e-05,1.0669642794990536e-06,3.156268274711583e-08,7.113590137256071e-10
61,0.0,0.27796052487846545,0.423977914429707,0.23413531260512277,0.056080906164042,0.007227411395185195,0.0005844689707213658,3.212430931675328e-05,1.2967141103615505e-06,3.961276836642441e-08,9.205421348042627e-10
62,0.0,0.27377564995462544,0.41359073738639524,0.2422298425563574,0.06131957694864264,0.008335253331280853,0.0007062450271549857,4.0913646480705204e-05,1.7243971238533863e-06,5.541003155021668e-08,1.3418886651414147e-09
63,0.0,0.27152525873023303,0.4062987079626925,0.2472256601666602,0.06496180619349361,0.009138639377637599,0.0007999505901320058,4.7827108791214875e-05,2.079259563318733e-06,6.889251926006468e-08,1.7182585405202725e-09
64,0.0,0.2685079159874031,0.39506356194382053,0.2543104929593547,0.07064678169790531,0.01044769825525965,0.0009606011218419733,6.010701481193354e-05,2.743901594202587e-06,9.463708082627173e-08,2.4809089543573794e-09
65,0.0,0.26692725567576847,0.38736056362424043,0.2586288989611291,0.07452987302399645,0.011398569002229292,0.0010816409601252814,6.979748559924777e-05,3.28143401713202e-06,1.1669180039427946e-07,3.1410756219929813e-09
66,0.0,0.26557870586987836,0.37955458938202097,0.2626553189879055,0.07849880533835091,0.012412406501393265,0.001215268140998554,8.08450295540467e-05,3.913369934471618e-06,1.4341610398898095e-07,3.963841356321083e-09
67,0.0,0.26444088606922733,0.3716809481795687,0.26637888768859946,0.08254722979329929,0.013491322214561492,0.0013624815987937498,9.340949530295028e-05,4.654276041817191e-06,1.7569886820152564e-07,4.9857184545038706e-09
68,0.0,0.26349242393055705,0.3637742978002715,0.2697898955836886,0.08666830805077445,0.014637338839837347,0.001524328625571164,0.00010766569465387165,5.5206447446578064e-06,2.1457926084185532e-07,6.250622136921849e-09
69,0.0,0.26271205985942053,0.35586848826930517,0.27287983775929864,0.09085472866139546,0.015852376428506176,0.0017019044688606248,0.00012380436998601983,6.531103114007764e-06,2.612688859010688e-07,7.811209257642051e-09
70,0.0,0.26207874851501556,0.34799641201186954,0.2756414564749297,0.09509872629314836,0.01713823832751265,0.001896351650482411,0.0001420331810856617,7.706638823484582e-06,3.171766852936293e-07,9.730429119185046e-09
71,0.0,0.2615567102651898,0.33224647436583327,0.2800145352414631,0.10371405864607189,0.019925051901687668,0.002346766836915307,0.00018522839643475894,1.0697787177336914e-05,4.614365106776631e-07,1.5122698050358576e-08
72,0.0,0.2612451432858832,0.32465872692407205,0.28176396066596565,0.10807665786092203,0.021431804244010342,0.0025994843814610433,0.0002111238205548018,1.2524577282039355e-05,5.556014529910959e-07,1.8638377954537054e-08
73,0.0,0.26099983020669104,0.31722462258779466,0.28316926758588234,0.11246167265857217,0.023015058729982395,0.0028741006914939126,0.00024012818124662718,1.4629268778936507e-05,6.671813696777248e-07,2.290817045511884e-08
74,0.0,0.2608021788740299,0.3099702993144084,0.28422984291907405,0.11685946010381242,0.02467582110253632,0.003171972920074381,0.00027254893803607504,1.7048687993661363e-05,7.99060665218907e-07,2.8079351630055378e-08
75,0.0,0.2606343337748275,0.3029202128172652,0.28494643775000655,0.12126009492682488,0.02641489687972173,0.0034944946612349695,0.0003087165465861265,1.9823773438437146e-05,9.545449997442984e-07,3.432507687266359e-08
76,0.0,0.2604792446734583,0.2960970503468027,0.2853211626999728,0.125653406390857,0.028232878301339335,0.003843092941419725,0.00034898544431996055,2.2999939182996355e-05,1.1374142212751495e-06,4.184840791221416e-08
77,0.0,0.2603207293069131,0.28952165525003987,0.2853574763478925,0.13002901715642698,0.03013013175822812,0.004219224842158151,0.0003937350108946401,2.6627459767591777e-05,1.3519807798809284e-06,5.0886881471282934e-08
78,0.0,0.26014352992959894,0.2832129625491377,0.2850601667692857,0.13437638396497972,0.03210678579248724,0.0046243737498958,0.00044337049599188255,3.0761876874689016e-05,1.603154050227314e-06,6.171767991162197e-08
79,0.0,0.2599333635352664,0.27718794571695554,0.28443532629978824,0.1386848399516313,0.03416271975655845,0.005060045230942702,0.0004983239065020577,3.546442786113102e-05,1.8965110069412563e-06,7.46634692949401e-08
80,0.0,0.2593081648719979,0.2688943201979007,0.28296042508458663,0.1450216245333535,0.037410619780331604,0.005766043394974352,0.0005926133762934045,4.3655584747813865e-05,2.434610415632888e-06,9.856538064734563e-08
81,0.0,0.2589597658189325,0.263638782255614,0.2815501421334037,0.14918710941839777,0.0396636443190472,0.0062845024626225505,0.0006629855559730352,5.008606948745433e-05,2.8634160634742634e-06,1.1855044081921541e-07
82,0.0,0.25853700964517995,0.2587100619221376,0.2798433196288813,0.15327602530907422,0.041993454371353565,0.006838864058037429,0.0007404117225090038,5.7350688325390085e-05,3.3604145432458746e-06,1.4223994066675355e-07
83,0.0,0.25803044217113247,0.2541159563910045,0.2778514351023672,0.15727770230121152,0.04439868911533902,0.0074306733996265095,0.0008254537939713031,6.55422101599188e-05,3.9352599452786816e-06,1.702552246295087e-07
84,0.0,0.2574317420482716,0.24986221162879185,0.2755870188096848,0.1611815990839458,0.04687769161335379,0.008061468651262818,0.0009187042161707028,7.476183993987221e-05,4.598797929600394e-06,2.03310631651085e-07
85,0.0,0.25673372822583534,0.24595254191645116,0.27306358957501464,0.16497735047180018,0.04942850377539155,0.008732774467229745,0.001020786370997561,8.511978199822817e-05,5.3631896094573695e-06,2.4222565475037805e-07
86,0.0,0.25593036096516586,0.24238865994407646,0.27029558578837853,0.16865481482796746,0.052048862572043,0.00944609522165258,0.0011323548754957513,9.673582118677962e-05,6.242045575276692e-06,2.879384409445397e-07
87,0.0,0.25501673653332224,0.23917031712616282,0.26729829194358684,0.1722041211231089,0.0547361975589068,0.010202907941215653,0.0012540957618557024,0.00010973992047563258,7.250570600728435e-06,3.4152074733429713e-07
88,0.0,0.2539890757397794,0.23629535375244903,0.26408776112756516,0.1756157153728881,0.05748762976866039,0.011004654962606438,0.0013867265285236311,0.0001242728334618983,8.405719573486024e-06,4.041944754598694e-07
89,0.0,0.2523834697288131,0.23244892238640438,0.25890707776940636,0.18047788493022698,0.0617065756074277,0.012309907298517596,0.0016056526566345986,0.00014955518223193503,1.0434040321015582e-05,5.203999993522863e-07
90,0.0,0.25105932541620835,0.2304133255979983,0.2552398369302914,0.1835049208216364,0.06460223141309043,0.013230358786653722,0.0017687401912404397,0.00016860744113079848,1.2041019904157074e-05,6.123818291804226e-07
91,0.0,0.24961622550707274,0.22869966276408585,0.25142042503962714,0.18636398120371683,0.0675494676100132,0.014200402175252399,0.0019454714602259932,0.00018977490801246267,1.387013762832522e-05,7.191943485025685e-07
92,0.0,0.24805516296763414,0.2272980255906908,0.24746730672370956,0.18904748691303794,0.07054404370725781,0.015221225620705596,0.0021367022826825864,0.00021325473536250704,1.594847077762726e-05,8.429881247608438e-07
93,0.0,0.24637809290454207,0.2261970240836968,0.2433992366897465,0.19154840876423282,0.07358143107586534,0.016293938459737242,0.002343317496690106,0.00023925840840515857,1.8305928096865133e-05,9.86188970497645e-07
94,0.0,0.2445878870185222,0.22538388819614577,0.23923516715330187,0.19386030385511765,0.07665682163251651,0.017419562779666487,0.0025662299449869105,0.000268012400217065,2.097549139182251e-05,1.151528117213381e-06
95,0.0,0.24268828399341302,0.22484457508584413,0.23499415480258398,0.19597734944283446,0.07976513808622791,0.018599024954115993,0.002806379265419509,0.0002997588223830961,2.3993472095500664e-05,1.3420750660083988e-06
96,0.0,0.24068383618925107,0.22456388128974206,0.2306952678070554,0.19789437418558284,0.08290104573946383,0.019833147185598605,0.00306473047927686,0.00033475606753356817,2.7399783198324106e-05,1.5612732810462086e-06
97,0.0,0.23857985302215695,0.2245255591037559,0.22635749337554464,0.19960688655725461,0.08605896582614085,0.02112263909817166,0.00334227237131458,0.0003732794398485642,3.12382269002142e-05,1.8129788957067675e-06
98,0.0,0.2363823414254833,0.22471243644317543,0.2219996463638162,0.2011111002562772,0.08923309035999721,0.022468089424915585,0.0036400156560522086,0.00041562176936555604,3.5556798303749274e-05,2.10150259719418e-06
99,0.0,0.2304670980737756,0.22620882595032266,0.2109466061384691,0.20407875813777526,0.09713505828307027,0.026094573712752235,0.004475515198343498,0.0005418788355248486,4.865218227357344e-05,3.033487676645172e-06
100,0.0,0.22801455661807452,0.22702388742809518,0.2066590710633766,0.20483852797526497,0.10031645521237095,0.02763708457022295,0.00485179119941006,0.0006000507105299555,5.508507380769991e-05,3.4901488309216025e-06
101,0.0,0.22550261791139337,0.22797846308772252,0.2024318170881981,0.20538200296383716,0.10348575648491441,0.02923645209958696,0.005253025555905143,0.0006635807631241065,6.227437684943612e-05,4.009668452777124e-06
102,0.0,0.22293992317630043,0.22905258392100475,0.1982811682254399,0.2057095660126215,0.10663622486187987,0.03089246224606141,0.005680307050912125,0.00073286752805473,7.029723413346596e-05,4.599743576040327e-06
103,0.0,0.2203353806813726,0.23022617044804644,0.19422274013000718,0.20582238800111793,0.10976102326759965,0.03260473184955372,0.006134729048098568,0.0008083303383555152,7.923734956102138e-05,5.268886271574361e-06
104,0.0,0.21769809760963188,0.2314791550893009,0.19027137129679214,0.20572242668681576,0.11285323919453936,0.03437270256711776,0.0066173859812319775,0.0008904096642098248,8.918541564937212e-05,6.026494695191898e-06
105,0.0,0.21503731249488986,0.2327916019083629,0.18644105896326563,0.20541242179063302,0.11590591003971548,0.036195635300023135,0.007129369625645883,0.000979567391686794,0.00010023955708305793,6.8829286785771156e-06
106,0.0,0.21236232861162735,0.2341438230816732,0.18274490003674304,0.20489588625856503,0.11891204926600411,0.038072605172903624,0.007671765157074242,0.0010762870354331698,0.00011250578997240374,7.849589988146964e-06
107,0.0,0.206424238883145,0.23681571037995439,0.1739045997175174,0.20338238251887503,0.12554862643553374,0.04330894931749496,0.009085568235711635,0.0013718858281663924,0.00014696918934500636,1.1069494240863695e-05
108,0.0,0.20380063699661757,0.23813510484063416,0.1707731975842877,0.20219031007031585,0.12832481533025394,0.04536161512982405,0.009738958197348645,0.0014985588360961056,0.0001642890617191347,1.2513952887373228e-05
109,0.0,0.20120287852372595,0.23941221877154129,0.1678227679438794,0.2008161573541062,0.1310243898484968,0.047461448760671134,0.010427434966361159,0.0016351695921030635,0.00018340097713954903,1.4133261960009072e-05
110,0.0,0.19863942649492905,0.24063072996044133,0.16506062444413983,0.1992673281794996,0.13364075070960096,0.04960644308652369,0.011151970561837149,0.0017823180424962847,0.0002044624601141497,1.594606040261484e-05
111,0.0,0.1961184249774464,0.24177520026990562,0.162492935616896,0.19755185450319712,0.13616745434193447,0.051794390076268085,0.01191350020451125,0.0019406251572055516,0.00022764218980594306,1.797266281436033e-05
112,0.0,0.19364765069888212,0.24283114984944149,0.16012471054322347,0.19567836120637877,0.1385982411442133,0.05402288126639971,0.012712917099210888,0.002110732464738251,0.00025312055091593355,2.0235176580981562e-05
113,0.0,0.19123446820549525,0.24378512404584596,0.1579597909174234,0.1936560278645501,0.14092706346018327,0.056289309108450564,0.013551067110618934,0.002293301471203826,0.00028109019228389736,2.275762392981628e-05
114,0.0,0.18888578875246753,0.24462475274513906,0.1560008495006744,0.1914945476974013,0.14314811312150486,0.05859086921242955,0.014428743351778808,0.0024890129581353624,0.0003117565916490201,2.5566068805038322e-05
115,0.0,0.18660803309763488,0.2453388019279765,0.1542493949190086,0.18920408390227172,0.14525584841338357,0.06092456350614779,0.01534668070615181,0.002698566154115315,0.0003453386248732953,2.868874842161588e-05
116,0.0,0.18440709834366142,0.2459172172696206,0.1527057827244164,0.1867952235901234,0.14724502031801123,0.06328720432614485,0.016305550305366318,0.0029226777755344074,0.00038206913779076905,3.215620931586259e-05
117,0.0,0.18228832894672162,0.2463511596650678,0.1513692326027376,0.1842789295570365,0.1491106978922403,0.06567541945156333,0.017305953986065322,0.0031620809321798566,0.0004221955187059247,3.600144766703534e-05
118,0.0,0.18025649198256924,0.2466330326094886,0.1502378515777392,0.18166649013707675,0.1508482926380987,0.06808565808775632,0.018348418750450828,0.0034175238937619286,0.0004659802694255097,4.026005361829152e-05
119,0.0,0.17780913784487282,0.24628188615141858,0.14894347585264414,0.17784190055906896,0.15282988202562617,0.0719423066542475,0.019919233395857158,0.003847920944912108,0.000536460683718974,4.77958876190113e-05
120,0.0,0.17601930226637919,0.24615196833298475,0.14831488572540547,0.17504273644274035,0.1542261876166992,0.07438876978432715,0.021066180274347944,0.004146221761067031,0.0005905044716954857,5.3243324338925724e-05
121,0.0,0.17432764772860918,0.2458539965134641,0.14787651481887457,0.172188453400961,0.15548191840902303,0.07684336317748486,0.0222563847554559,0.004463226194594933,0.0006492457738199886,5.924922769783791e-05
122,0.0,0.1727361275757593,0.24538612908184548,0.14762188836746284,0.16929113340867102,0.15659430126349788,0.0793018340871572,0.023489972035194262,0.0047997301766382105,0.0007130213907895849,6.586261296977486e-05
123,0.0,0.17124606115950725,0.24474777106179485,0.14754364437996595,0.16636288684111591,0.1575610142447896,0.08175980146902029,0.024766963236933656,0.005156535471684896,0.0007821862023978246,7.313593277539333e-05
124,0.0,0.16985813725149465,0.24393954999464895,0.1476335900402293,0.16341579654161456,0.15838020125865995,0.08421276796195085,0.026087270559914943,0.005534447486970226,0.0008571136674738515,8.112523702845029e-05
125,0.0,0.16857242153614474,0.24296328467392336,0.14788276201933404,0.1604618620723644,0.15905048477853384,0.08665613270866157,0.02745069264416045,0.0059342729312708295,0.0009381963024672862,8.989033312527888e-05
126,0.0,0.1673883680548729,0.24182194704548876,0.14828149031897886,0.15751294444231048,0.15957097657090605,0.08908520497962,0.028856910182170754,0.006356817324473515,0.0010258461355447074,9.94949456198056e-05
127,0.0,0.16630483445082725,0.24051961762389668,0.14881946524849785,0.15458071160401857,0.159941286338545,0.09149521855873377,0.03030548180781715,0.006802882360111291,0.0011204951329770393,0.00011000687456133232
128,0.0,0.16532010084264112,0.2390614348090578,0.14948580712318577,0.15167658500772624,0.16016152821038795,0.09388134684426004,0.031795840292697754,0.0072732631239019645,0.0012225955945211985,0.00012149815160622297
129,0.0,0.16443189213639273,0.23745353851843803,0.15026913825935098,0.14881168749532947,0.16023232501748513,0.09623871861349423,0.03332728907991619,0.007768745172196305,0.0013326205144350092,0.0001340451929481414
130,0.0,0.16363740356715428,0.23570300857797316,0.15115765683185145,0.14599679281001343,0.16015481030529025,0.09856243439504886,0.03489899918475776,0.008290101475139592,0.001451063904712583,0.00014772894804496409
131,0.0,0.16307755454580405,0.23225779151590986,0.15285064237333224,0.14207725648670233,0.15933021743134834,0.10224279895185985,0.03720306477185312,0.009150086677848935,0.0016392941531724306,0.00017129309215519966
132,0.0,0.16250509664502805,0.23018512418378723,0.15395311262347303,0.13943291415222495,0.1588910744807013,0.10445762733349953,0.03886788764506237,0.0097381964919668,0.0017808129114883903,0.0001881535327548498
133,0.0,0.15984977220851648,0.22508894599980392,0.15681574505831802,0.13143187490095637,0.15811696160782876,0.11008727583460862,0.044441115244634816,0.011637753430061334,0.0022816791789186824,0.0002488765363391779
134,0.0,0.1595679369665213,0.22263367633797623,0.15807370778522006,0.12917327717067306,0.15712781337248502,0.11208687791748206,0.046247859369981714,0.012348098355476178,0.0024683582240675795,0.00027239450010308657
135,0.0,0.15934696828810296,0.220109244084895,0.15934323955804383,0.12703058616172336,0.15601327753155214,0.11401733448582821,0.04808411734017554,0.013089543076100822,0.0026678682285842603,0.0002978212449801385
136,0.0,0.15918095133712507,0.21752766677955881,0.16061201897112937,0.12500989775546456,0.15477860646185415,0.11587419880998372,0.04994787314669872,0.013862614461031304,0.0028808908218438236,0.0003252814552968178
137,0.0,0.15923317597103565,0.2132908485826103,0.16267277690663,0.12233048975546791,0.15247678335974532,0.11858220671519823,0.05274454808387806,0.015070929390205285,0.003229187030509842,0.0003690542047057922
138,0.0,0.15917365302158626,0.210624025869357,0.16388962508024213,0.1206358377151348,0.1509725631847384,0.12023158835164882,0.054667398493697145,0.015923900244312113,0.003479275712027716,0.00040213232724208665
139,0.0,0.15914677718187045,0.20794378739083963,0.16506499729572277,0.11907866593421434,0.14937010264299458,0.12179298661410563,0.05660962814565044,0.016809904695879178,0.0037454273921855826,0.0004377227065239682
140,0.0,0.15914617339345338,0.20526237685966367,0.16618834919242953,0.11766177166110006,0.1476763388875631,0.12326275283468524,0.058568618194217534,0.01772922638242058,0.0040284176855809595,0.00047597490887252953
141,0.0,0.15916548396142347,0.2025918594449027,0.16724969617127977,0.1163871890753006,0.1458985131198535,0.12463746184962393,0.06054162643136978,0.018682084005810416,0.004329041971360168,0.00051704396906238
142,0.0,0.15919841065580778,0.1999440437840703,0.16823966447421584,0.11525618707503459,0.14404414073831273,0.12591392840770424,0.06252579234616631,0.01966862745407315,0.00464811475065307,0.0005610903139489072
143,0.0,0.15923875570948526,0.19733040696549223,0.16914953795545004,0.11426927106275077,0.14212098004396737,0.12708922288317603,0.06451814281353317,0.020688933990284097,0.004986468917493207,0.0006082796583547918
144,0.0,0.1592804614667141,0.19476202290494865,0.1699713003201175,0.1134261887051695,0.14013699964815857,0.12816068620626547,0.06651559840762404,0.02174300452789875,0.005344954941534046,0.0006587828715563383
145,0.0,0.1593176484490636,0.19224949451297763,0.1706976726350311,0.112725939622291,0.1381003447358582,0.12912594392659454,0.06851498033197326,0.02283076001231514,0.00572443996114565,0.0007127758127370117
146,0.0,0.15934465161947717,0.18980289001968642,0.17132214594621192,0.11216678893794803,0.13601930234523454,0.1299829193275587,0.07051301795540836,0.02395203792888116,0.0061258067857673125,0.0007704391338135474
147,0.0,0.15935605464029012,0.18743168379250924,0.1718390088685748,0.11174628460302778,0.13390226583058795,0.13072984551292544,0.07250635693939965,0.02510658895788264,0.006549952806700022,0.0008319580480896483
148,0.0,0.1593467219371681,0.185144701949293,0.17224337004438947,0.11146127838157484,0.1317576986813515,0.1313652763906143,0.07449156793921165,0.02629407379728361,0.006997788815846792,0.0008975220632541567
149,0.0,0.15943759996635995,0.18159945534039576,0.17289089269065075,0.11133612896395534,0.12832536763649582,0.13219711886386787,0.07736082581466823,0.028135837126611343,0.007714053247263542,0.0010027203497188675
150,0.0,0.15935102904646453,0.17956423457589293,0.17299570860197994,0.11137105701527097,0.1261569493964639,0.13254474856832027,0.07931009649882989,0.029401850616543233,0.008225179193684274,0.0010791464865375715
151,0.0,0.15922797870591804,0.1776389614721125,0.17297723995381178,0.11152523761214801,0.12399092393400565,0.1327784547794729,0.08123883091320397,0.03069880844593691,0.008763258199635027,0.0011603059837427966
152,0.0,0.15906492417822077,0.17582899015958076,0.17283442912912317,0.11179274756058959,0.12183559655715123,0.13289834932395733,0.08314338288760666,0.0320259339315756,0.009329243024200934,0.0012464032479816863
153,0.0,0.15885875357521861,0.17413882060967148,0.17256706965250512,0.11216714211679202,0.11969913964933007,0.13290490271837146,0.0850200882150936,0.03338234699237171,0.009924091657952161,0.0013376448126813864
154,0.0,0.15860678227869077,0.17257208042270009,0.1721757949212312,0.11264149575994407,0.11758955680199128,0.1327989464464353,0.08686527643344816,0.03476706256824027,0.010548765557854245,0.001434238809452509
155,0.0,0.1583067643083797,0.17113151253267875,0.17166206202447903,0.11320844522170932,0.11551464768169954,0.13258167373235974,0.08867528294479766,0.03617898935961714,0.011204227798207967,0.001536394396059151
156,0.0,0.15795690064115286,0.16981896881605965,0.1710281308075844,0.11386023452284164,0.11348197381219853,0.13225463878396743,0.09044646142905768,0.03761692890623316,0.011891441140343918,0.0016443211405488063
157,0.0,0.15755584447596888,0.16863540955474873,0.17027703836511668,0.11458876175698951,0.11149882544802539,0.13181975448637673,0.09217519650426617,0.03907957502296362,0.012611366024203199,0.0017582283613294131
158,0.0,0.15710270345903513,0.16758090866744632,0.16941256917211095,0.11538562735288456,0.10957218971135442,0.13127928853455317,0.09385791658440906,0.040565513609664414,0.013364958485341374,0.0018783244231888152
159,0.0,0.1565970389028705,0.16665466458818262,0.16843922108682535,0.11624218353883788,0.10770872015785635,0.13063585800070476,0.09549110688306094,0.04207322285088028,0.014153168001295909,0.002004815989473788
160,0.0,0.15603886205181017,0.16585501663695937,0.16736216748077348,0.11714958472781704,0.10591470793051688,0.1298924223403075,0.09707132250909979,0.043601073820167986,0.014976935271655207,0.002137907230881153
161,0.0,0.15542862746469482,0.16517946669490305,0.16618721577240206,0.11809883853738759,0.10419605465259757,0.1290522748484555,0.09859520159890739,0.045147331502520816,0.015837189936558017,0.002277798991561748
162,0.0,0.15476722360296793,0.164624705965444,0.16492076265951622,0.11908085715648296,0.1025582472022771,0.12811903258619484,0.10005947842786132,0.046710156247011664,0.016734848238733762,0.002424687913498709
163,0.0,0.15290972025273075,0.1609345777067307,0.1607406271229995,0.1233271097543019,0.0964904886345104,0.1245643807809351,0.10370706721759378,0.05377353310306326,0.020356610105789326,0.003195885321333775
164,0.0,0.15200073238064996,0.16096527844918918,0.15908331712212825,0.12433677430450119,0.09538167765456351,0.12321591008474081,0.1048214826004776,0.05537304795567937,0.021443150910961835,0.0033786285370968586
165,0.0,0.15105201422020167,0.16108485344399676,0.1573808573956355,0.12532539841164303,0.09437740478647474,0.12180169779766611,0.10586100823019615,0.056975448160888974,0.02257204977130444,0.003569267781981337
166,0.0,0.15006714747725705,0.1612852416910937,0.1556423775548442,0.1262847021039436,0.093479621814031,0.12032724010197171,0.10682341550936451,0.058578258534336715,0.023744054179670602,0.0037679410334756653
167,0.0,0.1490499942899949,0.16155792443012276,0.15387716158249162,0.12720670055380356,0.09268974503099858,0.11879822705877603,0.10770666612161782,0.06017892898575791,0.024959877922323275,0.003974774024102289
168,0.0,0.14637465916947912,0.16337304633578725,0.14975648386419127,0.12882620238400294,0.09147706863835564,0.11518440220867661,0.10995706251416644,0.06296431091950395,0.027747262196458785,0.004339501769366912
169,0.0,0.14529054674020153,0.16378817875587678,0.14798583984327235,0.1295908945140177,0.09099429662941848,0.11353031520844674,0.11059428732171958,0.06454866400030271,0.029104562512871517,0.004572414473861785
170,0.0,0.144192682981073,0.16423711275643474,0.14622643880417552,0.130290029809276,0.09061960992749071,0.11184624470817074,0.1111454751957975,0.06612031287231261,0.03050817247069799,0.004813920474560353
171,0.0,0.14308583852507356,0.16471002430191226,0.14448743450801946,0.13091764904835393,0.09035178302770136,0.11013851016079622,0.11160967571276001,0.06767641666584656,0.03195860089594135,0.005064067153584546
172,0.0,0.14197487570291722,0.16519700869296208,0.14277778863586343,0.1314682997034817,0.09018907465009497,0.10841348207844355,0.11198618120561776,0.0692140987443656,0.03345630814992591,0.005322882436317087
173,0.0,0.14086471598534936,0.16568814373926163,0.14110621792789146,0.13193706115382542,0.09012924012292056,0.10667755637678654,0.11227453250032848,0.07073045480077647,0.035001703780759515,0.0055903736120900905
174,0.0,0.1387220048441322,0.16492825924096705,0.13724300845704193,0.1330749706616722,0.09080232146220733,0.10214646368059509,0.1110303709563368,0.07611061603857863,0.039261637222757474,0.006680347435700536
175,0.0,0.13765507154429885,0.16538063921836804,0.13576311021544127,0.13318372223659034,0.09115694436963719,0.10042543689591377,0.11097164363216319,0.07749938848130983,0.04098462868152916,0.0069794147247377245
176,0.0,0.13661178548782743,0.16579105624195445,0.13435882761956314,0.13319508643650885,0.09159602736390988,0.09872412756164124,0.11082820805368485,0.07885168536266157,0.042756547965579254,0.007286647906658814
177,0.0,0.1354834163623516,0.1656268371702881,0.13264080342438014,0.13310100462595345,0.09249389763681343,0.0964141144205919,0.10995532589827425,0.08117581403655219,0.045240541980092606,0.007868244444691867
178,0.0,0.13451846629321806,0.16590420465504158,0.13144214106534557,0.13286604754742082,0.09312960644993049,0.09478774639792381,0.10960728679419461,0.08242148716853029,0.04712859057397505,0.008194423054409369
179,0.0,0.13359236738546143,0.16611074992830874,0.13033859150703972,0.1325318697732303,0.09383099895237193,0.09320101784642221,0.10918009763142549,0.08362069363299678,0.049065527718756975,0.00852808562397609
180,0.0,0.13270918822280647,0.16623907461334597,0.12933448188934685,0.13209926106132175,0.0945920472311079,0.09165928359040935,0.10867573227492923,0.08477076052702844,0.051051177742628955,0.008868992847064713
181,0.0,0.13187276062584416,0.16628230812892794,0.12843351941805622,0.13156959682850902,0.0954064813160199,0.09016766628644265,0.10809640716086143,0.08586909079205893,0.0530852941822948,0.009216875260974776
182,0.0,0.13108665894516602,0.16623414232122666,0.12763877692619713,0.13094482340306826,0.0962678231429126,0.08873103530048634,0.10744457504998407,0.08691317364495053,0.055167558612086116,0.00957143265391221
183,0.0,0.13035418132908808,0.1660888620102715,0.126952682554575,0.13022744011997048,0.097169421406757,0.0873539867001818,0.10672291770921352,0.08790059498694494,0.05729757961662026,0.009932333566367479
184,0.0,0.1296783330553799,0.1658413713179892,0.1263770135602292,0.12942047839352683,0.09810448711638504,0.08604082446465462,0.1059343375382377,0.08882904774803164,0.05947489191155385,0.010299214894002076
185,0.0,0.12906181200149888,0.16548721567420138,0.12591289423540086,0.12852747791920843,0.09906612965819137,0.08479554300867129,0.10508194816360339,0.08969634212338592,0.06169895561646995,0.01067168159935866
186,0.0,0.12850699631263818,0.1650225994266069,0.12556079789385774,0.12755246017238223,0.10004739317382466,0.08362181111176518,0.10416906402812331,0.09050041565781841,0.06396915568340018,0.0110493065395734
187,0.0,0.1280159343115297,0.16444439901051963,0.12532055285622862,0.12649989938657588,0.10104129305538874,0.08252295733622103,0.103199189008858,0.09123934313365648,0.06628480148392454,0.01143163041708761
188,0.0,0.12759033667850792,0.16375017166376157,0.12519135234150408,0.12537469120756525,0.1020408523613272,0.08150195701057099,0.10217600410225376,0.0919113462171519,0.0686451265572188,0.011818161860128868
189,0.0,0.12723157091493492,0.1629381597014406,0.1251717681482177,0.1241821192319883,0.1030391379569463,0.08056142084755019,0.1011033542202438,0.09251480281838186,0.07104928852082815,0.012208377639458548
190,0.0,0.1269406580878153,0.16200729039418577,0.1252597679861726,0.12292781965025683,0.10402929618542603,0.07970358525732597,0.09998523414620417,0.09304825611969315,0.07349636914534921,0.01260172302756136
191,0.0,0.12671827183838477,0.16095717152158562,0.12545273629805215,0.1216177442232089,0.10500458787817776,0.07893030440829331,0.0988257737045807,0.09351042322803134,0.0759853745935923,0.012997612306083733
192,0.0,0.12656473962274334,0.15978808269990236,0.12574749838998775,0.12025812183015533,0.10595842251750573,0.07824304407886554,0.0976292222027297,0.0939002034070052,0.07851523582418572,0.01339542942691003
193,0.0,0.12648004613830574,0.15850096260944918,0.12614034767125812,0.11885541883269377,0.10688439136969956,0.07764287733453014,0.09639993220801987,0.09421668584526315,0.0810848091589717,0.013794528831799506
194,0.0,0.1264638388760529,0.15709739227215747,0.12662707578587712,0.11741629850384738,0.10777629941289343,0.077130482055036,0.09514234272749635,0.09445915691870474,0.08369287701293349,0.014194236434992036
195,0.0,0.12651543572537302,0.1555795745536785,0.12720300540298754,0.11594757977571679,0.10862819589124191,0.07670614032697746,0.09386096186138196,0.09462710690521524,0.08633814878479065,0.014593850772627879
196,0.0,0.1266338345457565,0.15395031008671464,0.12786302541880248,0.11445619556089374,0.10943440333513761,0.07636973970730157,0.09256034900536157,0.09472023611199942,0.08901926190580703,0.014992644322216598
197,0.0,0.1268177246078295,0.15221296983303342,0.1286016283103982,0.11294915090337145,0.11018954489628716,0.07612077635343403,0.09124509667993622,0.09473846037719173,0.0917347830437761,0.015389864994733453
198,0.0,0.1270654997952497,0.15037146452066708,0.12941294937103034,0.11143348121360123,0.1108885698564136,0.07595836000585869,0.08991981206812115,0.09468191590924141,0.09448320945858799,0.0157847378012202
199,0.0,0.12737527344890068,0.1484302112100276,0.13029080754786526,0.10991621083970714,0.11152677717910711,0.07588122079914565,0.08858909834537829,0.09455096342959764,0.09726297050524015,0.016176466695021912
200,0.0,0.1282321621001018,0.14484454196770072,0.13173958782333323,0.1078819969633376,0.11254127975723077,0.07590958785282914,0.08628595050267739,0.09457608972441778,0.1010466530654904,0.01694215024287277
201,0.0,0.1286829215454926,0.14268729411482645,0.13274640543747213,0.10639670574725138,0.11300890012674789,0.07603457982206917,0.08497238286771926,0.09425816025183144,0.1038922131271043,0.01732043695947716
202,0.0,0.13037053897787965,0.13705918181221347,0.13495238345271615,0.10396924104004736,0.11404796358085233,0.07647408397350748,0.08177542385085762,0.09423923061511043,0.10852847261511996,0.0185834800816875
203,0.0,0.13096365977132945,0.13470126285836156,0.1360507938073629,0.10258351441904193,0.11428099363506083,0.07681604948704417,0.08053069566620641,0.09370480467924922,0.11143132810201506,0.01893689757432048
204,0.0,0.1315998771412062,0.13228280253186997,0.13717061816772844,0.10123967630470396,0.11443207924741386,0.07722534657887116,0.07931026708844063,0.0931035239405319,0.11435446442287285,0.01928134457635298
205,0.0,0.13227585097580716,0.12981067242657543,0.13830470971885836,0.09994342544181402,0.11449968713071815,0.07769828176681699,0.078118045994602,0.09243750712329449,0.11729586528320429,0.019615954138301243
206,0.0,0.1329881343379161,0.12729188988529205,0.1394459776522678,0.09870014127441387,0.11448274109012577,0.07823091063514946,0.07695777877313603,0.09170910139492514,0.12025346334802754,0.019939861608738382
207,0.0,0.13373319651815474,0.12473357221202463,0.14058742875348815,0.09751485694604425,0.11438062284729572,0.07881905893347659,0.0758330343128609,0.09092087859419544,0.12322514287344954,0.020252208009002334
208,0.0,0.1346253245870505,0.12132666149172111,0.1422675771794678,0.0955814423769824,0.1139487515088286,0.07985407750908517,0.07442770813923597,0.08924000893077944,0.12833831261456113,0.020390135662280214
209,0.0,0.13544130437743326,0.11868977348976159,0.14338681055659935,0.09455357263979346,0.11363783736340057,0.08056576938223264,0.07339297681927161,0.08831829917623568,0.13134140225661195,0.020672253938652314
210,0.0,0.13627773926785375,0.1160380808027824,0.1444831789762444,0.09359801350137213,0.1132431942608245,0.08131729223520066,0.07240434136616944,0.08734763454905477,0.13435050833960982,0.0209400167008806
211,0.0,0.13713098951703193,0.11337861832997662,0.14555059345516155,0.0927179857599002,0.11276619856994205,0.08210370762292235,0.07146442246243136,0.08633152173069598,0.1373633314637045,0.02119263108822613
212,0.0,0.13799745451772394,0.11071828348607815,0.14658325966648705,0.09191626336509767,0.11220864532751751,0.08291997683996098,0.07057559123969717,0.08527365526927157,0.14037754004649913,0.02142933024165951
213,0.0,0.1388735934407707,0.10806379761847255,0.14757570655408808,0.09119516423290502,0.11157273350339496,0.08376098647460914,0.06973995932102728,0.084177908168799,0.14339077334291161,0.021649377343014437
214,0.0,0.13975594497483487,0.10542166951120002,0.14852281225471178,0.09055654402416582,0.11086104915811536,0.08462157415116418,0.06895937005659454,0.08304832166810586,0.14640064449515083,0.02185206970594963
215,0.0,0.14064114604095335,0.10279816119108172,0.14941982719449007,0.09000179289322278,0.11007654660638179,0.08549655432233413,0.06823539100682334,0.08188909423644447,0.1494047436054335,0.022036742902827883
216,0.0,0.14152594937003554,0.10019925623217364,0.1502623942469119,0.08953183519352731,0.10922252771084766,0.08638074397340378,0.0675693077212772,0.08070456981670927,0.1524006408243408,0.02220277491076584
217,0.0,0.14304126515303617,0.0959860922681598,0.15140567328252263,0.08931931962745447,0.10784423613041898,0.08761238190484108,0.06663391710909004,0.0792038774544757,0.15621292195465142,0.022740315115342725
218,0.0,0.14390600814804272,0.09348379704142547,0.15209012529732968,0.08907020641983676,0.10682727323087354,0.08849159388086476,0.06612979821984774,0.07797224014408578,0.15917471859817772,0.022854239019508962
219,0.0,0.14500982685743175,0.09015749144756377,0.15300056475312848,0.08850988889817035,0.10520737350703206,0.08989862101634054,0.06549120280066105,0.07581990768479215,0.16424609891646172,0.0226590241184114
220,0.0,0.14584847860804703,0.08776048449537512,0.15351978298581628,0.08846208530280648,0.10406636087133846,0.0907524082521534,0.06512414914540901,0.07457794447361224,0.16716402162660757,0.02272428423882783
221,0.0,0.14667051625803862,0.08541667795130653,0.15396741598253538,0.08849517307420462,0.10288156668176941,0.09158578777061024,0.06481658777248589,0.0733390674115458,0.17005890342947408,0.022768303668022828
222,0.0,0.14747388203676132,0.0831294587616142,0.15434215843268387,0.08860704482589449,0.10165801794919191,0.09239427951485894,0.06456777156300703,0.07210825468575782,0.17292826111322562,0.02279087111699835
223,0.0,0.1482567235734106,0.08090178846036222,0.15464314642142024,0.08879522399134776,0.10040087425879726,0.09317359221459547,0.06437667203189672,0.07089051367152212,0.17576961610061545,0.02279184927602569
224,0.0,0.14901739795274707,0.07873619922529264,0.15486994960448544,0.08905688765066673,0.09911539724499821,0.09391964239698657,0.06424198585932213,0.06969086437424833,0.17858049742499862,0.022771178266247905
225,0.0,0.14975447411630818,0.07663479317909123,0.15502256049475469,0.08938889125168721,0.09780691985449512,0.09462857207793181,0.06416214282874377,0.06851432261301281,0.1813584446744902,0.02272887890947883
226,0.0,0.15046673362224,0.07459924488385541,0.15510138097811757,0.08978779504327647,0.09648081558211315,0.09529676504153345,0.06413531514236516,0.06736588300950336,0.1841010109025032,0.022665055794486022
227,0.0,0.1511531697884881,0.07263080695455224,0.15510720619403182,0.09024989202908613,0.09514246786303641,0.09592086162381055,0.0641594280773498,0.0662505018480025,0.18680576550349756,0.02257990011813872
228,0.0,0.1518129852553836,0.07073031869599335,0.1550412059327793,0.09077123724179179,0.09379723980298382,0.0964977719253635,0.064232171938867,0.06517307987346556,0.18947029705335874,0.022473692280007382
229,0.0,0.15244558801457417,0.06889821764748537,0.15490490371695384,0.09134767813096281,0.09245044442468867,0.09702468738682757,0.0643510152588729,0.06413844509589545,0.19209221611441332,0.022346804209320056
230,0.0,0.15305058596170892,0.06713455389997382,0.15470015374894514,0.09197488585219035,0.09110731560479123,0.09749909067048343,0.06451321918256783,0.06315133567006173,0.194669158005655,0.022199701403616753
231,0.0,0.15362778004022123,0.06543900703230372,0.15442911591905908,0.09264838724099086,0.08977297986994914,0.09791876380127948,0.06471585297773506,0.06221638292015017,0.19719878553930809,0.022032944658997536
232,0.0,0.15417715605290566,0.06381090549628803,0.15409422908036746,0.09336359725231273,0.08845242921465941,0.09828179453069474,0.06495581059570153,0.06133809457915398,0.19967879172537611,0.021847191472534794
233,0.0,0.15469887522669007,0.062249248264709,0.15369818280632808,0.0941158516452156,0.08715049509599902,0.09858658089728448,0.06522982820649997,0.060520838312724604,0.20210690244632645,0.02164319709821713
234,0.0,0.15519326362401306,0.06075272854227043,0.15324388785561974,0.09490043969246734,0.0858718237522836,0.09883183396833549,0.0655345026249974,0.05976882559678344,0.20448087910451385,0.021421815238710264
235,0.0,0.1556608005014769,0.059319759326956566,0.15273444557544047,0.09571263669639886,0.08462085298356423,0.09901657875775434,0.06586631053931818,0.05908609601745423,0.20679852124536982,0.021183998356261013
236,0.0,0.1561021057229167,0.05794850059830697,0.15217311647969434,0.09654773609536631,0.08340179052198753,0.09914015332606022,0.06622162844786418,0.058476502060810856,0.2090576691597569,0.02093079758723071
237,0.0,0.15651792633967052,0.056636887899848096,0.1515632882420112,0.09740108094954715,0.08221859410940152,0.0992022060790853,0.06659675320665423,0.05794369445854412,0.21125620646920745,0.020663362246025236
238,0.0,0.15690912245561806,0.055382662075378654,0.15090844334540382,0.0982680946005311,0.08107495338826134,0.09920269129264123,0.06698792308459793,0.057491108153941047,0.21339206269803626,0.020382938905585513
239,0.0,0.15727665249845593,0.054183399913029374,0.15021212663055744,0.09914431030619099,0.07997427369995089,0.09914186290092215,0.06739133922071032,0.057121948950541734,0.21546321583652223,0.020090870043114023
240,0.0,0.15762155802167221,0.05303654544702585,0.1494779129832819,0.10002539966059924,0.07891966187216154,0.09902026659672489,0.06780318737419395,0.0568391809035021,0.21746769489949996,0.019788592241333454
241,0.0,0.1579449481637643,0.0519394416648966,0.14870937539855972,0.10090719961822121,0.0779139140640362,0.09883873030160836,0.06821965985577866,0.056645514511049815,0.21940358248477804,0.019477633937302345
242,0.0,0.15824798389239872,0.05088936236748207,0.14791005365392051,0.10178573795220763,0.07695950572447842,0.09859835307382876,0.06863697752674296,0.05654339576048826,0.22126901733580834,0.019159612712639582
243,0.0,0.15853186216144582,0.04988354393050466,0.14708342381860998,0.10265725698824564,0.07605858370542681,0.09830049253121681,0.06905141175065585,0.056534996079988395,0.22306219691296775,0.018836232120933594
244,0.0,0.1587978001081386,0.048919216719631106,0.14623286881725137,0.10351823546803564,0.07521296055808406,0.09794675087504615,0.0694593061820909,0.05662220324392464,0.22478137997766953,0.0185092780501233
245,0.0,0.1590470194160169,0.047993635915861727,0.14536165025747833,0.10436540840995052,0.07442411102616421,0.0975389596093293,0.06985709827638226,0.05680661327577211,0.22642488919330928,0.018180614619730844
246,0.0,0.15928073096684228,0.047104111514666945,0.14447288172042366,0.10519578484871335,0.07369317073625845,0.09707916305781347,0.0702413404049273,0.057089523388604436,0.22799111374675346,0.017852179614992223
247,0.0,0.15950011990133484,0.046248037270506186,0.14356950370105884,0.10600666335090626,0.0730209370715119,0.09656960078818412,0.0706087204615905,0.05747192599903146,0.2294785119937092,0.017525979462162274
248,0.0,0.15970633120441152,0.04542291836813442,0.1426542603722797,0.1067956452186915,0.07240787220103859,0.09601268905957513,0.07095608184743299,0.057954503846011585,0.23088561413086287,0.017204083751557384
249,0.0,0.15990045592564325,0.0446263976133534,0.14172967833241903,0.10756064531018804,0.0718541082239605,0.09541100141538998,0.0712804427232767,0.058537626241385435,0.23221102489714923,0.01688861931723018
250,0.0,0.16008351813992483,0.04385627994850602,0.14079804748064612,0.10829990042139286,0.07135945437373048,0.09476724854861461,0.0715790144225059,0.059221346474225084,0.2334534263059115,0.016581763884538473
251,0.0,0.16028295077732257,0.04271655794011397,0.13938094748993932,0.10978445754115446,0.07038455512024708,0.0936271396893671,0.07225874854814107,0.06045207004427333,0.23471372951382996,0.01639884333560713
252,0.0,0.160438867834234,0.042011678825805386,0.13843559238998274,0.11045787766689243,0.07003550255847427,0.09288394994647917,0.07248366458723035,0.06138275722183283,0.23575149678066487,0.016118612188400088
253,0.0,0.16058661563162,0.04132710935005162,0.13748915081668536,0.11110167733344388,0.06974290291147699,0.09210908846750175,0.07267430798860808,0.06241171666672261,0.2367024891778981,0.015854941655987984
254,0.0,0.160726790809784,0.040661616205447865,0.13654268646109255,0.11171556985212207,0.0695052450796205,0.09130564364069634,0.07282895004043005,0.06353758290245248,0.2375657581478946,0.015610156860455904
255,0.0,0.16085986857356546,0.04001422585035841,0.13559696373741498,0.11229959296410946,0.06932076730344519,0.09047672252612925,0.07294613834664244,0.06475868104422819,0.23834044799472667,0.015386591659376433
256,0.0,0.1611170658695698,0.03907421305137091,0.13420304400842778,0.11269705664830626,0.06949820254800905,0.08927951680775548,0.07277807223065993,0.06677397730355394,0.2397087069820717,0.014870144550271596
257,0.0,0.1612361813750477,0.03846266567054688,0.13326534661377992,0.11320569791191844,0.06943454039625288,0.08840725201120969,0.07279798968346966,0.0682262056540655,0.24024954712558197,0.014714573558123894
258,0.0,0.16134880695357762,0.0378680022745813,0.13232862944575224,0.11368735863915724,0.06941579926441298,0.08752005398698043,0.07277817361547115,0.06976545545144561,0.24069944373123572,0.014588276637382113
259,0.0,0.16145480296904707,0.03729052218576696,0.13139229867558358,0.11414341458468008,0.06943934702399705,0.08662083245501849,0.07271852938442767,0.07138873558606616,0.24105800952729087,0.01449350760811857
260,0.0,0.16155389051356994,0.036730806509169454,0.13045547768921792,0.11457549565235377,0.06950241685601069,0.08571240374461013,0.07261927657258486,0.07309278775255929,0.24132496637151382,0.014432478338406825
261,0.0,0.1616456525615516,0.03618971336976383,0.12951701835658125,0.11498546675118991,0.06960213087982493,0.08479747264468897,0.07248095073355038,0.07487409757694753,0.2415001481778575,0.014407348948040907
262,0.0,0.161729536464208,0.03566837052037719,0.12857551467548092,0.11537540697080563,0.06973552420838221,0.08387861528074436,0.07230440340870549,0.07672890672073486,0.24158350381394172,0.014420217936616334
263,0.0,0.1618048577619213,0.03516816538345507,0.12762931868204755,0.11574758723187209,0.06989956926248558,0.08295826313145285,0.07209080039876968,0.07865322591366929,0.24157509995703186,0.014473112277291627
264,0.0,0.16187080528197828,0.034690732608538756,0.1266765585037584,0.11610444657672815,0.07009120017602677,0.08203868829108438,0.07184161828526407,0.0806428488625907,0.24147512389506584,0.01456797751896161
265,0.0,0.16187421065337912,0.034065928428561966,0.1251692181637988,0.11702638449684763,0.0700845040112344,0.08058620933882538,0.07161766125250227,0.0837031711799651,0.2409137139152683,0.014958998559614047
266,0.0,0.1617283745167525,0.03325037966031528,0.12256159266528656,0.11887704772437922,0.06989540626657736,0.07804258431407532,0.07129052466743997,0.08906504466842799,0.23855832527824963,0.016730720238493306
267,0.0,0.1617292006208527,0.032938034763582695,0.12152785747372175,0.11919577590881589,0.07020952137824599,0.07712935551510704,0.0708738376802088,0.09130240735255166,0.23804814831849716,0.01704586098841345
268,0.0,0.16171378488645405,0.03266214846479934,0.12047331800888018,0.1195146073681008,0.07053437156568078,0.07622765495367395,0.07043492172289126,0.09357584391774952,0.23745100414569073,0.017412344966076545
269,0.0,0.1616807021754752,0.03242549338195947,0.11939521589712358,0.11983643980049775,0.07086721106150234,0.07533839213973433,0.06997721441005123,0.09588008863324833,0.23676794911424157,0.01783129338616341
270,0.0,0.1615349376884983,0.032195933891940885,0.11770818847517253,0.12059491076860815,0.07116327109438919,0.07393585971107308,0.06939781341985102,0.09938111412883462,0.23493802347320641,0.01914994734842313
271,0.0,0.16145186643254827,0.032073238936401946,0.11655775072512409,0.12093441093986351,0.07151366764785752,0.07307385086460327,0.06890285729690751,0.101735283125937,0.2340568231376317,0.0197002508931225
272,0.0,0.16134590475781868,0.031999844104108985,0.11537416511609067,0.12128625510293849,0.071863802747142,0.0722259994598642,0.06840248414704148,0.10410108928870764,0.23309500013459167,0.020305455141693563
273,0.0,0.16121553376502912,0.03197861946961669,0.114154801592195,0.12165293436704833,0.07221167985236107,0.0713922063650945,0.06790101117857852,0.10647305266273042,0.2320542364494733,0.02096592429787057
274,0.0,0.16105925222215817,0.03201237811127995,0.11289713947752039,0.12203677643025189,0.07255551382271942,0.07057215587224741,0.06740289266153496,0.10884569734429905,0.23093635768491783,0.021681836373068454
275,0.0,0.16087559160715836,0.0321038459638919,0.11159879658968648,0.12243992183694821,0.07289374210526019,0.0697653233853989,0.06691269673292659,0.11121357048023192,0.22974333340015002,0.022453177898345094
276,0.0,0.1606631311547308,0.03225563185899913,0.11025755764830164,0.12286430159249198,0.07322503409710769,0.06897098481437285,0.06643508134411258,0.11357126107942732,0.22847727710615573,0.023279739304298077
277,0.0,0.1604205127907361,0.03247019798279505,0.10887140176684743,0.12331161629211616,0.07354829862255059,0.06818822761697271,0.06597476946996471,0.11591341855614044,0.22714044589492824,0.02416111100694637
278,0.0,0.16014645583844977,0.03274983097888884,0.10743852882272178,0.12378331691087799,0.07386268947922305,0.06741596342224859,0.06553652370446399,0.11823477092621992,0.22573523968152678,0.025096680235377186
279,0.0,0.1598397713823157,0.03309661391906375,0.10595738450771994,0.12428058738992902,0.07416760902083966,0.06665294215662489,0.0651251203715134,0.12053014257918065,0.22426420003837985,0.026085628634431042
280,0.0,0.15928892924885812,0.03377991135971602,0.1036152207645312,0.1252589420770605,0.07451294334520031,0.06542211640724022,0.06458255531735536,0.12392561375566732,0.22135330486358243,0.028260462860786466
281,0.0,0.15889821396902365,0.03430377437974286,0.10200860364808532,0.12581925095331462,0.07480291727455014,0.06467030762023858,0.06425121562711042,0.12612914703979816,0.21974344496141152,0.029373124526722878
282,0.0,0.15847167770579892,0.034900029287491245,0.1003505946413775,0.12640682216979282,0.07508324800407376,0.06392267380111541,0.06396298380876925,0.12828936702497598,0.21807822443484645,0.030534379121756806
283,0.0,0.15775449118161325,0.03594379835392903,0.09776396768222825,0.1274638978256578,0.07544875659753549,0.06270015270491076,0.06359337452033326,0.13146201611829372,0.2148556046922102,0.0330139403232865
284,0.0,0.15723871291577857,0.03672470823232791,0.09597894786556448,0.12811332456052354,0.07571703331903872,0.06194996640397356,0.06342452401822622,0.1334886690848664,0.21308083526330035,0.03428327833639845
285,0.0,0.1566857563905504,0.037579411162357725,0.09414347797289077,0.1287879327480603,0.07597828367815224,0.06119789339335265,0.06331385513102834,0.13545675188457842,0.21126279300234893,0.03559384463667845
286,0.0,0.15609561943107267,0.03850750456902233,0.09225864942649248,0.12948642846451636,0.07623376160573568,0.06044203546985962,0.0632653330213984,0.13736244580015203,0.20940502330769142,0.03694319890405752
287,0.0,0.15546848799012403,0.03950820253701007,0.09032593774820982,0.1302071905238016,0.07648491645087206,0.05968050736480001,0.0632827049889016,0.1392021586565934,0.2075111798839433,0.03832871385574269
288,0.0,0.15480474160143187,0.040580326848134674,0.08834720609801916,0.13094827532509923,0.07673337814857621,0.05891145970138037,0.06336947718258891,0.1409725346928254,0.2055850186763728,0.03974758172557002
289,0.0,0.15410495754042255,0.04172230066231633,0.08632470614298512,0.13170742405018337,0.07698094092544466,0.058133102066842496,0.06352889232049522,0.1426704633653964,0.2036303912692436,0.04119682165666902
290,0.0,0.15336991364971433,0.04293214491298755,0.08426107622966347,0.13248207216786775,0.07722954566013482,0.057343726042680364,0.06376390854044614,0.14429308705198152,0.20165123774868318,0.04267328799583975
291,0.0,0.15260058979582675,0.04420747746936692,0.08215933685103047,0.13326936118768967,0.07748126102485832,0.05654172803516118,0.06407717950153839,0.1458378076276636,0.19965157903332903,0.04417367947353469
292,0.0,0.1517981679329851,0.045545515099234934,0.08002288341706346,0.1340661525900142,0.07773826354254885,0.055725631748196836,0.06447103584997584,0.14730229189238725,0.19763550867879337,0.04569454924879926
293,0.0,0.15096403075948014,0.046943078246795146,0.07785547635608074,0.13486904384532122,0.07800281670195777,0.0548941101414025,0.06494746815662653,0.1486844758334792,0.19560718416488354,0.047232315793972406
294,0.0,0.15009975896172956,0.04839659862103883,0.07566122859175504,0.13567438642160734,0.0782772492795942,0.05404600671793656,0.06550811142674613,0.14998256771270077,0.19357081767748058,0.04878327458941014
295,0.0,0.14920712705092096,0.04990212957087974,0.07344459045822078,0.1364783056656813,0.07856393302311836,0.05318035598943579,0.06615423127482356,0.15119504997291539,0.19153066640001348,0.05034361059398983
296,0.0,0.14828809780682758,0.051455359204312996,0.07121033213279158,0.13727672243174055,0.07886525985547427,0.052296402969031625,0.06688671184948328,0.1523206799650819,0.18949102233254767,0.05190941145270776
297,0.0,0.1473448153530112,0.0530516261901083,0.06896352368238055,0.13806537631906823,0.07918361876268483,0.05139362154804058,0.06770604558486125,0.1533584895019006,0.1874562016596265,0.053476681398317245
298,0.0,0.14637959689710092,0.05468593816219131,0.0667095128356628,0.1388398503700518,0.07952137253079951,0.05047173161744406,0.06861232484590721,0.1543077832500111,0.18543053369113258,0.055041355799698086
299,0.0,0.14539492317909722,0.05635299262902315,0.06445390060823604,0.13959559707007346,0.07988083449896903,0.04953071480168211,0.06960523552569314,0.15516813597813972,0.18341834940356647,0.05659931630551908
300,0.0,0.1443934276796337,0.05804720027307222,0.062202514922424866,0.1403279654822054,0.08026424549600492,0.04857082867954828,0.07068405264307878,0.15593938868399626,0.18142396961225293,0.05814640652778222
301,0.0,0.14134137906663546,0.0633210095562782,0.05518081456837,0.14212884196740525,0.0826441479394251,0.04450076254291115,0.07404887329706145,0.158236011529825,0.17236007776239276,0.06623808176969512
302,0.0,0.14032069709759842,0.06504796380599685,0.05305478585185437,0.14267038450933597,0.08317913654446571,0.04345437112742538,0.07547160657522962,0.15856715072343702,0.17059387737778856,0.06764002638686775
303,0.0,0.13929988514160122,0.0667674641740286,0.0509666992050941,0.14316387253796775,0.0837463208176831,0.04239714707420218,0.0769694458667287,0.1588121831431113,0.168871054236819,0.06900592780276374
304,0.0,0.13828224091747437,0.06847275781733508,0.04892304776777138,0.14360477864951446,0.08434694657186377,0.04133127138156079,0.07853907701061989,0.1589725930147458,0.16719543631224526,0.07033185055686894
305,0.0,0.1372711004636313,0.07015704141600844,0.04693030998446594,0.14398868761775485,0.08498204249872685,0.04025924577967305,0.08017680691956505,0.15905007110807318,0.16557073854446056,0.07161395566764055
306,0.0,0.13626981994034637,0.07181349810001147,0.044994913720095814,0.14431132543106426,0.08565240494724573,0.03918389074558439,0.08187857649067769,0.15904650283448865,0.1640005497195175,0.07284851807096795
307,0.0,0.13528175705381262,0.0734353349925564,0.0431232002164565,0.14456858769379047,0.08635858426708176,0.03810834132428578,0.08363997545603759,0.15896395566984517,0.16248831943016534,0.07403194389596837
308,0.0,0.13431025221848453,0.07501582113725484,0.04132138811281075,0.14475656720712363,0.0871008728257837,0.03703604074494963,0.08545625911154293,0.15880466596929457,0.16103734517655516,0.0751607874962003
309,0.0,0.13335860957652487,0.076548325572633,0.039595537753639706,0.14487158054981483,0.08787929479766163,0.03597073183468202,0.08732236685280292,0.15857102524379602,0.15965075966466272,0.07623176815378246
310,0.0,0.13243007799471654,0.07802635531558748,0.037951516005403606,0.1449101934854539,0.08869359781082695,0.03491644624548174,0.08923294243711997,0.15826556597008426,0.15833151836162315,0.07724178637370264
311,0.0,0.13152783215996322,0.07944359301486997,0.03639496180149168,0.14486924503048637,0.08954324652686288,0.033877491523454255,0.09118235588133705,0.15789094700769954,0.15708238736804392,0.07818793968579127
312,0.0,0.1306549538944814,0.08079393403673485,0.03493125263048224,0.14474587002567374,0.09042741821503852,0.03285843606262918,0.09316472689647584,0.1574499386980969,0.15590593166795189,0.07906753787243585
313,0.0,0.12981441381098022,0.08207152274745547,0.0335654721774173,0.1445375200632275,0.09134500036997274,0.031864091998893194,0.095173949751717,0.15694540772188875,0.15480450381732613,0.07987811754112197
314,0.0,0.12900905342654076,0.08327078776149323,0.0323023793210564,0.14424198263231755,0.09229459040828265,0.030899496112500997,0.09720371945241844,0.1563803017909163,0.15378023313216,0.08061745596231405
315,0.0,0.1282415678515551,0.08438647592966124,0.03114637868205869,0.14385739835698821,0.0932744974660931,0.029969888820284313,0.09924755910957564,0.1557576342520904,0.1528350154366618,0.081283584095032
316,0.0,0.1275144891669799,0.08541368484862624,0.030101492907804044,0.1433822762126493,0.09428274630542886,0.029080691350972285,0.10129884837144007,0.15508046867979644,0.15197050343156182,0.08187479872474165
317,0.0,0.1268301705993229,0.08634789368148807,0.02917133686916408,0.14281550662015646,0.0953170833235459,0.028237481208886427,0.1033508527819642,0.1543519035331163,0.15118809774150457,0.08238967364085178
318,0.0,0.1261907715982349,0.08718499208891624,0.02835909393304126,0.1421563723299765,0.09637498464527208,0.02744596604261276,0.10539675392536829,0.15357505695319404,0.15048893869918997,0.0828270697841946
319,0.0,0.1255982439163602,0.0879213070813384,0.027667494461984098,0.14140455702295593,0.09745366626450777,0.026711956046010305,0.10742968021145674,0.1527530517747592,0.14987389892227237,0.08318614429835568
320,0.0,0.12505431878522894,0.08855362761490072,0.027098796678740066,0.14056015156869198,0.09855009618727531,0.026041335029024424,0.10944273815237447,0.15188900082413936,0.14934357673702708,0.08346635842259839
321,0.0,0.12454745976124404,0.08891199398556959,0.02689949278758138,0.13884674434283314,0.10037539444077781,0.025086203559953796,0.11217842568044595,0.1505895419078375,0.14850765470758334,0.08405708882617434
322,0.0,0.1241347400983449,0.08927028368996727,0.026649932006537782,0.13777288024599346,0.10149709170549553,0.024599307099859778,0.11411416067020866,0.14962372938993518,0.14821070545759146,0.0841271696360669
323,0.0,0.12339757926887947,0.08999933426886411,0.026078731011916944,0.1362709138140276,0.10305075157989185,0.024108660339380406,0.11714504254388022,0.14805423018084868,0.14807372126551485,0.08382103572679696
324,0.0,0.12311424314747052,0.09008134691479851,0.026140038833903246,0.13498009544854553,0.10418278824463884,0.023843607633075733,0.11895621113267908,0.14702541198865474,0.1479672622101811,0.08370899444605373
325,0.0,0.12288470858208042,0.09005084871608034,0.02632714360750747,0.13360582025900708,0.10531010083045853,0.023677018301581223,0.12070748476596997,0.14597225422510038,0.14794306299550347,0.08352155771671232
326,0.0,0.12270891259926256,0.08990832997675571,0.026638685491364736,0.13215100060973015,0.10642841413528073,0.023614402486904055,0.12239270123750542,0.14489742686203524,0.1479996967810781,0.08326042982008464
327,0.0,0.12258651744528412,0.0896548420632578,0.027072776069422183,0.13061891972472708,0.10753336411611016,0.023661083936823465,0.12400592568437416,0.14380349039887771,0.14813544599944434,0.08292763456168037
328,0.0,0.12251691061339903,0.08929199622255782,0.027627004134292713,0.12901321670655888,0.10862052381717863,0.023822166563407802,0.12554147930531118,0.14269288654373716,0.14834830534452503,0.08252551074903315
329,0.0,0.1224992064719709,0.08882195924474771,0.02829844433646527,0.12733786945021797,0.10968543016145457,0.02410250141985905,0.12699396703313087,0.14156792973918741,0.14863598596481908,0.08205670617814854
330,0.0,0.1225322494933153,0.08824744598008928,0.02908366865532456,0.1255971755547487,0.11072361144034473,0.02450665428681751,0.12835830402055165,0.14043079956606092,0.14899592087252725,0.08152417013022169
331,0.0,0.12261461907334095,0.0875717087395705,0.02997876063104847,0.12379573134778456,0.11173061533063992,0.025038874058018027,0.12962974080412298,0.1392835340537525,0.1494252715743346,0.0809311443873891
332,0.0,0.12274463592233079,0.08679852362683951,0.030979332279973605,0.12193840914989963,0.11270203726302508,0.025703062112864404,0.13080388701711504,0.13812802392052842,0.14992093592393643,0.08028115278348881
333,0.0,0.12292036999757552,0.0859321738679241,0.032080543600051074,0.1200303329165677,0.11363354896282446,0.026502742860088153,0.13187673352905052,0.1369660077622514,0.1504795571906055,0.07957798931306341
334,0.0,0.12313964993911539,0.08497743022327048,0.03327712455765194,0.11807685240553188,0.11452092698111815,0.027441035632193703,0.13284467289702065,0.135799068202786,0.1510975343321867,0.07882570482912686
335,0.0,0.12340007396061727,0.08393952858424683,0.03456339943232006,0.1160835160264394,0.11536008103295937,0.028520628104883445,0.13370451802199015,0.13462862901417105,0.1517710334548921,0.07802859236748219
336,0.0,0.1236990221384748,0.08282414487323367,0.03593331338219775,0.11405604253764592,0.11614708195916454,0.029743751409128355,0.13445351891191823,0.13345595320945738,0.152496000436189,0.07719117114259227
337,0.0,0.12403367003361836,0.08163736738267455,0.03738046107984939,0.1120002917620811,0.1168781891290367,0.031112157096033058,0.13508937746266608,0.1322821421059504,0.15326817468096005,0.07631816926713228
338,0.0,0.12440100357231877,0.08038566670387583,0.03889811725616022,0.10992223449996008,0.1175498771034248,0.03262709610617568,0.13561026017726951,0.13110813535147897,0.1540831039749883,0.07541450525434977
339,0.0,0.1247978351045078,0.07907586341083958,0.040479268978959516,0.10782792182088013,0.11815886138070208,0.03428929988572436,0.13601480875418923,0.12993471190127995,0.15493616039372662,0.07448526836919292
340,0.0,0.12522082055087205,0.07771509367789416,0.04211664948307856,0.10572345392143587,0.11870212305255667,0.03609896378139063,0.13630214848555214,0.12876249192815128,0.15582255721827187,0.07353569790079888
341,0.0,0.12566647754324567,0.07631077302227726,0.043802773359757956,0.10361494873689721,0.11917693220189876,0.038055732835229984,0.13647189441711477,0.12759193964372756,0.1567373668045228,0.07257116143533017
342,0.0,0.1261700689589893,0.07452000156671737,0.04597327308385991,0.10067847977785771,0.11977289093258384,0.04134346103549557,0.1364745182185309,0.1259129904432971,0.15793362357682855,0.07122069240584201
343,0.0,0.12665514286889037,0.07304096013651609,0.04774978843076355,0.09858080703608782,0.12007337646415019,0.04366407730930839,0.1363445499355347,0.12475440037907644,0.15888220708092143,0.07025469035875348
344,0.0,0.12715001835417564,0.07154571334727056,0.04954819012838509,0.09649975142536031,0.12029840393844199,0.04612622067304404,0.13609963284479001,0.12359762223922864,0.15984131302264382,0.0692931340266623
345,0.0,0.12765084050057268,0.07004244397499153,0.051360457824780555,0.09444114789324783,0.12044677246120347,0.0487269583473115,0.13574160751005837,0.12244246948677817,0.16080565921578183,0.06834164278527655
346,0.0,0.1281537287358058,0.0685393911885241,0.05317855999740354,0.09241068157726333,0.1205176698489621,0.05146277523311832,0.13527279719213936,0.12128863040399479,0.16176993474012,0.06740583108267122
347,0.0,0.12865479871818955,0.0670448074230531,0.05499449294477657,0.09041385929477912,0.12051068437743448,0.054329577355228476,0.13469599905053053,0.12013567600646784,0.16272882218267076,0.06649128264687224
348,0.0,0.12915018435202394,0.06556691507791657,0.056800319546685574,0.088455982154631,0.12042581428714913,0.057322698199112614,0.13401447310176304,0.11898306856856432,0.1636770202556845,0.06560352445647204
349,0.0,0.1296360598035139,0.06411386328280118,0.05858820757701532,0.08654211945223943,0.12026347496310082,0.060436907945107476,0.1332319289819662,0.11783017070571424,0.16460926669586587,0.06474800059267838
350,0.0,0.13010866139075478,0.06269368497589205,0.06035046735676984,0.08467708400169496,0.12002450371882357,0.06366642558803412,0.1323525105720756,0.11667625495647244,0.16552036134580472,0.06393004609368083
351,0.0,0.13056430922189532,0.06131425453559942,0.06207958853952032,0.08286540904892038,0.11971016212934604,0.06700493391511919,0.13138077855467853,0.11552051380513793,0.16640518931563641,0.06315486093414935
352,0.0,0.13099942845691145,0.05998324620409783,0.0637682758274516,0.08111132689980101,0.11932213587199424,0.07044559729970108,0.13032169098172097,0.11436207008388426,0.16725874412039907,0.06242748425404151
353,0.0,0.13143955995688683,0.05839989160587881,0.0658549296709506,0.07877261211801313,0.11869142046426596,0.07584600849260308,0.12838594337469827,0.11280697610454544,0.16809838394039764,0.06170427427176335
354,0.0,0.1318086326874123,0.05722001054641751,0.06741889639089275,0.0771706186472473,0.11813468767294616,0.07951038441466077,0.12712634586020466,0.11164130984985955,0.16884299079305942,0.06112612313730276
355,0.0,0.13214593822462556,0.05611299902237904,0.06891946491362941,0.07563816312685072,0.11751327645157886,0.0832493277985871,0.12579981172271337,0.11046912782527851,0.16954044336062998,0.060611447553730644
356,0.0,0.13244862438053226,0.05508515038837313,0.07035069145925772,0.07417794001657015,0.116830696408537,0.08705395889882324,0.12441280350004409,0.10928937537423943,0.17018653411582146,0.060164225457804706
357,0.0,0.13271404861107344,0.054142354033175695,0.0717070157075091,0.07279226103954672,0.11609083618715182,0.09091502356193532,0.12297204299753257,0.1081009897620549,0.17077728477520743,0.05978814332481634
358,0.0,0.13293979398997083,0.05329006429463903,0.07298328531388205,0.07148304728961062,0.11529794720188065,0.09482292726555097,0.12148448148432968,0.10690291148793515,0.17130896651741134,0.05948657515479317
359,0.0,0.13312368398691257,0.05253327170765553,0.07417477814445925,0.07025182366170984,0.11445662505291387,0.09876777119418324,0.11995726877254224,0.10569409549559768,0.17177811936629933,0.059262562617729976
360,0.0,0.1332637959645458,0.0518764767425126,0.07527722211968364,0.0690997156277132,0.11357178870554943,0.10273939019232878,0.11839772132485941,0.10447352221998796,0.17218157063422002,0.059118796468602734
361,0.0,0.13335847331610107,0.05132366617636069,0.0762868125719718,0.06802744836510032,0.11264865753467174,0.10672739242430948,0.11681328954104313,0.10324020840910773,0.17251645232284601,0.05905759933849159
362,0.0,0.13340633617327938,0.050878292225107646,0.07720022703713549,0.0670353482313208,0.1116927263481608,0.11072120056025471,0.11521152437764143,0.10199321766173469,0.1727802173822477,0.059080910003121
363,0.0,0.13340629062223514,0.050543254546949905,0.07801463741506774,0.066123346561959,0.11070973851593717,0.11471009429844876,0.11360004345849006,0.10073167062391511,0.17297065473246573,0.05919026922453508
364,0.0,0.13335753637403963,0.050320885212052135,0.07872771945092541,0.06529098575637782,0.10970565734354533,0.1186832540260534,0.11198649683598771,0.09945475478949838,0.17308590295604007,0.059386807255483946
365,0.0,0.13325957284485665,0.05021293671569389,0.0793376595040149,0.06453742760032025,0.10868663584061085,0.12262980541299963,0.11037853256475236,0.09816173385264662,0.17312446257468517,0.05967123308942353
366,0.0,0.13311220361014933,0.05022057309462413,0.0798431585876558,0.06386146376111726,0.10765898504511136,0.12653886472767598,0.10878376225007869,0.0968519565631771,0.17308520682856035,0.06004382553185388
367,0.0,0.1329367817432394,0.05023415836514768,0.08062802342570825,0.06285453062291228,0.10600517077797708,0.13230422277535533,0.10673323090517269,0.09456120168305193,0.17329261843097588,0.06045006127046349
368,0.0,0.13266548443653586,0.0505364935322096,0.08085978672748065,0.062374207460581164,0.10498173731028144,0.13607164799356963,0.10520632202378118,0.09320766267094613,0.17305840745867615,0.061038250385942294
369,0.0,0.13234634016737568,0.050954043610964984,0.08098643872131543,0.06196450006077761,0.10397276938133754,0.13976409915220478,0.10371812353229266,0.09183614907866149,0.1727448949805127,0.06171264131456129
370,0.0,0.13198053296295453,0.051485291164842815,0.08100899732090915,0.06162269216833292,0.10298487236585435,0.14337122890749204,0.10227566366038439,0.09044648041858624,0.17235270556793356,0.06247153546271424
371,0.0,0.13122205853576738,0.05267033839754778,0.08068037923864699,0.06135694696871365,0.10165600372383146,0.14857680899453712,0.09990069458613136,0.08864900327374067,0.1712179510684527,0.06406981521263531
372,0.0,0.1307487617628311,0.053470086541307804,0.08046137748659804,0.06116199952629352,0.10075114882387921,0.15192716555325103,0.09860120263835405,0.08721258230009798,0.17063457687563255,0.06503109849175917
373,0.0,0.1302354304077828,0.054373500262432796,0.08014570067870376,0.06102351466222318,0.0998897267443273,0.15515812980561416,0.09737047025021738,0.0857581323446138,0.169978482500331,0.06606691234375825
374,0.0,0.12968453254314644,0.05537656594157901,0.07973642432817392,0.060937737396010626,0.09907789561777527,0.1582607838873435,0.09621430480995248,0.08428606427874559,0.16925210584613948,0.06717358535113827
375,0.0,0.12909879432937507,0.05647476378247204,0.07923703626872347,0.06090074429801659,0.09832161637550069,0.1612266447217468,0.09513816609356279,0.08279692686957349,0.16845826991018376,0.06834703735084997
376,0.0,0.1284811869025622,0.057663091913218376,0.0786514139742062,0.06090847027700768,0.09762661784237263,0.16404770268050659,0.09414714169910436,0.08129140795788248,0.1676001736551892,0.0695827930979551
377,0.0,0.12783491192961893,0.05893609294099092,0.07798380010599437,0.06095673592707153,0.09699836276977436,0.16671645836043694,0.09324592418418505,0.07977033484391362,0.16668138097506238,0.07087599796295668
378,0.0,0.127163385910332,0.06028788280426835,0.07723877644619057,0.061041275256573685,0.09644201500736156,0.16922595728802758,0.09243879001086662,0.0782346738835717,0.16570580777718316,0.07222143561562969
379,0.0,0.12647022331250588,0.06171218175465995,0.0764212363827691,0.0611577636201759,0.09596240800922744,0.1715698223730898,0.0917295803932595,0.07668552930211753,0.16467770721417424,0.07361354763802565
380,0.0,0.1257592186326656,0.06320234728924233,0.07553635611967376,0.06130184567442268,0.09556401486363103,0.173742283943276,0.09112168413376356,0.07512414123653258,0.16360165310748892,0.07504645499930852
381,0.0,0.125034327480514,0.06475140884433198,0.07458956479071617,0.061469163178039694,0.09525092002789727,0.17573820720259042,0.09061802252418222,0.07355188302179333,0.1624825216146777,0.07651398131526242
382,0.0,0.12429964679047383,0.0663521040527692,0.07358651366079495,0.061655382459865266,0.09502679294146742,0.17755311696919263,0.09022103637787139,0.07197025774021865,0.1613254712016052,0.07800967780574683
383,0.0,0.12355939426816968,0.06799691635914092,0.07253304460146873,0.06185622138024232,0.0948948636804044,0.1791832195607536,0.08993267524873197,0.07038089405682742,0.1601359209901545,0.07952684985411186
384,0.0,0.12281788718359761,0.0696781137809575,0.07143515803025455,0.062067475615711944,0.09485790080599678,0.18062542170928897,0.08975438888226572,0.06878554136725226,0.1589195275610055,0.08105858506367444
385,0.0,0.12165619041409523,0.07227767830060192,0.06975328903961715,0.0624706391441396,0.09501392100460589,0.1823313998113018,0.08940021368786635,0.06676618508909872,0.15671405247084993,0.08361643103782876
386,0.0,0.12093437502275191,0.07400788381419755,0.06858232467986175,0.0626822214667139,0.0952234417916322,0.1832926888855936,0.0895042365438861,0.06516038028851052,0.1554630846709092,0.08514936283594873
387,0.0,0.12022699170266467,0.07574620977108626,0.06738854345744336,0.06289079428336246,0.0955335387362862,0.18406079082532875,0.08971968717895315,0.06355546404890566,0.1542071752108261,0.08667080478514895
388,0.0,0.11953852259730771,0.07748447179588565,0.06617823786029398,0.0630928154042077,0.09594470019737505,0.18463590634878257,0.09004571520865583,0.06195365926134952,0.1529527190638504,0.08817325226229722
389,0.0,0.11887342592831353,0.07921449416072138,0.0649576824240503,0.06328494434769673,0.09645687689768857,0.18501898379987167,0.09048096418717015,0.06035727189568463,0.1517061955460405,0.08964916081276826
390,0.0,0.11823611345655047,0.0809281505363762,0.06373310282522573,0.06346406049836394,0.09706947685761214,0.18521171694119373,0.09102357792177623,0.05876868254101775,0.15047413760339023,0.09109098081849937
391,0.0,0.11763092818581432,0.0826174042247947,0.0625106458110872,0.06362727954784957,0.09778136324214981,0.1852165393783311,0.09167120901171469,0.05719033755196105,0.14926310041547697,0.09249119263082643
392,0.0,0.1170621224266635,0.08427434765872005,0.061296350128970195,0.06377196812228983,0.09859085515322404,0.1850366156311689,0.09242102956493987,0.055624739848773655,0.14807962945701816,0.09384234200823768
393,0.0,0.11653383633542926,0.0858912409599331,0.060096118609702445,0.06389575651142552,0.09949573138270659,0.18467582888444892,0.0932697440362409,0.054074439420847095,0.14693022816343865,0.09513707569583355
394,0.0,0.11605007704029949,0.08746054935441283,0.058915691550860474,0.06399654942752858,0.10049323712507394,0.1841387654661066,0.09421360412044547,0.05254202358398807,0.14582132535060224,0.09636817698068834
395,0.0,0.11561469846263882,0.08897497925069249,0.05776062153582061,0.06407253473543088,0.10158009363196042,0.18343069611803578,0.0952484256250402,0.05103010704267188,0.14475924254221348,0.09752860105550151
396,0.0,0.11507358473797714,0.09103599966343222,0.05626518129134739,0.06417264986955978,0.10332674412474607,0.18189570500831834,0.0967414338185459,0.04918496194658939,0.14301756393733564,0.09928617560215433
397,0.0,0.11477877150073541,0.092376090240908,0.05520475751932478,0.06417459214917838,0.104619634382891,0.1807828784857019,0.09798918349959115,0.04773115118956629,0.14210922990010694,0.10023371113200244
398,0.0,0.11454435894556261,0.09363824149053061,0.05418694827794816,0.0641481138597279,0.10598637961547451,0.179522325629911,0.09931028269162744,0.04630703781471396,0.14126903952999176,0.10108727214451835
399,0.0,0.11437327298531293,0.09481666718817199,0.053216181656032785,0.0640927307707493,0.10742154763299325,0.1781220811093297,0.10069883516724505,0.04491523846003359,0.14050241276165643,0.10184103226848144
400,0.0,0.11426819203034273,0.095905988845643,0.05229659158310217,0.06400825053885656,0.10891928621189201,0.17659070842626579,0.1021486328004677,0.04355834104198021,0.13981448577116173,0.10248952275029467
401,0.0,0.11423153366142522,0.09690125902048283,0.051432004536477234,0.06389476778559644,0.11047335027856661,0.1749372629817652,0.10365318289126597,0.042238894807596156,0.13921008162433127,0.10302766241249971
402,0.0,0.1142654426365326,0.09779798218638198,0.05062592832377114,0.06375265715389605,0.11207713138916027,0.17317125288559077,0.10520573665149871,0.04095940056994609,0.13869368202415538,0.10345078617907372
403,0.0,0.11437178028756997,0.09859213307377258,0.049881542971229376,0.06358256440168597,0.11372368935721507,0.1713025976922672,0.10679931871766374,0.03972230117277723,0.13826940030796073,0.10375467201786484
404,0.0,0.11567393765406271,0.1012879110120403,0.04598271604906288,0.06272558551457531,0.12171867565025277,0.1635311943910213,0.1147399224316738,0.03287112231655802,0.1379605554187481,0.10350837956201156
405,0.0,0.11617025841580537,0.1015040836235957,0.04560000881120994,0.06244374758669609,0.12344658712791465,0.16134696912889904,0.1163670585602717,0.031943100274061824,0.13800649192926684,0.10317169454228574
406,0.0,0.11674395609887081,0.101602705827803,0.04529354817785818,0.06214211231362499,0.12516680374137307,0.15913209581102095,0.11798671491024854,0.031070725455295822,0.13815963657475389,0.10270170108915785
407,0.0,0.11739466566917056,0.10158348885413312,0.04506396063672667,0.061822982481498596,0.12687103828116655,0.15689803799106317,0.11959130150587514,0.030255732759934026,0.13842086732070671,0.10209792449973261
408,0.0,0.1181217084855272,0.10144666474334182,0.04491154469152152,0.0614887965748774,0.1285510004548467,0.15465626394896137,0.12117327172893932,0.029499735131695796,0.13879054047890788,0.10136047376138811
409,0.0,0.11892409586185165,0.10119297937825357,0.044836280906859066,0.06114210596049186,0.13019843975896386,0.1524181963458439,0.12272515432160894,0.028804217969014213,0.13926848112971643,0.10049004836740373
410,0.0,0.1198005341195462,0.10082368294175098,0.04483784362152,0.060785551357859305,0.1318051883861764,0.15019516211469786,0.12423958490492991,0.02817053410072159,0.13985397595368684,0.0994879424991182
411,0.0,0.12074943109365607,0.10034051788291075,0.044915614220491853,0.060421838763417536,0.13336320393687842,0.1479983428194543,0.12570933687527686,0.02759989934219288,0.1405457685365149,0.09835604652921379
412,0.0,0.1217689040488917,0.09974570448522851,0.04506869584763551,0.060053714998465894,0.13486461170498928,0.14583872571261242,0.1271273515450555,0.027093388644110115,0.1413420571999231,0.0970968458130954
413,0.0,0.12285678895456026,0.09904192414318942,0.04529592943303971,0.059683943053752964,0.136301746309067,0.1437270557178309,0.12848676739854936,0.026651932842725174,0.142240495399311,0.09571341674798177
414,0.0,0.12401065106070888,0.09823230046500736,0.04559591090225458,0.05931527740498764,0.1376671924426979,0.14167378855910465,0.12978094833896578,0.026276316017223824,0.1432381947168712,0.09420942009218582
415,0.0,0.1252277967114296,0.09732037833011403,0.04596700942865104,0.058950439473863366,0.1389538245221542,0.13968904525225592,0.13100351080845496,0.02596717345655039,0.1443317304664593,0.09258909155007491
416,0.0,0.12650528632534105,0.09631010103987385,0.04640738658517438,0.05859209340837696,0.1401548450145807,0.13778256816752754,0.13214834966910083,0.02572499023485696,0.14551714991387688,0.09085722964129868
417,0.0,0.12783994846776994,0.09520578570898278,0.04691501624776685,0.05824282235429542,0.14126382123644832,0.13596367886411387,0.1332096627395892,0.0255501003916123,0.14678998310343247,0.0890191808859967
418,0.0,0.129228394934136,0.09401209705303902,0.047487705099746536,0.05790510538658969,0.1422747204196528,0.134241237888545,0.13418197388940203,0.025442686709360805,0.14814525626876016,0.08708082235077602
419,0.0,0.13066703675951724,0.09273401973481198,0.04812311358445703,0.05758129526553161,0.14318194285140637,0.13262360671900017,0.13506015459993118,0.025402781079176304,0.14957750779295548,0.08504854161322076
420,0.0,0.132152101065361,0.09137682943775403,0.048818777152550986,0.05727359717696561,0.14398035290391875,0.1311186120269206,0.1358394439098071,0.025430265441026167,0.15108080667020934,0.08292921421549455
421,0.0,0.1336796486508226,0.08994606284027458,0.04957212765033687,0.05698404861005179,0.14466530778073586,0.12973351241577946,0.13651546666995393,0.025524873283561084,0.15264877340833802,0.08073017869015406
422,0.0,0.13524559223327923,0.08844748666820922,0.050380514696694474,0.05671450051856947,0.14523268381844434,0.12847496778460296,0.13708425004237204,0.02568619168528952,0.15427460329899856,0.07845920925354845
423,0.0,0.13684571524017847,0.08688706600576208,0.05124122689813643,0.056466599903717406,0.1456789001951899,0.12734901145089522,0.13754223818536104,0.025913663876695144,0.15595109197000467,0.07612448627406804
424,0.0,0.14030285788301522,0.08355304241127764,0.05331434134340492,0.055760130271091474,0.14635681660859906,0.12487927310690763,0.13844898631592725,0.026641968263160926,0.15981069319350708,0.07093189060311735
425,0.0,0.14198346014998686,0.0818422633696894,0.05430951937194307,0.05558166171661707,0.14643739246548915,0.12416376221372151,0.13856560142600508,0.027059086704411605,0.1616090266555243,0.06844822592662062
426,0.0,0.14368018104731498,0.08009526373178023,0.055345884896209174,0.055429045622628015,0.14638800042768746,0.12359888496478387,0.13856092427809136,0.027539057726582154,0.16342520286243245,0.06593755444249896
427,0.0,0.14538843747229038,0.07831852177486913,0.05642074464635663,0.055302681880625995,0.14620802356638257,0.12318725871614043,0.13843363269548084,0.028080646733233766,0.1652504263675413,0.0634096261470876
428,0.0,0.147103636699781,0.07651851728345302,0.057531460305952846,0.05520269882688227,0.1458974694004044,0.12293076934128341,0.1381828708717375,0.028682499954943114,0.16707569830854815,0.0608743790070231
429,0.0,0.14882119625863618,0.07470169970094002,0.05867546467166497,0.05512894888768122,0.14545697249951217,0.12283056519501204,0.13780825049830714,0.029343149971964536,0.16889185479083085,0.058341897525459645
430,0.0,0.15053656355483216,0.07287445696208093,0.05985027663170041,0.055081006359981546,0.14488779384671435,0.12288705439360059,0.13730984994262674,0.030061021529486146,0.17068960646722908,0.055822370311757005
431,0.0,0.152245235146881,0.07104308516532656,0.06105351487092656,0.05505816735895479,0.1441918169535997,0.12309990541073358,0.13668821150062033,0.030834437611772545,0.1724595791373563,0.053326046843837634
432,0.0,0.15394277558202607,0.06921375923728183,0.06228291022053665,0.05505945194978844,0.1433715407399643,0.12346805097297699,0.13594433675596412,0.03166162574104718,0.17419235518285803,0.05086319361756566
433,0.0,0.15562483570520286,0.06739250473359044,0.06353631658053963,0.05508360846691634,0.1424300692062721,0.12398969522301624,0.13507968008673432,0.032540724466735685,0.17587851564925835,0.048444049881743306
434,0.0,0.15728717035662698,0.06558517091202531,0.06481172035416821,0.05512912000954792,0.1413710979446072,0.12466232410359324,0.13409614036798706,0.03346979001066356,0.177508682780165,0.046078783160624845
435,0.0,0.15984474708407187,0.06290243722179745,0.06679288339798142,0.05508571661238675,0.13973771017720535,0.12560116491373793,0.1325821615558767,0.034934658880682874,0.18002211149099034,0.04249640866527874
436,0.0,0.1614389933267854,0.061156128229311844,0.06811081100156113,0.05517601623188919,0.13841114259797624,0.1266297768990309,0.13131288206836528,0.035979581378653334,0.18147675253184908,0.040307915734587044
437,0.0,0.16365598803754064,0.0586020323318233,0.07010435125676741,0.05548955045998987,0.1360463963838188,0.12877686336018576,0.12902422631690297,0.03765959114492733,0.1832916825231007,0.03734931818495275
438,0.0,0.16516089693196676,0.05694418456288844,0.07146475775116014,0.05561027735682618,0.13447459042957707,0.1301429208455552,0.1274895876671441,0.03880673780235583,0.18450554190890128,0.035400504743634736
439,0.0,0.1666236872357643,0.05533033550031031,0.07283819437836676,0.05573830426449056,0.13281876275236104,0.13163075921006523,0.1258561233857724,0.03999083545770146,0.1856103742011163,0.03356262361406145
440,0.0,0.16804127054134863,0.05376447702579808,0.07422370647553593,0.055870613813997896,0.1310861242574805,0.1332333812401717,0.12412847341139657,0.04120955644244695,0.18659827751515065,0.03184411927668304
441,0.0,0.1694107734883315,0.05225026811084045,0.07562049020915668,0.05600404780831671,0.12928426652653954,0.13494326017634264,0.1223115989912282,0.04246054556430277,0.1874617236495729,0.03025302547537847
442,0.0,0.17072954698573448,0.05079102376302986,0.07702788776235305,0.05613533052456639,0.12742112456683327,0.13675237465078197,0.12041076145316557,0.043741426695962454,0.18819359562015572,0.0287969279774271
443,0.0,0.17199517426717462,0.049389706019244056,0.07844538105431462,0.05626109334231971,0.12550493770250976,0.13865224563590348,0.1184315000083712,0.045049809214530404,0.1887872236498168,0.0274829291058253
444,0.0,0.1732054777567859,0.0480489169986661,0.07987258405482177,0.05637790054972967,0.12354420880713335,0.1406339752233367,0.11637960869223447,0.04638329426835597,0.1892364194316496,0.026317614217296417
445,0.0,0.17435852473008928,0.04677089401672224,0.08130923376660677,0.05648227617057499,0.1215476620861903,0.14268828704580927,0.11426111255393631,0.04773948084979452,0.18953550848924972,0.025307020291036677
446,0.0,0.1754526317604494,0.045557506749299335,0.08275517995753083,0.05657073164761729,0.11952419962586837,0.1448055681477817,0.11208224320660852,0.04911597165427765,0.18967936046648945,0.024456606784087478
447,0.0,0.1764863679481301,0.04441025642514282,0.0842103737332001,0.05663979421093375,0.11748285693108348,0.1469759121052238,0.10984941385129378,0.050510378707997725,0.1896634171877343,0.023771228899270243
448,0.0,0.1774585569352322,0.04333027701319335,0.0856748550486309,0.056686035754172324,0.11543275768118673,0.14918916319044306,0.10756919388857783,0.05192032874848025,0.18948371833918784,0.023255113400905768
449,0.0,0.17836827771595382,0.04231833836085802,0.08714873926486637,0.05670610203701151,0.11338306793602788,0.15143496137441648,0.10524828323187796,0.05334346834432032,0.18913692463255932,0.02291183710211854
450,0.0,0.1792148642576033,0.041374851228888544,0.08863220286298817,0.05669674202852147,0.11134295002806602,0.15370278795664663,0.10289348643594863,0.05477746874237943,0.18862033832351877,0.022744308135449136
451,0.0,0.17999790395359938,0.04049987415871022,0.09012546843372879,0.05665483720364282,0.10932151637798142,0.15598201161116906,0.10051168675320955,0.05622003043276466,0.18793192096938194,0.02275475010582239
452,0.0,0.18071723493527986,0.03969312209875989,0.0916287890658324,0.05657743060364141,0.10732778347175359,0.15826193463697263,0.0981098202290313,0.05766888742392939,0.1870703083231036,0.022944689211706133
453,0.0,0.1813729422746825,0.03895397670769894,0.09314243226040962,0.05646175547116949,0.10537062623642494,0.16053183920175823,0.09569484994514425,0.059121811222229814,0.18603482227388501,0.023314944406607644
454,0.0,0.1819653531155276,0.03828149824430756,0.0946666635017598,0.05630526327147535,0.10345873304977356,0.16278103336963595,0.09327374051788231,0.06057661451223275,0.1848254797584565,0.02386562065895904
455,0.0,0.18249503077441392,0.03767443894648004,0.09620172961747611,0.05610565091334513,0.10160056161588882,0.16499889670603593,0.09085343295505964,0.06203115453598451,0.18344299858131918,0.024596105354007313
456,0.0,0.18296276785869556,0.03713125779505847,0.09774784206209523,0.055860886986528475,0.09980429593419274,0.16717492525675218,0.08844081997192334,0.06348333617130693,0.181888800096839,0.02550506786661867
457,0.0,0.18336957845163834,0.03665013655229342,0.09930516025909499,0.05556923683667466,0.0980778045838131,0.16929877570264215,0.08604272186285496,0.064931114710973,0.18016500872102126,0.026590462319004683
458,0.0,0.18371668941922875,0.03622899695952862,0.10087377513568212,0.05522928630416488,0.09642860053841484,0.17136030849700995,0.08366586302133441,0.066372498346324,0.17827444825597283,0.027849533522350194
459,0.0,0.1840055308964229,0.035865518974289634,0.10245369298355693,0.05483996395964329,0.09486380271867789,0.17334962979910573,0.08131684919615563,0.06780555036050635,0.1762206350254059,0.029278826086246233
460,0.0,0.18423772601365634,0.03555715992332682,0.10404481977669632,0.05440056167648611,0.09339009948061866,0.1752571320244069,0.07900214556702871,0.06922839103803087,0.1740077678349805,0.03087419666477944
461,0.0,0.1844150799270858,0.03530117444533185,0.10564694607418806,0.05391075338886401,0.0920137142279301,0.17707353284038366,0.07672805571754006,0.07063919929877083,0.17164071478673892,0.03263082929317742
462,0.0,0.18453956821829484,0.035094635095012115,0.10725973263229134,0.05337061189340306,0.09074037332552919,0.17878991244524156,0.07450070157801221,0.07203621406582184,0.16912499699227265,0.034543253754131975
463,0.0,0.1846133247310484,0.034934453478972644,0.10888269684522456,0.052780623562678486,0.08957527647960052,0.1803977489766202,0.07232600440512656,0.07341773537783178,0.1664667692445139,0.03660536689839374
464,0.0,0.18463862891415128,0.03481740179340868,0.11051520012872154,0.05214170084982894,0.08852306973668246,0.18188895190736282,0.07020966685929095,0.07478212525747391,0.1636727977230659,0.03881045683002458
465,0.0,0.18437897179725526,0.03449324761473349,0.11483150844370878,0.05085210803975874,0.08552780579817017,0.18555010358345578,0.06505935335471755,0.0785950766115254,0.1556541258558884,0.045057698900797506
466,0.0,0.18427313879269736,0.03448602861714908,0.11648882007735438,0.05005071634157675,0.08491845295709786,0.18654979799512106,0.06321559371302175,0.07987159136659586,0.15246152960984988,0.047684330529547236
467,0.0,0.18373443674835666,0.03506783870293653,0.12116503337984348,0.046862630374038206,0.08494604555751878,0.18808540124774667,0.058282410192941884,0.08291854042399463,0.14285275631495664,0.05608490705767755
468,0.0,0.18347325038586684,0.03516795026857543,0.12282990890883481,0.04593599537599172,0.08481679354393289,0.1885036382436158,0.056751138490584725,0.08411554983705369,0.13930931604025287,0.059096458905302345
469,0.0,0.18318703346656925,0.03528103836576453,0.12449151621393377,0.04498606549208173,0.0848145153787343,0.18875827869393405,0.055315752538202895,0.08528399961086311,0.1357077851744196,0.06217401506550799
470,0.0,0.18287877431579652,0.0354036158454083,0.1261473447447161,0.04401793986181583,0.08493784229595687,0.18884652434600838,0.05397923539334175,0.08642283749671506,0.13205912378638668,0.06530676191386585
471,0.0,0.18246469072203506,0.03538321912780256,0.12874272960967795,0.04262457260802749,0.08511484177030497,0.1887904657408805,0.052156298117490646,0.08822771559388545,0.12643418506052462,0.07006128164938222
472,0.0,0.18212055795902757,0.03551086411893749,0.1303711642674289,0.04163234870794846,0.08555265684795758,0.18844327223380564,0.05108617172845801,0.08928274779680125,0.12272082542281337,0.07327939091683329
473,0.0,0.18176463430483647,0.035636747742928576,0.13198320152022078,0.0406429524671856,0.08610650709999966,0.18792444987822066,0.0501227374086941,0.0903050194434403,0.11900044419740549,0.07651330593707975
474,0.0,0.18139979809518605,0.03575788371633017,0.13357543119114687,0.03966315735115596,0.08677215956327884,0.1872340848455922,0.049267463344372125,0.09129374611899274,0.11528465484465045,0.07975162092930613
475,0.0,0.18102887115029054,0.03587143623377703,0.13514426445737304,0.03870004407358209,0.08754479481392675,0.1863728929385485,0.04852148434847272,0.09224819885180749,0.11158508359008248,0.08298292954215107
476,0.0,0.18065460734424757,0.03597473261307551,0.13668594505214376,0.03776097246810887,0.08841903012178313,0.18534221119046004,0.047885604686567246,0.09316770304325875,0.1079133201483165,0.0861958733320504
477,0.0,0.1802796817260598,0.03606527471038702,0.13819656199219357,0.036853551234181006,0.08938894542851102,0.18414398690280184,0.04736030209170418,0.09405163739228287,0.10428086849318088,0.08937919002870963
478,0.0,0.1799066802297886,0.036140749070463586,0.13967206377177366,0.03598560569055601,0.09044811201932143,0.18278076419956782,0.0469457329240668,0.09489943282456775,0.10069909790456201,0.0925217613653442
479,0.0,0.17953809000748916,0.03619903578514884,0.1411082739547501,0.035165143681830706,0.09158962374488334,0.18125566818858851,0.04664173842699524,0.09571057143541639,0.09717919452166225,0.09561266025324752
480,0.0,0.17917629041465435,0.03623821604158519,0.14250090808689586,0.034400319794621534,0.0928061306374216,0.1795723868296216,0.046447852027214125,0.09648458545430019,0.09373211363045407,0.09864119708324358
481,0.0,0.17876850396873356,0.036076567622309506,0.1445415795179562,0.0333986752130867,0.094678586330034,0.1767435958412198,0.04644108636821403,0.09768241440247304,0.08869313354814512,0.10297585718784039
482,0.0,0.17843826430391646,0.03605909482591499,0.14580394522852963,0.03280538545219734,0.0960619770253179,0.17467001812052357,0.04652610053133257,0.09835602976096158,0.0854797437915675,0.10579944095975079
483,0.0,0.1781219713040704,0.03601775772167203,0.14700703464769577,0.03229700160280958,0.09749172434736246,0.17245505775915054,0.04671715630478922,0.09899139407522808,0.08237518892193782,0.10852571331529645
484,0.0,0.1778214201637478,0.03595160450005381,0.14814632416535004,0.03188186225330553,0.09895892427007333,0.17010468522220742,0.04701250647340196,0.09958825623583092,0.07938880936253592,0.1111456073535056
485,0.0,0.17753826179917737,0.03585990173353944,0.14921729499764344,0.03156823315429617,0.10045444859852473,0.16762529876114043,0.047410152596153325,0.10014640990115335,0.07652947424651552,0.11365052421186862
486,0.0,0.1772739985427273,0.035742133489668614,0.15021545620536209,0.03136426489679003,0.10196898968569255,0.16502369433434833,0.04790785763272792,0.10066569272720002,0.0738055437811565,0.11603236870433913
487,0.0,0.1770299805858207,0.0355979992435252,0.15113636820428658,0.031277950346084556,0.10349310606396368,0.16230703423657317,0.04850315913702067,0.10114598564645891,0.0712248338865974,0.11828358264968164
488,0.0,0.1768074031671037,0.03542741063330492,0.15197566663417467,0.03131708204621329,0.1050172687667708,0.15948281459468067,0.04919338294765131,0.10158721219509693,0.06879458327655845,0.12039717573845787
489,0.0,0.17660730449920498,0.03523048710833807,0.15272908644993738,0.0314892098115574,0.10653190811277882,0.15655883189057235,0.04997565730512027,0.1019893378868477,0.06652142313693661,0.12236675379871907
490,0.0,0.17643056442411706,0.03500755052420549,0.15339248609632,0.03180159872286385,0.10802746072328032,0.15354314867428745,0.05084692732518655,0.10235236963109244,0.06441134954573706,0.12418654433292249
491,0.0,0.1762779037840785,0.03475911874438108,0.15396187162596767,0.03226118774440205,0.10949441654284195,0.15044405863186014,0.051803969758326594,0.1026763551918399,0.06246969876466319,0.1258514192116518
492,0.0,0.17614988449186178,0.03448589831213758,0.15443342062015922,0.03287454917733816,0.11092336563378148,0.14727005117319647,0.05284340796573754,0.10296138268357867,0.060701125518890085,0.12735691442333205
493,0.0,0.17604691028158512,0.034188776260248376,0.15480350577172924,0.033647849161619225,0.11230504451673588,0.14402977570513467,0.053961727043267,0.10320758009931817,0.059109584367157034,0.12869924679321845
494,0.0,0.17596922811857102,0.033868811129294574,0.15506871799077185,0.034586809434753764,0.11363038183239259,0.14073200575396194,0.05515528902587013,0.103415114865549,0.05769831424941343,0.12987532759943501
495,0.0,0.17591693024438831,0.03352722326813445,0.15522588889561106,0.035696670550871,0.11489054310337335,0.1373856031000005,0.0564203481067016,0.10358419341835094,0.05646982628390923,0.13088277302867282
496,0.0,0.17588995683103373,0.03316538449230702,0.15527211255423,0.03698215675736502,0.11607697438026503,0.13399948208445828,0.05775306580672833,0.10371506079445522,0.05542589486991764,0.131719911429253
497,0.0,0.17588809921624624,0.03278480717782217,0.15520476634484676,0.03844744271931458,0.11718144456184398,0.13058257424559305,0.05914952603278304,0.10380800023073276,0.054567552136291476,0.13238578733453935
498,0.0,0.17591100369020354,0.032387132868937296,0.15502153080859202,0.040096122273752116,0.1181960861866117,0.1271437934373867,0.06060574996425211,0.1038633327653305,0.053895085759868976,0.1328801622450785
499,0.0,0.1759581758023244,0.031974120479142464,0.15472040837225337,0.04193117938678021,0.11911343450080425,0.12369200157939723,0.062117710711085385,0.1038814168335179,0.053408040161440476,0.1332035121732679
500,0.0,0.17602898515559756,0.03154763416468019,0.15429974082477044,0.043954961476547386,0.11992646461700733,0.12023597518128433,0.06368134768851239,0.10386264785123288,0.05310522107064884,0.1333570219697324
501,0.0,0.17612267065477505,0.031109630949525353,0.1537582254375605,0.0461691552542526,0.12062862658736305,0.11678437277972165,0.06529258065672985,0.10380745777932851,0.05298470343490612,0.13334257646585101
502,0.0,0.17623834617389883,0.030662148179860734,0.15309492962578672,0.048574765223704144,0.12121387822602246,0.11334570341905675,0.06694732337687,0.10371631466162556,0.05304384263125089,0.13316274848193776
503,0.0,0.17617103620583274,0.03013459850451628,0.15144909574348167,0.05432753115516752,0.12129246874215002,0.10702041074339734,0.07007475145476134,0.10346979463101302,0.05353420824451782,0.1325261045751763
504,0.0,0.17634769437314568,0.02966310881236173,0.15041999072234583,0.05731156535059896,0.12147373709842849,0.10369770465563397,0.07183055319674445,0.10328115568048046,0.054100848698055516,0.13187364141221913
505,0.0,0.1765421940063097,0.0291902530113713,0.1492693553951357,0.06048322735363921,0.12152073354430613,0.1004193670223549,0.07361425574527979,0.10305831314543283,0.05482985327562669,0.13107244750055802
506,0.0,0.17675310660182217,0.028718305237592154,0.1479982551830385,0.06383988561101163,0.12143040616176003,0.09719267847349927,0.07542193588174842,0.10280190232923403,0.05571529699903202,0.13012822752127595
507,0.0,0.17697891835592738,0.028249546508901553,0.1466081777575943,0.06737816121867317,0.12120035014987776,0.09402461073660749,0.07724973492273098,0.10251259168261376,0.056750667770910285,0.12904724089617764
508,0.0,0.17721803780353232,0.027786252939869492,0.14510103537080313,0.07109392784431234,0.12082882120009741,0.09092180556785195,0.07909386861782355,0.10219108199982554,0.05792889808103154,0.12783627057486704
509,0.0,0.17746880359556944,0.027330684323800616,0.14347916521969162,0.07498231493275488,0.12031474576798928,0.0878905554901371,0.08095063639938156,0.10183810554432683,0.059242399147953664,0.12650258957840946
510,0.0,0.17756403573255647,0.027028993561648763,0.13979439471837188,0.08375514623602061,0.1179395083877274,0.08258400476922083,0.08444193900584186,0.10115505399748816,0.06212543376281848,0.12361148982832032
511,0.0,0.17784464204892791,0.02659717253045884,0.13784854048831816,0.08812389091814826,0.11698612387364758,0.07982568915488017,0.08631096330777631,0.10071830891763964,0.06378760244721939,0.12195706631299849
512,0.0,0.17813018154646632,0.026181252527075576,0.1358016897965391,0.09263750628594218,0.1158941973615272,0.07715953162561086,0.08817932936172448,0.10025278885436426,0.06555040493544201,0.12021311770532304
513,0.0,0.17841874100731098,0.02578328790933654,0.1336582237623035,0.09728757119359653,0.11466608182248239,0.0745898136925052,0.09004387202610387,0.09975935972000413,0.06740427103828162,0.11838877782809029
514,0.0,0.17870838437984943,0.025405259229190843,0.13142290833324305,0.10206501070773583,0.11330479255543645,0.07212039430308342,0.09190154997014335,0.09923891312176267,0.0693393548240901,0.11649343257548
515,0.0,0.17899716068456645,0.025049065515441588,0.12910088100743283,0.10696012168793621,0.11181399533590437,0.06975470430999217,0.09374945011881969,0.09869236498010112,0.07134558041371934,0.11453667594610141
516,0.0,0.17928311182110543,0.024716517209491813,0.1266976357328382,0.11196260129481626,0.11019799155354913,0.0674957429154862,0.09558479141085788,0.09812065407281335,0.0734126886374068,0.11252826535165017
517,0.0,0.17956428025269974,0.02440932976846128,0.12421900604697819,0.11706157831579435,0.10846170041466766,0.06534607607108736,0.09740492787890288,0.09752474050831436,0.07553028433029178,0.1104780764128178
518,0.0,0.1798387165456346,0.024129117945272564,0.12167114652889573,0.12224564718516803,0.10661063829929979,0.06330783680300524,0.09920735106376909,0.09690560413247556,0.07768788404082129,0.10839605745567352
519,0.0,0.18010448674292218,0.023877390750638536,0.11906051264435226,0.1275029045623393,0.10465089537567314,0.06138272742538394,0.10098969177732074,0.09626424287410573,0.07987496392500816,0.10629218392227148
520,0.0,0.1803596795528988,0.023655547097350467,0.11639383907353681,0.1328209883198401,0.10258910958714594,0.05957202359524688,0.10274972123102566,0.0956016710349071,0.08208100759934078,0.10417641290872297
521,0.0,0.18060241333497798,0.02346487212289353,0.11367811661844822,0.13818711878137457,0.1004324381386339,0.05787658015517908,0.10448535154954684,0.09491891753042145,0.08429555372611316,0.10205863804242686
522,0.0,0.1808308428662992,0.023306534182231862,0.1109205677944407,0.14358814203943485,0.0981885266206495,0.05629683870234637,0.10619463569088672,0.09421702408911467,0.08650824310703767,0.09994864490757423
523,0.0,0.18104316587449584,0.023181582498633262,0.1081286212171677,0.1490105751722157,0.09586547591949603,0.05483283681543526,0.10787576679657246,0.09349704341732887,0.08870886506420568,0.0978560672244649
524,0.0,0.18123762932325627,0.02309094545666472,0.10530988490229715,0.15444065317060338,0.09347180707180122,0.05348421886452755,0.1095270769971623,0.09276003733834501,0.09088740289175551,0.0957903439836028
525,0.0,0.18141253543875735,0.02303542951800733,0.1024721186008614,0.1598643773779731,0.09101642423040149,0.05225024832283145,0.11114703569996015,0.09200707491424852,0.09303407816696271,0.09376067773001245
526,0.0,0.18156624746641048,0.023015718737526464,0.09962320529792718,0.16526756523844782,0.08850857591656758,0.05112982149359027,0.11273424738724926,0.09123923055966801,0.09513939371586172,0.09177599418676724
527,0.0,0.18169719514866023,0.02303237485411031,0.09677112200639951,0.1706359011431677,0.08595781474065808,0.05012148256040484,0.11428744895458931,0.09045758215675721,0.09719417503589234,0.08984490339937663
528,0.0,0.1818038799158194,0.023085837928165022,0.09392390999119377,0.1759549881590234,0.08337395577947741,0.04922343986464822,0.1158055066197728,0.08966320918101359,0.09918960998641226,0.08797566257449035
529,0.0,0.18201359309632512,0.023076424020660184,0.08978886105589057,0.18348489116591665,0.07997098466230357,0.047839898240584725,0.11808581750167986,0.08830660537012754,0.10213128891901947,0.08530163596750859
530,0.0,0.1820476705674413,0.023232444719018138,0.08698849978106685,0.18862629516489957,0.07734002347156303,0.04720324908479022,0.11950943298638766,0.08748711372563318,0.10394429187808833,0.08362097862112802
531,0.0,0.1820528314761687,0.023425904181099383,0.08422112048700771,0.1936687069128977,0.07471092255877966,0.04666872225928531,0.12089470233004701,0.08665901242939379,0.10567026688746349,0.08202781047787344
532,0.0,0.18202797081193545,0.023656697713325382,0.08149468787320814,0.19859799233293507,0.07209415073031092,0.04623324943507011,0.1222410318273752,0.08582336213652651,0.10730245434513988,0.08052840279418969
533,0.0,0.18197207837661772,0.02392461094077704,0.07881706337566931,0.20340022500832358,0.06950019710777249,0.04589353221697938,0.12354793417609167,0.08498121463895968,0.10883463780561256,0.07912850635321297
534,0.0,0.18188424196750103,0.024229323214508346,0.07619597505751348,0.20806173829100325,0.06693952558783989,0.04564606382759681,0.12481502336030557,0.08413361130999754,0.11026116857617058,0.07783332880757993
535,0.0,0.1817636502459991,0.024570411302279657,0.07363898797877316,0.2125691766225106,0.06442252946729136,0.045487151208589725,0.12604200934887647,0.08328158163302345,0.11157698750499351,0.07664751468767939
536,0.0,0.18160959529177667,0.02494735332514175,0.07115347518028119,0.21690954585057248,0.061959486435914785,0.04541293742672251,0.12722869264126108,0.08242614182238682,0.1127776438735336,0.07557512815242565
537,0.0,0.1814214748424736,0.025359532902687037,0.06874658941315027,0.22107026232905053,0.05956051413705355,0.04541942427250857,0.12837495869282284,0.08156829354394511,0.11385931132025268,0.07461963854607237
538,0.0,0.18119879421971155,0.02580624347045317,0.0664252357412397,0.22503920059465643,0.057235526491814875,0.04550249494068389,0.12948077225090626,0.08070902274208971,0.11481880073765534,0.07378390881080568
539,0.0,0.18094116794248655,0.026286692733904,0.06419604513928773,0.2288047394204734,0.054994190978334336,0.0456579366834188,0.13054617163218107,0.07984929857937238,0.11565357009964257,0.07307018679091587
540,0.0,0.18064832102941264,0.02680000722460422,0.06206534920407907,0.23235580605382813,0.05284588705201409,0.04588146332940487,0.13157126297084398,0.07899007249407586,0.11636173119142491,0.07248009945032893
541,0.0,0.1803200899915963,0.027345236925632798,0.0600391560901402,0.23568191845440706,0.05079966588636273,0.04616873756464654,0.13255621446624616,0.07813227738024273,0.116942053229498,0.07201465001124448
542,0.0,0.1794392390838255,0.028610501848419484,0.056626295723101815,0.2409240693990532,0.047833066230272746,0.04668114377453359,0.1343391571149757,0.07617318600892546,0.1178960639719748,0.07147727684493478
543,0.0,0.17899431406735217,0.02926377328438824,0.054944873101910964,0.24354416933099596,0.04611015486638723,0.047134358929365516,0.135193165047201,0.07533821061252059,0.11809069818384117,0.07138628257605431
544,0.0,0.17851480377353116,0.02994417560996216,0.05338816364818314,0.24590473959128695,0.04452018266609016,0.04763472183309106,0.1360080973616473,0.07450876819388207,0.11815858273460025,0.07141776458774302
545,0.0,0.17800113362466882,0.03065041402101841,0.05196027135289689,0.24799873358155278,0.04307007188821215,0.04817795535906623,0.1367843678280822,0.0736856645420867,0.11810171034641653,0.07156967745601664
546,0.0,0.17745383950340893,0.031381145652437374,0.05066486343612569,0.2498198962172283,0.04176621470872078,0.04875985278318128,0.13752241923197825,0.07286968351825295,0.11792269088560474,0.07183939406307914
547,0.0,0.17687356661412096,0.032134983967561336,0.049505157292632544,0.2513627880828411,0.04061444639296717,0.049376295813262285,0.13822271826870555,0.07206158722060894,0.11762473413796738,0.07222372220935012
548,0.0,0.1762610680570412,0.032910503023783434,0.04848390928916675,0.2526228065038602,0.039620020908862616,0.05002327169503539,0.13888575062000497,0.07126211627732337,0.11721162989338217,0.07271892373155735
549,0.0,0.1756172031183516,0.033706241601235865,0.04760340545387089,0.25359620345501205,0.038787589075149766,0.05069688933161699,0.1395120162289513,0.07047199026240375,0.11668772545451604,0.07332073601890944
550,0.0,0.1749429352795023,0.03452070718413091,0.04686545408903458,0.25428010023880077,0.038121179327045764,0.051393394359444476,0.1401020247880234,0.06969190822895484,0.1160579006963063,0.07402439580877435
551,0.0,0.17423932994922434,0.03535237978687842,0.04627138032919048,0.25467249888200477,0.03762418116938543,0.052109183129674094,0.14065629145329997,0.06892254935309837,0.11532754081389404,0.07482466513336782
552,0.0,0.17350755192183778,0.036199715619634774,0.04582202265728596,0.2547722902120995,0.037299331375037076,0.05284081555031079,0.14117533279620087,0.06816457368090209,0.11450250690697193,0.07571585927973702
553,0.0,0.17250724070982296,0.037327225027871426,0.0452467758631142,0.2547024155934403,0.03694069289497439,0.05390979496241973,0.1420276185919898,0.06714132753042426,0.11302423252158149,0.07717267630437931
554,0.0,0.17171395734729192,0.03819859219484027,0.04516153599932518,0.2540568273138175,0.03707463786774614,0.05466405458474266,0.1424675382564056,0.06640587334750517,0.1119934085565393,0.0782635745318043
555,0.0,0.17089703290909564,0.03908034450716472,0.045220155986806815,0.2531216850266195,0.03738541832187025,0.05542324563820823,0.14287392596644016,0.06568382055552033,0.11089195071690701,0.0794224203713855
556,0.0,0.17005803048564352,0.03997088431528209,0.04542128005487683,0.2518999305589356,0.03787270104613738,0.05618479570411905,0.14324725151371517,0.06497577295693777,0.10972744752489522,0.08064190583947557
557,0.0,0.16919859430492104,0.04086860688174299,0.04576308154989578,0.2503953793408401,0.03853547383005234,0.05694634549492303,0.1435879686360689,0.0642823210247706,0.10850776947310588,0.08191445946369756
558,0.0,0.16832044552657277,0.041771903022561015,0.046243271907944805,0.24861270683206826,0.03937205014732307,0.0577057536273378,0.1438965127025595,0.06360404302147848,0.10724102974044884,0.08323228347172373
559,0.0,0.16742537779747985,0.042679161620353956,0.04685911139495283,0.24655743179210354,0.04038007662045848,0.058461100122762476,0.14417329867196657,0.06294150613793165,0.10593554409755006,0.084587391744459
560,0.0,0.16651525257534006,0.04358877202107127,0.04760742155386841,0.24423589647282964,0.041556543218926906,0.059210688643944666,0.14441871932365324,0.062295267639335086,0.10459979020028336,0.0859716483507658
561,0.0,0.16559199422732004,0.04449912632733364,0.04848459929126736,0.2416552438251836,0.04289779613190089,0.05995304748275975,0.1446331437584039,0.06166587600473313,0.10324236647134899,0.08737680647976714
562,0.0,0.16465758491145546,0.045408621602436826,0.049486632529000686,0.2388233918230213,0.0443995532455628,0.06068692931966688,0.14481691616567055,0.06105387204653213,0.10187195077010262,0.08879454758656935
563,0.0,0.1637140592491294,0.04631566199988669,0.05060911734014699,0.23574900501863383,0.04605692214431802,0.06141130978090468,0.14497035485254292,0.06045978999639606,0.10049725905011189,0.09021652056794806
564,0.0,0.16276349879766333,0.047218660833929435,0.05184727648266498,0.2324414634549823,0.047864420545096396,0.06212538482476078,0.14509375152870838,0.059884158543884965,0.09912700420220208,0.09163438078612596
565,0.0,0.16180802633279154,0.04811604260692054,0.05319597923876854,0.22891082906970903,0.04981599906426383,0.06282856699327001,0.14518737084068614,0.05932750181432522,0.09776985527805915,0.09303982876122485
566,0.0,0.16084979995157586,0.04900624500953454,0.054649762463189956,0.22516780973530084,0.05190506620754529,0.06352048057044946,0.14525145014771493,0.05879034027261978,0.09643439728581528,0.09442464835627297
567,0.0,0.15989100700713074,0.049887720909758154,0.05620285273917197,0.22122372108838523,0.05412451546481885,0.06420095569264632,0.14528619953083627,0.058273191540027844,0.09512909174447386,0.09578074428276967
568,0.0,0.1589338578873736,0.05075894034633491,0.057849189537252335,0.21709044630900468,0.05646675438370186,0.06487002146074156,0.14529180202595574,0.05777657111136572,0.09386223817856786,0.09710017875972074
569,0.0,0.15798057965088558,0.05161839254184292,0.05958244926868416,0.212780394017816,0.05892373548854806,0.06552789810780558,0.1452684140709754,0.05730099296060166,0.09264193672813133,0.09837520716472839
570,0.0,0.15703340953385653,0.05246458794989974,0.06139607012268132,0.20830645446546836,0.061486988904830064,0.06617498827932952,0.14521616615647856,0.05684697002343479,0.09147605204192766,0.09959831252211265
571,0.0,0.15609458834298495,0.053296060350102537,0.06328327757459325,0.20368195419391483,0.06414765654291657,0.06681186748634588,0.1451351636689081,0.056415014546160415,0.09037217861397724,0.10076223868011554
572,0.0,0.15516635375011245,0.05411136900324225,0.06523711045060089,0.19892060935409217,0.06689652768998545,0.06743927379460046,0.14502548791471068,0.05600563829092358,0.08933760771479847,0.10186002203695295
573,0.0,0.15425093350527075,0.054909100878087085,0.06725044743358155,0.19403647786824654,0.06972407585425755,0.0680580968154325,0.14488719731352578,0.055619352588350136,0.08837929605948044,0.10288502168378709
574,0.0,0.15335053858571404,0.05568787295962587,0.06931603389441211,0.18904391062819012,0.07262049670190086,0.06866936606616146,0.14472032874817103,0.05525666822951053,0.08750383634478943,0.10383094784154412
575,0.0,0.15246735629938415,0.05644633464711072,0.07142650893315991,0.1839575019229334,0.07557574692384926,0.06927423876956257,0.1445248990589193,0.0549180951902127,0.08671742977703885,0.10469188847784885
576,0.0,0.15160354336210363,0.05718317024855623,0.0735744325153349,0.17879203929046267,0.07857958386740689,0.069873987163436,0.14430090666937295,0.0546041421817299,0.08602586070147895,0.10546233400013763
577,0.0,0.15076121896860648,0.05789710157655577,0.07575231258963874,0.17356245298891718,0.08162160576586999,0.07046998539234087,0.144048333331113,0.054315316023240814,0.08543447343255078,0.10613719993118609
578,0.0,0.1499424578782892,0.058586890648380845,0.07795263207542333,0.168283765282077,0.08469129239848894,0.0710636960542748,0.1437671459742388,0.05405212083248377,0.08494815137256341,0.10671184748379961
579,0.0,0.14892191294284762,0.05924018440207956,0.08123700957520619,0.16045588932416066,0.08962392009980309,0.07154214585833804,0.14360128775771006,0.053704327150673484,0.08442127818199717,0.10725204470720402
580,0.0,0.14816891761480122,0.05986040421141275,0.08346385057076369,0.1551089833533978,0.09273345795110116,0.07213304360621342,0.1432506784750785,0.05350036994579224,0.08422120769020813,0.10755908658125095
581,0.0,0.1474459695466367,0.06045285418986807,0.08568680920919138,0.14976615234616816,0.09583314029678157,0.07272717746550372,0.14287096184477807,0.053323974869299816,0.08413956986569314,0.10775339036609938
582,0.0,0.14675485658046025,0.06101651791041706,0.08789857150941384,0.14444223826665148,0.09891239043383784,0.0733262425312087,0.14246205943005627,0.053175635197478865,0.08417897299270859,0.10783251514778723
583,0.0,0.1460972857400255,0.061550435335647476,0.09009194071786072,0.13915189945899886,0.1019607380857097,0.07393194567454038,0.14202388999507845,0.05305583312973507,0.08434149294195054,0.10779453892047355
584,0.0,0.14547487696952494,0.06205370612714978,0.0922598609417761,0.13390956325128114,0.10496785890062815,0.07454599159729161,0.14155637174005825,0.052965037754575305,0.08462866849377958,0.10763806422395551
585,0.0,0.1448891570619928,0.06252549301643562,0.09439543991395859,0.12872937975208495,0.1079236131612109,0.07517006907524114,0.1410594245476787,0.05290370285235185,0.08504149921042259,0.10736222140864322
586,0.0,0.14434155380190394,0.06296502522296651,0.0964919708100474,0.12362517700122871,0.11081808355756766,0.07580583745598561,0.14053297222948274,0.05287226454290329,0.08558044583834623,0.10696666953958826
587,0.0,0.14383339034653086,0.0633716019030027,0.09854295304499318,0.11861041762894603,0.11364161188150011,0.07645491347430956,0.13997694476129866,0.052871138787535125,0.08624543320992244,0.10645159496198181
588,0.0,0.14336587987048055,0.06374459561121691,0.10054211198111529,0.11369815717021606,0.11638483450522909,0.07711885844568223,0.13939128049718058,0.052900718756058895,0.08703585560173387,0.10581770756110717
589,0.0,0.14294012049757124,0.06408345575537146,0.10248341748611049,0.10890100417275443,0.11903871651442767,0.07779916589571345,0.1387759283517874,0.05296137207083662,0.0879505844954559,0.10506623475999206
590,0.0,0.14255709054382226,0.06438771202284556,0.10436110128551247,0.10423108222855665,0.1215945843721382,0.07849724968043484,0.1381308499415893,0.05305343794095316,0.0889879786762505,0.10419891330791788
591,0.0,0.14221764409481696,0.06465697775643887,0.10616967306037035,0.09969999404984962,0.12404415699737761,0.07921443264910835,0.1374560216757769,0.05317722420075099,0.09014589659307344,0.10321797892245776
592,0.0,0.14192250694005532,0.0648909532556787,0.10790393524728285,0.0953187877009073,0.1263795751498451,0.07995193589792537,0.13675143678825588,0.05333300426800379,0.0914217108952725,0.10212615385679409
593,0.0,0.14167227288613932,0.06508942897883814,0.10955899650436342,0.0910979250874609,0.12859342902010473,0.08071086865946175,0.13601710730262503,0.05352101403797029,0.09281232505038964,0.10092663247266785
594,0.0,0.14146740046972947,0.06525228862003725,0.11113028381318091,0.08704725279543896,0.13067878393288154,0.08149221886911649,0.13525306592257094,0.05374144873044912,0.09431419193921255,0.09962306490740383
595,0.0,0.1413082100901773,0.06537951203516318,0.11261355319319424,0.08317597536054554,0.13262920407964662,0.08229684444600557,0.13445936784065168,0.05399445970774433,0.09592333431589102,0.0982195389310017
596,0.0,0.1411948815805736,0.0654711779899129,0.11400489901163975,0.07949263103977917,0.13443877420542977,0.0831254653219248,0.13363609245898872,0.05428015128214389,0.0976353670133716,0.09672056009625683
597,0.0,0.14121515842557691,0.06519323505623896,0.11599889712129972,0.074409684186285,0.13727604396264134,0.0839299017728913,0.1326883713627075,0.05471403765501048,0.10046446692774218,0.09411020352962783
598,0.0,0.14121289003533918,0.06519628144577488,0.11714508967598068,0.07122707842323867,0.13871812112625762,0.08481887570957514,0.13178878277536152,0.05507968128569896,0.10241839842968027,0.09239480109311438
599,0.0,0.14125570753236022,0.06516519943561189,0.11818812997725539,0.06825753181799787,0.14000250254416488,0.08573312810438452,0.13085977919608627,0.055478288693476915,0.10445707136815903,0.09060266133052443
600,0.0,0.1413431400999359,0.06510054208074144,0.11912571437286452,0.06550635406294379,0.1411258179947731,0.08667268514660897,0.12990157104970476,0.055909718238378515,0.10657457486186804,0.08873988209220238
601,0.0,0.14147457187568013,0.0650029716748252,0.11995590448182893,0.06297809995937202,0.1420852993988218,0.08763740581358731,0.12891440122352796,0.05637376334416773,0.1087647376676869,0.08681284456052356
602,0.0,0.1416492427385703,0.06487326069328572,0.12067712736693453,0.060676562467608254,0.142878788021628,0.08862697929484818,0.12789854608778842,0.05687014970781211,0.11102115843417287,0.08482818518737326
603,0.0,0.14186624962596958,0.06471229236638315,0.12128817436639398,0.05860476846122124,0.1435047393541865,0.08964092328849646,0.12685431639539804,0.05739853265265409,0.11333723663277065,0.082792766856548
604,0.0,0.1421245483848247,0.06452106086067634,0.12178819861723236,0.05676497716706647,0.14396222567615458,0.09067858316928577,0.1257820580591939,0.05795849464531259,0.11570620401271857,0.08071364940755653
605,0.0,0.14242295615909079,0.06430067104888058,0.12217671130773668,0.05515868126300108,0.1442509363127247,0.09173913202394078,0.1246821528053452,0.058549542995933235,0.11812115642533086,0.0785980596580379
606,0.0,0.1427601543132306,0.06405233784993768,0.1224535767008192,0.05378661059548907,0.14437117560618556,0.09282157154549636,0.12355501870209135,0.05917110776087349,0.12057508586381016,0.07645336106208842
607,0.0,0.14313469188937414,0.06377738512310019,0.12261900597434902,0.05264873847000046,0.14432385863156133,0.09392473377473314,0.12240111056346022,0.05982253986625763,0.12306091256597552,0.07428702314121027
608,0.0,0.14354498959343073,0.06347724410198627,0.1226735499284,0.05174429045813099,0.14411050469406525,0.0950472836732141,0.12122092022808176,0.06050310947007434,0.12557151702926117,0.0721065908233775
609,0.0,0.14460051928645504,0.062227430351297214,0.12268172633659406,0.050782305850488714,0.14378931303947454,0.0965423563364403,0.11939340183071219,0.061793861585195696,0.13091932063374365,0.06726976474962097
610,0.0,0.14509983433609872,0.061864727008063745,0.12240127317412748,0.050575838234034026,0.14309403086805966,0.0977115217998888,0.11812621704019587,0.06255996835561813,0.13347274111871654,0.06509384806521942
611,0.0,0.14562697656767468,0.061484177367065185,0.12201476783438792,0.05059367295862232,0.1422439414234636,0.0988930071447718,0.11683451522802539,0.0633520464635731,0.13602272113532013,0.06293417387711843
612,0.0,0.1466310515357549,0.061229670135057215,0.12071199323421737,0.05111005939219866,0.1395652478816345,0.10204240741926024,0.11359513325326723,0.0651708448894206,0.14077098942780072,0.05917260283141117
613,0.0,0.1472361247191911,0.06080284600760992,0.12003249259951275,0.051759248002235365,0.13828055697703173,0.10324927414567095,0.11224794135985136,0.06602821371555095,0.14325864402722796,0.057104658446140655
614,0.0,0.14786035056217298,0.06036579224800242,0.11925758414803235,0.052610537113788,0.1368622152917731,0.10445945410278851,0.11087975224723154,0.06690586844561884,0.1457163938076413,0.05508205203297382
615,0.0,0.14850125823875068,0.0599207544896702,0.11839038935523015,0.05365719362272365,0.13531655144113508,0.10567035055247079,0.10949138403617832,0.06780232382573068,0.14813811837700588,0.05311167606112747
616,0.0,0.14915631485760777,0.05947004351757417,0.11743424703668696,0.05489194536555095,0.13365032495540546,0.10687926539062953,0.10808368804353317,0.0687160137433031,0.15051794248576605,0.05120021460396581
617,0.0,0.14982293429200227,0.05901602845722996,0.1163926976650322,0.05630701176684414,0.13187069992996778,0.10808340897361461,0.1066575478078552,0.0696452930679463,0.15285025834682164,0.049354119692709
618,0.0,0.1504984863048307,0.058561129543730724,0.11526946733441198,0.05789413578777038,0.12998521743838307,0.10927991036934859,0.10521387802130529,0.07058843984837253,0.1551297464433422,0.04757958890852788
619,0.0,0.1511803059361382,0.058107810492849535,0.11406845144230246,0.05964461704444469,0.1280017668217767,0.11046582798663326,0.10375362337218375,0.07154365786510578,0.15735139475251736,0.045882544286071615
620,0.0,0.15186570311882377,0.05765857049906209,0.11279369815771581,0.06154934596273183,0.12592855597054245,0.11163816053506984,0.10227775730271729,0.07250907953703951,0.15951051632206603,0.044268612594254804
621,0.0,0.15255197248685023,0.057215935887982655,0.11144939174381278,0.06359883883455321,0.12377408071658846,0.11279385826726776,0.10078728068685448,0.07348276917815585,0.16160276514520291,0.04274310705275522
622,0.0,0.1532364033389793,0.05678245145324253,0.11003983580163564,0.06578327363973807,0.1215470934560818,0.11392983445446664,0.09928322043296896,0.07446272659898535,0.16362415028874205,0.041311010535183275
623,0.0,0.15391628971991753,0.05636067151023881,0.108569436500123,0.06809252649697019,0.1192565711238947,0.11504297704635555,0.09776662801648942,0.0754468910456656,0.16557104823804913,0.03997696030231971
624,0.0,0.15484146315545544,0.05599523673436994,0.10618774931790828,0.07163781486929899,0.11556040451826573,0.11696022474414208,0.09523252834631442,0.07702551080143397,0.1681119395701608,0.038447127942674124
625,0.0,0.15550206958573506,0.05560965583377325,0.10459467457394062,0.07420264563134668,0.11315512157685445,0.11800284526215762,0.0937005272379556,0.07800536595379924,0.1698513060681405,0.037375788276320786
626,0.0,0.15614908860986498,0.05524433366970189,0.10295692701797811,0.07685469973810614,0.11071914900985105,0.11901184708141416,0.09215999125618422,0.07898164722233092,0.17150652725795892,0.036415789136633424
627,0.0,0.1569938375062618,0.054973555009303926,0.10037752787747053,0.08082603879385895,0.10689520701350336,0.12072484145815524,0.08962166029094788,0.08054183854876576,0.17355773373527436,0.03548775976648217
628,0.0,0.1575995326493501,0.05466479431797627,0.09865962855022485,0.0836362586903475,0.10442856718526045,0.1216364976136691,0.08807749414874877,0.0814930747670783,0.17498626844052637,0.03481788363684236
629,0.0,0.15818323334475284,0.054384430293422985,0.09691347414338769,0.08649466895732814,0.10196490465939859,0.12250410506395018,0.08652888638804794,0.0824325811113356,0.17632590123707662,0.03426781480132348
630,0.0,0.15874262884696017,0.054134761120409824,0.09514366461265807,0.08939015248450674,0.09951376586828688,0.12332476676458273,0.0849769895391612,0.08335802536989724,0.17757617399110076,0.0338390714024605
631,0.0,0.15927550123722548,0.05391800894719104,0.09335476050935101,0.09231162530383441,0.09708462380193986,0.12409566516293946,0.08342296492032529,0.08426706422822353,0.17873702475140862,0.03353276113758559
632,0.0,0.15977973444016372,0.05373631030146395,0.09155126928632386,0.09524807184298811,0.09468684623244938,0.12481407306029321,0.08186798084292249,0.08515734972607315,0.1798087822419776,0.033349582025368835
633,0.0,0.16025332291739286,0.053591706682631475,0.08973763214685279,0.0981885794145785,0.0923296645762057,0.12547736415092517,0.08031321080476188,0.08602653586911035,0.18079215874346619,0.033289824694099523
634,0.0,0.16069438000071,0.05348613537595831,0.08791821146905215,0.10112237183600395,0.09002214349506987,0.1260830231997521,0.07875983167616192,0.08687228537154784,0.18168824142391238,0.03335337615185597
635,0.0,0.16110114582854848,0.053421420533757244,0.08609727883516832,0.10403884207986527,0.08777315133357845,0.12662865582188645,0.07720902188347441,0.08769227650562855,0.18249848218479808,0.03353972499331945
636,0.0,0.1614719948508889,0.05339926456803666,0.08427900369180849,0.10692758386011211,0.08559133148489034,0.12711199782955165,0.07566195959457327,0.08848421003303582,0.18322468609418333,0.03384796799294409
637,0.0,0.16180544286939957,0.05342123989808814,0.08246744266389947,0.10977842206459194,0.0834850747735475,0.1275309241138818,0.07411982091070579,0.08924581619271944,0.18386899848367838,0.03427681802951263
638,0.0,0.16210015358134316,0.05348878109529216,0.08066652954192438,0.11258144195038204,0.08146249293824251,0.12788345703133625,0.0725837780689646,0.08997486171913845,0.18443389079059952,0.03482461328280167
639,0.0,0.16235494459770353,0.053603177465980964,0.07888006595877606,0.11532701702418481,0.07953139329268308,0.12816777426674128,0.07105499765949383,0.09066915686455457,0.18492214523074565,0.03548932763916089
640,0.0,0.1625687929080539,0.053765566111524686,0.07711171276939942,0.11800583553612401,0.07769925463734509,0.12838221614732429,0.06953463886138783,0.09132656239875889,0.18533683839082044,0.03626858223928622
641,0.0,0.1627408397668868,0.05397692550291141,0.07536498214329393,0.12060892552147287,0.07597320448943354,0.1285252923845157,0.06802385170107769,0.09194499655948506,0.18568132383260433,0.03715965809834359
642,0.0,0.16287039497845476,0.0542380696049819,0.07364323037691409,0.12312767833114532,0.07435999769274734,0.12859568822275874,0.06652377533683254,0.09252244192675436,0.18595921380355387,0.03815950972588207
643,0.0,0.1629569405596146,0.05454964258316786,0.07194965143005842,0.12555387059816392,0.0728659964633971,0.12859226997706252,0.06503553637282801,0.09305695219450487,0.18617436015056488,0.03926477967066298
644,0.0,0.16300013376271508,0.05491211412308199,0.07028727118747949,0.12787968459375695,0.0714971519214721,0.12851408994356528,0.06356024720605474,0.09354665881308909,0.18633083453518404,0.0404718139136264
645,0.0,0.1629998094432057,0.05532577539063024,0.06865894244419458,0.1300977269332074,0.07025898715282444,0.12836039066991592,0.06209900440915679,0.09398977747656898,0.18643290804960744,0.04177667803071375
646,0.0,0.16295598175936377,0.05579073565748003,0.06706734061033175,0.13220104559805146,0.06915658183915448,0.12813060857483488,0.06065288715210311,0.09438461442919766,0.18648503033334804,0.04317517404616017
647,0.0,0.16286884519431744,0.05630691961373436,0.06551496012881684,0.1341831452476846,0.06819455848856358,0.12782437690876378,0.059222955665408264,0.09472957256605195,0.1864918082905256,0.044662857896159106
648,0.0,0.1627387748933801,0.056874065386551306,0.0640041115968053,0.1360380007998502,0.06737707029271629,0.12744152805004702,0.0578102497474275,0.09502315730346068,0.18645798450731751,0.04623505742246969
649,0.0,0.16256632631258283,0.05749172328022506,0.06253691957948412,0.13776006926584078,0.06670779063074128,0.1269820951336019,0.05641578731806348,0.09526398219566153,0.18638841546824367,0.047886890815580826
650,0.0,0.16235223417719216,0.058159255249928994,0.061115321102728166,0.13934429983250948,0.06618990423402293,0.12644631301151346,0.05504056302103144,0.09545077427500726,0.1862880496686432,0.04961328542744849
651,0.0,0.16209741075190465,0.058875835117930514,0.059741064809088314,0.14078614218935465,0.06582610002011459,0.1258346185474287,0.05368554687664256,0.09558237909402634,0.18616190571896504,0.05140899687457049
652,0.0,0.16180294342731863,0.05964044953764017,0.058415710759722135,0.14208155310497578,0.06561856559816094,0.125147650249016,0.05235168298687986,0.09565776544871775,0.18601505053434989,0.053268628353244814
653,0.0,0.1614700916301659,0.06045189970737335,0.05714063086315192,0.1432270012630913,0.06556898344246798,0.1243862472450858,0.051039888294358314,0.09567602976362109,0.1858525777004585,0.05518665009025186
654,0.0,0.1611002830676424,0.06130880383220071,0.055917009910152034,0.14421947037403826,0.06567852872522793,0.12355144761623378,0.04975105139658155,0.09563640012044258,0.18567958610361185,0.05715741885389503
655,0.0,0.16069510931898573,0.062209600328762174,0.054745847192626,0.14505646058322194,0.06594786879390695,0.12264448609006272,0.048486031416734375,0.09553823991333038,0.18550115891009056,0.059175197452305456
656,0.0,0.1602563207901956,0.06315255176443874,0.05362795868303613,0.14573598820333836,0.06637716427345648,0.12166679111415044,0.04724565693207891,0.0953810511152747,0.18532234297590797,0.061234174148148954
657,0.0,0.15978582105047176,0.06413574951883458,0.05256397974979012,0.14625658380233517,0.06696607176832815,0.12061998132195795,0.04603072496086073,0.0951644771415459,0.18514812876455686,0.06332848192134514
658,0.0,0.15928566057153531,0.0651571191521374,0.05155436838297179,0.1466172886839961,0.06771374813427333,0.11950586140880627,0.04484200000847156,0.09488830529758001,0.18498343084615582,0.0654522175140988
659,0.0,0.15875802989349508,0.06621442646161702,0.05059940890392237,0.14681764980271872,0.06861885628510862,0.11832641743688624,0.04368021317346543,0.09455246880025858,0.18483306904712224,0.06759946019543227
660,0.0,0.15820525224330564,0.06730528420430652,0.04969921613143172,0.14685771315849044,0.06967957249503552,0.11708381158999989,0.04254606131388075,0.09415704836311019,0.18470175031499325,0.06976429018547275
661,0.0,0.15762977563413008,0.06842715946080538,0.04885373997668377,0.14673801572224882,0.07089359515273459,0.11578037640035647,0.04144020627418428,0.09370227333757125,0.18459405135834384,0.07194080668296815
662,0.0,0.1570341644760569,0.06957738161216481,0.04806277043861224,0.14645957594572476,0.07225815491931814,0.1144186084712642,0.04036327417302426,0.09318852240407827,0.1845144021169247,0.07412314544285845
663,0.0,0.15642109073061417,0.07075315089897878,0.04732594297095745,0.14602388291350732,0.07377002623833238,0.11300116172095576,0.03931585475185913,0.09261632380841735,0.18446707011220972,0.07630549585419458
664,0.0,0.15579332464337245,0.07195154752912201,0.04664274419206768,0.14543288419843126,0.07542554014236111,0.11153084017407273,0.038298500784414914,0.0919863551404195,0.18445614572351218,0.07848211747225288
665,0.0,0.15515372509061634,0.07316954129806458,0.04601251790835659,0.14468897248446033,0.07722059829740027,0.11001059032849515,0.037311727546821355,0.09129944265375518,0.18448552842973984,0.08064735596231712
666,0.0,0.15450522957758994,0.07440400168336277,0.04543447142230274,0.14379497102403,0.07915068822306073,0.10844349312624582,0.03635601234817841,0.0905565601272445,0.18455891405173555,0.0827956584162765
667,0.0,0.1538508439271759,0.0756517083727872,0.04490768209595666,0.14275411799930351,0.08121089962381335,0.10683275555811858,0.03543179412121827,0.08975882726975087,0.1846797830250135,0.08492158800688912
668,0.0,0.1531936316990467,0.07690936218361563,0.0444311041410977,0.14157004985899904,0.08339594176392534,0.10518170193247532,0.034539473072647466,0.08890750767235832,0.18485138972758522,0.08701983794827622
669,0.0,0.15253670338032352,0.0781735963288944,0.04400357560745155,0.14024678370434848,0.08570016181645007,0.10349376483932995,0.033679410392680804,0.08800400631314406,0.18507675288248882,0.08908524473491537
670,0.0,0.15188320538959338,0.0794409879849682,0.04362382554073536,0.1387886987993626,0.08811756411462918,0.10177247584138514,0.032851928023215335,0.08704986662143754,0.18535864704962052,0.09111280063507984
671,0.0,0.1512363089367594,0.08070807011330076,0.043290481282734126,0.137200517281895,0.09064183023234343,0.10002145592411532,0.03205730848403422,0.08604676711000003,0.18569959521653728,0.09309766541830755
672,0.0,0.1505991987816412,0.08197134348855918,0.0430020758861236,0.13548728415302502,0.09326633981881077,0.09824440573729268,0.031295794756380724,0.08499651758506276,0.1861018624930736,0.09503517730005767
673,0.0,0.14997506193448837,0.0832272888841217,0.042757055617336975,0.13365434662302159,0.09598419211157258,0.09644509566053887,0.03056759022319848,0.0839010549456151,0.18656745090991667,0.09692086309021694
674,0.0,0.14936707634163304,0.08447237936559071,0.04255378752141763,0.1317073328926083,0.09878822805093299,0.09462735572555128,0.029872858665295998,0.08276243858473892,0.18709809531672672,0.09875044753553189
675,0.0,0.14877839959937897,0.08570309264255065,0.042390567023504855,0.12965213044842988,0.10167105291841509,0.09279506542760402,0.029211724312661957,0.08158284540713041,0.1876952603709938,0.10051986184935775
676,0.0,0.14786239152737352,0.08770660828933059,0.04197344080444304,0.12664896077692564,0.10586990936173267,0.09022380976958502,0.02823071223114258,0.07941123825403465,0.18932283467666014,0.10275009430879965
677,0.0,0.14732963769829988,0.08889218756618537,0.04189968254551709,0.12434680691806246,0.10892451767348035,0.08836500570083516,0.027650629966454905,0.07813707443284253,0.1900979754749915,0.1043564820233582
678,0.0,0.1468270618468648,0.0900510660866059,0.04185985451606742,0.12195821245270042,0.11203096311938752,0.08650543291153817,0.027104603572075118,0.07683017907719289,0.1909425655482302,0.10589006086936513
679,0.0,0.146357610488548,0.09117987338239694,0.04185202175576802,0.11948996367280683,0.11518106941611825,0.0846490782052503,0.0265925799761607,0.07549319362458393,0.19185684796692934,0.10734776151146527
680,0.0,0.14592414995820271,0.09227531062271109,0.04187421829767635,0.11694898329535194,0.11836655386684226,0.08279992155408547,0.02611446686928801,0.07412884435448568,0.19284079729634399,0.10872675388504023
681,0.0,0.14552945626685893,0.09333416219953826,0.04192445447335628,0.1143423074515765,0.12157905154252388,0.08096192594906643,0.02567013310064041,0.07273993532422036,0.19389412315901502,0.11002445053323164
682,0.0,0.14517620528778485,0.09435330701062057,0.04200072409389703,0.1116770627568193,0.1248101394174915,0.07913902737053635,0.02525940912561983,0.07132934106006077,0.1950162747048301,0.11123850917236758
683,0.0,0.14459188904094095,0.09601289047405175,0.04197351991134564,0.10782884150182011,0.1294169266531649,0.07661645193103904,0.02469687314790767,0.06883191904999633,0.19743286825115833,0.11259782003860322
684,0.0,0.1443484433223378,0.09692395596731637,0.0421061218160164,0.1050419283968466,0.1326672581953457,0.07484082715851412,0.02436878307085276,0.06737658412359401,0.19872870288918754,0.11359739506001683
685,0.0,0.1441551319439807,0.0977849676664087,0.04225794009810894,0.10222130052870204,0.1359069963694461,0.07309373022419918,0.024073664683054836,0.06590994030710619,0.20008942037115499,0.1145069078078664
686,0.0,0.1440140846427277,0.0985933406954022,0.042426972595010916,0.09937423175487228,0.1391277347621312,0.07137886820370082,0.023811175310406697,0.06443509538884781,0.20151337824004287,0.11532511840688563
687,0.0,0.1439272839121021,0.09934664009203807,0.042611236551094396,0.09650796614114185,0.14232113659946144,0.06969986959704737,0.02358093648555218,0.0629551847460965,0.20299871194710187,0.11605103392839232
688,0.0,0.14389655805269727,0.10004258919826087,0.042808774637800404,0.0936296971087291,0.14547895694831658,0.06806027569727764,0.02338253472920699,0.06147336299335994,0.20454334418303932,0.11668390645134012
689,0.0,0.14392357477028872,0.10067907746903725,0.043017660742022054,0.09074654712927929,0.14859306438343275,0.06646353226227156,0.023215522377328976,0.05999279556650466,0.20614499479006326,0.11722323050979973
690,0.0,0.14400983534173,0.10125416767235515,0.04323600551238357,0.08786554801921163,0.1516554620647792,0.06491298150936822,0.02307941845288531,0.058516650268525705,0.2078011912050992,0.11766873995369036
691,0.0,0.1441566693663402,0.1017661024560217,0.04346196165402084,0.08499362188182057,0.15465830817288773,0.06341185445098141,0.022973709580917184,0.05704808880277179,0.20950927938387667,0.11802040425039036
692,0.0,0.14436523011807875,0.10221331025967784,0.04369372896346951,0.08213756274235354,0.1575939356527436,0.0619632635880595,0.022897850945551294,0.05559025831938905,0.21126643515518484,0.1182784242555205
693,0.0,0.1446364905113569,0.10259441055330422,0.0439295590962552,0.07930401891802896,0.16045487121993218,0.06057019597685133,0.02285126728755279,0.05414628300061884,0.2130696759544045,0.11844322748172348
694,0.0,0.1449712396908659,0.10290821838639809,0.04416776006075632,0.07649947616164283,0.1632338535859056,0.05923550668303778,0.022833353940954912,0.05271925571037305,0.21491587288543687,0.11851546289465724
695,0.0,0.14537008025332318,0.10315374823493556,0.044406700432870774,0.07373024161404691,0.1659238508624671,0.057961912635875724,0.02284347790723815,0.05131222973322387,0.21680176306035273,0.1184959952656946
696,0.0,0.14583342610655878,0.10333021713618729,0.04464481328696208,0.07100242859738058,0.16851807710886452,0.05675198689358257,0.022880978965464618,0.04992821062758175,0.21872396216647766,0.11838589911096875
697,0.0,0.14636150096889433,0.10343704710441018,0.044880599839486134,0.06832194227751495,0.1710100079882121,0.055608153329769316,0.022945170816703,0.048570148217397746,0.22067897721119242,0.11818645224644858
698,0.0,0.14695433750932313,0.10347386682338185,0.045112632802606585,0.06569446622073513,0.1733933955033269,0.05453268174931636,0.0230353422610056,0.0472409287462182,0.22266321939545689,0.11789912898865818
699,0.0,0.14761177712658236,0.10344051261466611,0.04533955944599133,0.06312544986625393,0.17566228178544202,0.053527683440679416,0.023150758405121912,0.04594336721684257,0.22467301706795698,0.11752559303049231
700,0.0,0.1483334703628385,0.10333702868337705,0.04556010436584484,0.06062009693273338,0.17781101191264492,0.05259510717022204,0.02329066189905397,0.04468019993919049,0.2267046287128016,0.11706769002132206
701,0.0,0.1491188779453846,0.10316366664604423,0.04577307196107045,0.058183354773597734,0.17983424573826656,0.051736735622796855,0.023454274199476533,0.04345407730827713,0.22875425592486967,0.11652743988024525
702,0.0,0.149967272447488,0.10292088434794863,0.04597734861726849,0.05581990469256678,0.18172696871280844,0.05095418229144758,0.023640796857962422,0.04226755683342587,0.23081805632819694,0.11590702887091589
703,0.0,0.15087774055733733,0.10260934397999617,0.04617190460006478,0.05353415322753005,0.1834845016863248,0.050248888817778774,0.02384941283186915,0.04112309643902079,0.23289215639420846,0.11520880146589883
704,0.0,0.1518491859419221,0.10222990950780717,0.04635579566002205,0.05133022440763272,0.18510250968146966,0.049622122783245695,0.02407928781565868,0.040023048056217446,0.23497266411811152,0.11443525202794222
705,0.0,0.1528803326906519,0.10178364342821493,0.04652816435211848,0.04921195298526223,0.18657700963066112,0.04907497595035658,0.02432957159033882,0.03896965152409537,0.2370556815133824,0.11358901633494752
706,0.0,0.1539697293215842,0.10127180287078273,0.0466882410734786,0.047182878641519786,0.1879043770739967,0.04860836295155507,0.024599399388632672,0.03796502881775013,0.23913731688597314,0.11267286297475632
707,0.0,0.15511575333129254,0.10069583506424495,0.04683534482371198,0.04524624116074327,0.18908135181767033,0.04822302042236593,0.024887893273402906,0.03701117861979076,0.24121369685164282,0.11168968463516397
708,0.0,0.15631661626767332,0.10005737218996062,0.0469688836928546,0.04340497656672349,0.19010504255567556,0.047919506574245624,0.025194163526781697,0.03610997125063277,0.2432809780616596,0.11064248931382228
709,0.0,0.15757036930336388,0.09935822564651975,0.04708835508251343,0.041661714210436,0.19097293046053443,0.04769820120148138,0.025517310047384598,0.0352631439718611,0.24533535860402117,0.1095343914719138
710,0.0,0.15887490928593645,0.09860037975155968,0.047193345666388255,0.04001877479639871,0.1916828717516482,0.04755930611543155,0.0258564237529208,0.034472296675783824,0.24737308904929556,0.10836860315466672
711,0.0,0.16022798523963713,0.09778598490863208,0.047283531096883276,0.03847816933217153,0.19223309925262538,0.04750284599839778,0.026210587985451173,0.033738887973109616,0.2493904831121743,0.10714842510094749
712,0.0,0.16162720529217084,0.09691735026859517,0.04735867546502423,0.037041598983041865,0.1926222229515964,0.04752866966846723,0.026578879916492944,0.03306423168946392,0.2513839279018658,0.10587723786331138
713,0.0,0.1630700439988834,0.09599693591649565,0.04741863052136579,0.03571045581159661,0.19284922958106177,0.047636451745761775,0.02696037194912517,0.032449493780211766,0.25334989373650557,0.10455849295902248
714,0.0,0.16455385003567063,0.09502734461624641,0.047463334666004164,0.03448582437966987,0.19291348123624721,0.047825694709682204,0.02735413311421335,0.03189568967178458,0.2552849434988402,0.10319570407167125
715,0.0,0.16607585423105145,0.09401131314659082,0.04749281171620627,0.0333684841880823,0.19281471305323555,0.0480957313359398,0.02775923045784692,0.03140368203641603,0.2571857415125323,0.10179243832212848
716,0.0,0.17069631914503036,0.09099637186015291,0.04708854255981312,0.031091352193619436,0.19185644107661876,0.04938005596519583,0.028140691263538117,0.031768702458112266,0.25956621060278734,0.09941531287516214
717,0.0,0.1722998716080421,0.08986743554119891,0.047069919680397906,0.03038410212733447,0.19114304873276933,0.049940613948291766,0.028574651718473187,0.03149742423880021,0.2613109220185738,0.09791201038614844
718,0.0,0.17392688799845357,0.08870682480972542,0.047037812218277374,0.029783075506964043,0.19027044214780975,0.05057609212003302,0.029016337432112616,0.031288659497785025,0.26300834137020335,0.09638552689866597
719,0.0,0.17557415581592126,0.08751779198964683,0.04699269999464431,0.029287385149889714,0.18924040320975474,0.051284918317826694,0.029464862348935517,0.03114238916837743,0.26465586266070606,0.09483953134432781
720,0.0,0.17723840587400483,0.08630365679424541,0.046935133587010125,0.02889587584621818,0.18805504924516747,0.05206537575904991,0.029919346050481167,0.03105844033347917,0.2662510269399478,0.09327768957042629
721,0.0,0.1789163217701045,0.08506779588111615,0.04686573164325557,0.02860713229925388,0.1867168243473296,0.052915607993803807,0.030378914885779536,0.031036487419764103,0.2677915269422951,0.09170365681732831
722,0.0,0.18060454941763748,0.08381363231553891,0.04678517806389236,0.0284194876219606,0.18522849002307412,0.05383362411679795,0.0308427030719694,0.031076053822933148,0.269275211151521,0.09012107039470568
723,0.0,0.1822997066089487,0.08254462497907576,0.04669421906322784,0.02833103235193389,0.18359311519523708,0.0548173042219921,0.03130985376289209,0.03117651395787884,0.2707000872929111,0.08853354256593321
724,0.0,0.18399839257784334,0.08126425795983343,0.046593660120087775,0.02833962394690642,0.18181406559855545,0.05586440508337576,0.03177952008355833,0.0313370957263108,0.2720643252544253,0.08694465364913419
725,0.0,0.18569719753113348,0.0799760299603491,0.04648436282867999,0.028442896722451837,0.17989499260757696,0.056972566045066314,0.03225086612850874,0.03155688339312911,0.27336625944062265,0.08535794534251245
726,0.0,0.18739271211918435,0.07868344375845696,0.046367241660072576,0.02863827219333411,0.1778398215357574,0.058139315103753975,0.032723067922227074,0.03183482086159227,0.2746043905648627,0.08377691428078954
727,0.0,0.18908153681614087,0.07738999575577399,0.04624326064461921,0.028922969779866053,0.1756527394453932,0.05936207516641172,0.033195314339917216,0.03216971533611313,0.27577738688703507,0.08220500582876054
728,0.0,0.19076029118129545,0.07609916564762187,0.046113429985489354,0.02929401784068824,0.1733381825083913,0.060638170466121674,0.03366680798712139,0.03256024136033427,0.2768840849057691,0.08064560811719838
729,0.0,0.19242562297392152,0.07481440624727156,0.04597880261325571,0.029748264993551897,0.1709008229581024,0.0619648331188434,0.034136766036836054,0.03300494521698637,0.2779234895156939,0.07910204632556828
730,0.0,0.19407421709484146,0.07353913349637464,0.04584047069125835,0.03028239168598408,0.16834555567255338,0.06333920980396181,0.034604421022973376,0.033502249674922754,0.27889477364189535,0.07757757721526602
731,0.0,0.19570280432901194,0.07227671669233232,0.04569956208120336,0.030892921978121494,0.16567748442940525,0.06475836855150359,0.035069021589219124,0.03405045906765612,0.27979727736521254,0.07607538391636556
732,0.0,0.1973081698644921,0.07103046896215517,0.0455572367781686,0.03157623550051844,0.16290190787284592,0.06621930561899614,0.035529833192551055,0.034647764686698584,0.28063050655345345,0.07459857097015184
733,0.0,0.19888716156430492,0.06980363801109256,0.045414683323881384,0.03232857955035575,0.16002430523240044,0.06771895244106337,0.035986138760904146,0.03529225047203276,0.2813941310149707,0.07315015962902552
734,0.0,0.2025955662893276,0.06718580288594117,0.044594664522903116,0.0350188553746177,0.15172403676702545,0.07237157421762165,0.036273909759504994,0.038328053560971895,0.28021157771783073,0.0716959589042873
735,0.0,0.2040102417424722,0.06608744752579708,0.044483842666144954,0.03599410335912088,0.14851084036178083,0.0739764129032926,0.03671874170848195,0.03909846727014133,0.28072609681089755,0.07039380565190237
736,0.0,0.20595418752738356,0.0646634033374712,0.04418200652986464,0.037754053923504755,0.14328527345825978,0.07669238881417859,0.03710319722947822,0.04074494437495743,0.28032378009595693,0.06929676470897672
737,0.0,0.20724865749398405,0.06366384871498733,0.04409718198074971,0.03884686533259573,0.13989500397862173,0.07834453031718962,0.03753414675037752,0.04159165905469758,0.2806683920852515,0.06810971429157704
738,0.0,0.20849781398229963,0.06270286737959853,0.04402207228556697,0.03997765125843718,0.13644705969602303,0.08001092778320533,0.03795736228582058,0.04246783350546251,0.28094761096384646,0.06696880085977186
739,0.0,0.2096993893189854,0.061782768388039006,0.04395793063708969,0.041142061653742894,0.13294784644547258,0.08168825500622585,0.03837228369882964,0.043370990372163735,0.28116234449638616,0.0658761299830971
740,0.0,0.2108512365811816,0.06090573192020239,0.043906003001072565,0.04233572875963421,0.12940381257114578,0.08337318686260073,0.03877836977410111,0.044298609654621325,0.2813136248805563,0.06483369599491615
741,0.0,0.21195133409902667,0.06007380431726328,0.043867524804283436,0.04355427865933664,0.125821434246915,0.08506240613887715,0.039175098437996776,0.04524813605042126,0.2814026030962241,0.0638433801496879
742,0.0,0.21299778954849868,0.059288893590153706,0.04384371768865693,0.04479334261816813,0.12220720095813135,0.08675261025777552,0.039561966948060606,0.04621698634362476,0.2814305430498469,0.06290694899711592
743,0.0,0.2139888436282497,0.05855276540700804,0.04383578633554859,0.046048568186817754,0.11856760117539514,0.0884405178888012,0.039938492054235275,0.04720255681550372,0.28139881554115365,0.06202605296731932
744,0.0,0.21691414161716394,0.0562564431084129,0.04418044198454584,0.04861038912378875,0.1101979642647436,0.09180110614067039,0.04160069615222018,0.04874356673763726,0.28396868074159815,0.05772657012925153
745,0.0,0.21774219955928878,0.055676951918171624,0.04420450653966721,0.04989019009004921,0.10652478303769859,0.09347598432899917,0.04191764688232071,0.04980215676667432,0.2837324702598357,0.05703311061732722
746,0.0,0.21850740234306196,0.05515390225204871,0.04424887862904491,0.05116836103350178,0.10285347436368239,0.09513544818863368,0.04222143438016373,0.050866744260136085,0.28344199405898174,0.05640236049077761
747,0.0,0.2192086917771958,0.05468829931035533,0.044314658954323884,0.05244078472420956,0.0991902908696103,0.09677642387721898,0.04251170375696966,0.051934677583025585,0.2830990850637488,0.05583538408337501
748,0.0,0.21984515964791015,0.05428098702066412,0.044402914983545344,0.053703422496558545,0.09554140085960683,0.09839589596691406,0.04278812184431913,0.05300333020625187,0.2827056458525426,0.05533312112172022
749,0.0,0.22189310342353638,0.05290930126262029,0.044890240468117994,0.05618742482503842,0.08738192101168851,0.10145401344702787,0.04409732207110787,0.05495097312665604,0.2837669729177884,0.05246872744645112
750,0.0,0.2223300189794838,0.05269688728607587,0.04502510386508186,0.05738822158301353,0.08384359461086878,0.10299501606790412,0.044297257700263,0.05603698122286568,0.28319538390577603,0.05219153477870043
751,0.0,0.2226986332062156,0.052546052024564575,0.04518636288013735,0.05856330696227023,0.08034443054455537,0.10450286310660582,0.04448135979699928,0.05711310736947379,0.2825810131269761,0.051982870982234995
752,0.0,0.22299880972043967,0.05245679624621715,0.0453749095285658,0.05970918923088242,0.07688992813365962,0.10597493198872203,0.0446494457113732,0.05817692427016781,0.281926036021943,0.051843029148062394
753,0.0,0.22323056211600895,0.05242896115804517,0.04559158799759784,0.060822504024800494,0.07348543458648893,0.10740868736330944,0.04480135587559854,0.05922607097336502,0.28123266005046804,0.05177217585435077
754,0.0,0.22420732027954418,0.05216208433415977,0.046285329603358176,0.0628101046316583,0.0662827377328232,0.10984455024364612,0.04564256444455133,0.06129337138110018,0.28091506613369754,0.050556871215494584
755,0.0,0.22422493644886632,0.05234342623420365,0.0465602711306017,0.06378777100606155,0.06311485600350641,0.11114370338849987,0.04570753955349658,0.062306779394665376,0.2800812768227271,0.05072944001740486
756,0.0,0.22417489599978616,0.05258479835400045,0.046866414702627805,0.06472034311190147,0.060017247568560944,0.11239528300112343,0.04575538851926169,0.06329632826490815,0.27921823281364055,0.050971067664222804
757,0.0,0.22405796140486703,0.05288523234455145,0.047204362249888505,0.06560523660888608,0.05699425817589112,0.11359727876758048,0.04578611797953453,0.06426006725351505,0.27832823142253177,0.051281253792787536
758,0.0,0.22387502900790707,0.053243622074259374,0.04757465479238061,0.06644002723448211,0.054050034124250995,0.11474778606092073,0.045799758429866916,0.06519614320741784,0.27741356870165246,0.051659376366895195
759,0.0,0.22362712498428522,0.05365872888953065,0.047977770573429446,0.06722245457958907,0.05118851643012606,0.11584500815051038,0.0457963641627299,0.06610280424007915,0.27647653468864436,0.05210469330110923
760,0.0,0.22331540101443345,0.05412918721215653,0.04841412328819323,0.0679504254452902,0.04841343552281667,0.11688725814888833,0.04577601322352833,0.06697840304558049,0.27551940888559534,0.05261634421355088
761,0.0,0.22294112968817412,0.0546535104505316,0.04888406040989289,0.06862201678206557,0.04572830647025559,0.11787296069545482,0.04573880738436328,0.0678213998386708,0.27454445597693355,0.053193352303691314
762,0.0,0.2225056996582224,0.05523009720090722,0.049387861616953854,0.06923547821352168,0.04313642473696987,0.11880065337694282,0.045684872135944424,0.0686303649154651,0.27355392179360194,0.05383462635150437
763,0.0,0.2220106105616669,0.05585723771409365,0.049925737324436316,0.06978923414732534,0.04064086247449355,0.11966898788526407,0.04561435669765007,0.06940398083103962,0.27255002952936463,0.054538962834699486
764,0.0,0.22145746772868102,0.05653312060231951,0.05049782732331915,0.0702818854766263,0.038244465343455304,0.12047673091396893,0.04552743404531336,0.07014104419174207,0.27153497621347783,0.05530504816113016
765,0.0,0.2208479766981026,0.057255839760333514,0.05110419953139244,0.07071221087581728,0.035949849865504174,0.12122276479520194,0.045424300955883325,0.07084046706161946,0.27051092944231403,0.056131461013864875
766,0.0,0.220183937559833,0.058023401474293426,0.05174484885969651,0.07107916769501361,0.033759401302196054,0.12190608787967812,0.045305178067670517,0.07150127798394963,0.2694800243708948,0.05701667480680818
767,0.0,0.21946723914426605,0.058833731691532574,0.05241969619862061,0.071381892458137,0.031675272056945404,0.12252581466284404,0.04517030995444371,0.07212262262044342,0.26844436096363605,0.05795906024916504
768,0.0,0.21869985307913944,0.05968468342392812,0.05312858752793795,0.07161970096996707,0.029699380595150853,0.12308117566102023,0.045019965211200476,0.0727037640122484,0.2674060015019927,0.05895688801744869
769,0.0,0.2178838277343304,0.06057404425731761,0.053871293155199264,0.07179208803797622,0.027833410876630042,0.12357151704194855,0.04485443654899226,0.07324408246843091,0.26636696834507506,0.060008331534133645
770,0.0,0.21702128207517524,0.06149954393922611,0.05464750708703644,0.07189872681519573,0.02607881229354827,0.12399630001478316,0.044674040895750486,0.07374307508912663,0.2653292419377425,0.061111469852449564
771,0.0,0.21583250682257257,0.06290932277425063,0.055744015066470254,0.07175736725738896,0.024112075416375816,0.12418767222300596,0.04439434479854347,0.07438736814504489,0.26401459987984743,0.06266072761653424
772,0.0,0.2134789494824157,0.06502775788085709,0.057766537398586705,0.07190240112770865,0.020413323442716888,0.12525527876804332,0.043926937634631395,0.07517900860896358,0.2614818925307545,0.06556791312535665
773,0.0,0.21243489520578804,0.06608010537775555,0.05870108381060192,0.07171079372752324,0.019172252608794033,0.1253722596418414,0.043693923815974145,0.07547808867021384,0.26048525818349105,0.06687133895805131
774,0.0,0.21135725411186917,0.0671551295486974,0.0596658949743758,0.07145464338017486,0.01804694389134069,0.1254225227271855,0.04344810806872074,0.0757351546410065,0.2595002081826306,0.06821414047403324
775,0.0,0.2102484464009205,0.06825038325519593,0.060660148822385615,0.07113474759781185,0.017037348070825704,0.12540626023632367,0.04318995154363309,0.07595043891296108,0.25852840415417705,0.06959387100580036
776,0.0,0.20911091519800207,0.06936341874822359,0.0616829474096373,0.07075206615376925,0.016143194953527173,0.12532376837027373,0.042919940438190654,0.07612427618081495,0.2575714573414031,0.07100801520619301
777,0.0,0.20794712046435992,0.07049179477087252,0.06273331763462556,0.07030771749944667,0.015363997221507731,0.1251754449189133,0.04263858600292391,0.07625710032786193,0.25663092833463197,0.07245399282489128
778,0.0,0.2067595330048467,0.07163308348410705,0.06381021213540944,0.0698029748801255,0.014699054683480558,0.1249617866945428,0.042346424505675245,0.07634944108132548,0.25570832693126766,0.07392916259925449
779,0.0,0.20555062858862713,0.07278487719188267,0.06491251036459789,0.06923926215981928,0.014147458911268528,0.12468338680938766,0.042044017147477644,0.07640192045714202,0.25480511210835993,0.07543082626147224
780,0.0,0.20432288219975872,0.07394479484282847,0.06603901984673104,0.0686181493655946,0.013708098245912721,0.12434093180785478,0.04173194992366703,0.07641524901427398,0.25392269208948925,0.07695623266392453
781,0.0,0.20307876243352574,0.07511048828670125,0.06718847762117948,0.06794134796214162,0.013379663156874033,0.1239351986646673,0.041410833423823255,0.07639022193920328,0.25306242448740535,0.07850258202451384
782,0.0,0.19829941178996519,0.07903977842523024,0.07200775904705388,0.06529914581904372,0.012233930740993606,0.12251609571152165,0.040485065682120146,0.07585647827500927,0.24979092636334796,0.08447140814574931
783,0.0,0.1970265840547013,0.0801741431255379,0.07326856965940727,0.06438567567135602,0.012407112349319764,0.12180564594078346,0.04015458387540513,0.07564102083949736,0.2490873002286088,0.08604936425541795
784,0.0,0.19575121662892156,0.0813016779022044,0.07454355669982668,0.06342820727872214,0.012681796636423801,0.12103763179350781,0.039818005034812275,0.07539339924904752,0.2484127433673731,0.08763176540919566
785,0.0,0.19447556912074446,0.08242044435428311,0.07583102412822049,0.062429254449562856,0.013055493479583324,0.12021339007082485,0.03947605537267489,0.07511487551912824,0.24776823046135646,0.08921566304365633
786,0.0,0.19320185709679177,0.08352857560226408,0.0771292235597439,0.0613914296916555,0.013525562329657572,0.11933432275676027,0.039129483564763486,0.07480676199270676,0.2471546861890234,0.09079809721666826
787,0.0,0.19193224837254177,0.08462427957519032,0.07843635737669247,0.06031743765841802,0.01408921993742637,0.11840189323295217,0.03877905984932807,0.07447041684412066,0.2465729854489257,0.09237610170443944
788,0.0,0.19066885955804058,0.08570584191023199,0.07975058202394902,0.05921006844485571,0.014743548258341814,0.11741762247072064,0.038425575007893904,0.07410723961990413,0.2460239534952643,0.09394670921083285
789,0.0,0.1894137528642452,0.08677162845889717,0.08107001148429722,0.058072190747627095,0.015485502514810214,0.11638308521244947,0.03806983922455202,0.07371866683554631,0.2455083659718796,0.09550695668573077
790,0.0,0.18816893317411984,0.08782008739585317,0.0823927209290627,0.056906744904009474,0.016311919394981177,0.11529990615400565,0.03771268082114869,0.07330616764629476,0.24502694883227388,0.09705389074828573
791,0.0,0.18693634538144532,0.08884975092816128,0.08371675053866542,0.05571673582486192,0.01721952536693194,0.1141697561396386,0.03735494486649154,0.07287123960915111,0.24458037813479586,0.0985845732098922
792,0.0,0.18571787199912623,0.08985923660457801,0.08504010948676859,0.05450522583698088,0.018204945087100008,0.11299434838046331,0.03699749165844986,0.07241540455214078,0.24416927970376517,0.10009608669066247
793,0.0,0.18451533103760565,0.09084724822644095,0.0863607800807983,0.053275327450527966,0.019264709881836168,0.11177543470724814,0.0366411950786298,0.07194020456578117,0.2437942286490752,0.10158554032209187
794,0.0,0.1833304741528198,0.09181257636353073,0.08767672205068425,0.05203019606747084,0.020395266281024345,0.11051480186779443,0.03628694082014668,0.07144719813043315,0.24345574873866935,0.10305007552746165
795,0.0,0.18216498506195433,0.09275409848016702,0.08898587697674869,0.05077302264721674,0.02159298458284509,0.10921426787871573,0.03593562448989246,0.07093795639190216,0.24315431162022696,0.10448687187036604
796,0.0,0.1810204782241041,0.09367077867865917,0.0902861728467469,0.049507026345831165,0.022854167428946533,0.10787567844090172,0.035588149587599587,0.07041405959627085,0.24289033589041564,0.10589315296055957
797,0.0,0.1798984977817947,0.09456166706906503,0.09157552873114981,0.04823544714541503,0.024175058369530354,0.10650090342738548,0.035245425364930714,0.06987709369350163,0.2426641860121378,0.10726619240512482
798,0.0,0.17880051675820002,0.09542589877602331,0.09285185956486129,0.04696153849036446,0.02555185039816152,0.10509183345172958,0.03490836456876699,0.06932864711785307,0.24247617108231612,0.10860331979175902
799,0.0,0.17772793650379515,0.09626269259519113,0.09411308102268759,0.045688559947349085,0.026980694436468017,0.10365037652440484,0.03457788107382356,0.06877030775162475,0.2423265434549086,0.10990192668978276
800,0.0,0.1766820863851166,0.09707134931353928,0.09535711447502955,0.044419769905918574,0.02845770774931217,0.10217845480396263,0.034254887410680314,0.06820366007718161,0.24221549722599572,0.11115947265329913
801,0.0,0.1756642237072782,0.09785124970941864,0.0965818920094582,0.043158418336678404,0.029978982271485058,0.10067800144909793,0.03394029219627296,0.06763028252063205,0.24214316658993199,0.11237349120978228
802,0.0,0.17467553386090118,0.09860185224990502,0.09778536150306583,0.04190773962396126,0.03154059282750226,0.09915095757697273,0.0336349974748382,0.06705174498894775,0.24210962407767533,0.11354159581626608
803,0.0,0.1737171306831826,0.09932269050444462,0.09896549172976772,0.040670945489857654,0.03313860522665891,0.0975992693324175,0.03333989597823789,0.06646960660073112,0.24211487869049364,0.11466148576424402
804,0.0,0.17279005702193873,0.10001337029525355,0.10012027748606507,0.0394512180263561,0.03476908421613548,0.09602488507186194,0.03305586831549552,0.0658854136092711,0.24215887394426497,0.11573095201339328
805,0.0,0.17189528549063313,0.10067356660625655,0.10124774471818239,0.03825170285217654,0.03642810127562949,0.09442975266506522,0.03278378010225594,0.06530069751498731,0.24224148584154004,0.11674788293330922
806,0.0,0.17103371940163317,0.10130302027358003,0.10234595563295933,0.03707550241065818,0.03811174223772196,0.09281581691692695,0.03252447904171818,0.06471697336286203,0.24236252079038148,0.11771026993159456
807,0.0,0.17020619386424057,0.1019015344817324,0.10341301377442152,0.035925669424784,0.03981611471896793,0.09118501711086667,0.032278791969385774,0.0641357382190057,0.24252171349073684,0.11861621294589453
808,0.0,0.16933647842683364,0.10243491070966043,0.10506016263712349,0.03409501432509259,0.04245486942912803,0.08868362157835222,0.0320509006230678,0.06314098592818791,0.24307250007196837,0.11967055627062156
809,0.0,0.16860127278750672,0.10294683765812074,0.10604530038401506,0.0330224452219319,0.044205400437102714,0.08701226556495642,0.03184320026016316,0.06256606906545972,0.24333726269163386,0.1204199459291458
810,0.0,0.1679021812780612,0.10342790556564509,0.10699297037641345,0.03198648189927134,0.04596323039362885,0.085331072847935,0.03165143633045304,0.061998869072514874,0.2436383898614545,0.12110746237465886
811,0.0,0.16723973350096738,0.10387817382624927,0.10790151925490775,0.030989878679311248,0.04772463466514701,0.0836419414827878,0.03147631040123109,0.06144078399551274,0.24397524412552762,0.12173178006839436
812,0.0,0.16661439987653598,0.10429774173828155,0.10876936150281326,0.03003530799692429,0.049485947271459364,0.0819467520383398,0.03131848764315215,0.060893188196808105,0.24434710580179972,0.12229170793392229
813,0.0,0.16602659350245424,0.1046867443115373,0.10959498384792887,0.029125355234710232,0.05124356682264601,0.08024736588998276,0.031178593956500328,0.06035743180232958,0.24475317133002306,0.1227861933019241
814,0.0,0.16547667206046382,0.10504534808626716,0.11037694948871891,0.02826251381928281,0.052993962183491214,0.07854562362284945,0.03105721317086414,0.05983484024619231,0.24519255177969357,0.1232143255422131
815,0.0,0.16496493975384485,0.10537374699235612,0.11111390212666483,0.027449180590072546,0.054733677858391595,0.0768433435402829,0.03095488433467935,0.05932671389757102,0.24566427154655177,0.12357533935962159
816,0.0,0.16449164925949045,0.10567215827666611,0.11180456978699878,0.02668765145108571,0.05645933909078173,0.07514232027237736,0.030872099111154995,0.058834327754346286,0.24616726726620317,0.12386861773093216
817,0.0,0.16405700367856316,0.1059408185260828,0.11244776841061559,0.025980117315162147,0.05816765667218358,0.07344432347883184,0.03080929929704716,0.058358931187663735,0.24670038697313681,0.12409369446074993
818,0.0,0.16366115847003387,0.10617997981318932,0.11304240520064589,0.02532866034932409,0.05985543145706283,0.07175109663987059,0.030766874480587056,0.05790174772131468,0.24726238953290308,0.12425025633510534
819,0.0,0.16330422335180114,0.10638990599070756,0.11358748170797316,0.024735250528810745,0.06151955858074925,0.07006435592855219,0.03074515985460242,0.057463974829762135,0.2478519443744387,0.1243381448526396
820,0.0,0.16298626415458708,0.10657086915989931,0.11408209664087743,0.024201742506349166,0.06315703137874702,0.06838578915741854,0.0307444342004917,0.05704678373869909,0.248467631548507,0.12435735751446053
821,0.0,0.1627073046143921,0.10672314633701194,0.11452544838499731,0.023729872802128,0.06476494500681995,0.06671705479212217,0.030764918058219765,0.05665131921223939,0.2491079421369493,0.12430804865515709
822,0.0,0.16091261203067334,0.1080600113099195,0.11508959653578303,0.023615474875296007,0.0680918229341733,0.06281274900099515,0.030762589678066395,0.05643895243875727,0.24938654604009855,0.12482964515627444
823,0.0,0.16078263475145482,0.10812141946103496,0.11533294021489471,0.02337405907302017,0.069548087811795,0.06119955541068558,0.03086506084486379,0.05614535168243332,0.2500810895506308,0.12454980119922393
824,0.0,0.16069285014393384,0.10815360090653749,0.1155230085403763,0.023200464215017987,0.0709637314397606,0.05960215330877052,0.030989642585621327,0.05587804899104024,0.2507940198241983,0.12420248004478057
825,0.0,0.1606430811885721,0.10815678979417465,0.11565959966710676,0.023095723524802804,0.07233650027908577,0.05802201812677007,0.031136172821301156,0.05563804434324125,0.25152340765263276,0.12378866260234984
826,0.0,0.1606331139118852,0.10813121511193795,0.11574261968272838,0.023060740496483663,0.07366425825170986,0.056460592816419866,0.031304423904726805,0.05542630754639161,0.25226724327080496,0.12330948500694894
827,0.0,0.16066269830651078,0.10807709952145673,0.11577208260305742,0.023096288620790214,0.0749449880812209,0.05491928712114258,0.03149410272939878,0.05524377738012384,0.2530234398909128,0.12276623574542331
828,0.0,0.16073154911845777,0.1079946585107521,0.11574811001437318,0.023203011436328462,0.07617679236913245,0.05339947684363718,0.03170485111885479,0.05509136062499126,0.2537898377297389,0.12216035223377122
829,0.0,0.16083934649698245,0.10788409987288013,0.11567093036259102,0.023381422899903265,0.07735789441506186,0.05190250310270781,0.031936246501297456,0.05496993096983595,0.2545642085303289,0.12149341684844851
830,0.0,0.16098573650381592,0.10774562351466875,0.11554087789108002,0.023631908068535015,0.07848663878981235,0.05042967157288718,0.03218780287269948,0.05488032779310419,0.2553442605760645,0.12076715241737014
831,0.0,0.16117033147978196,0.10757942159736975,0.11535839123065623,0.02395472408461568,0.07956149167095618,0.04898225170091348,0.032458972050021975,0.054823354814972254,0.25612764419151784,0.11998341717923229
832,0.0,0.1613927102681857,0.10738567900861537,0.11512401164707188,0.02435000145450242,0.08058104095104034,0.04756147589368152,0.03274914521455372,0.05479977861885173,0.2569119577208088,0.11914419922272619
833,0.0,0.16120033175172252,0.10754281645193865,0.11416926730471148,0.026043632250198453,0.08192665815248915,0.044997284272842324,0.033378962496306036,0.05554694848554077,0.2572346115684118,0.11795948726587675
834,0.0,0.16155645687742587,0.10725905689699335,0.11377260305498005,0.026656479988147398,0.08275949155161821,0.043663839488834566,0.03372590574704369,0.05563960783761138,0.2580075114476262,0.11695904710975741
835,0.0,0.16194934720702886,0.10694713315193567,0.11332760300763255,0.027340879218396476,0.08353318553860513,0.042360904281414175,0.03408898634934779,0.055768126025659386,0.25877278069970167,0.11591105452031643
836,0.0,0.16237838023649143,0.10660723998239711,0.11283529688730216,0.028096333973207172,0.08424695238792955,0.04108951992622421,0.03446729889910294,0.055933051316253576,0.2595278634986939,0.11481806289243615
837,0.0,0.16284289524448603,0.10623957864943573,0.11229679921628687,0.028922234219467775,0.08490012173841092,0.03985068619462159,0.03485989279369028,0.056134882378238576,0.26027019325562867,0.11368271630977195
838,0.0,0.1632867902301181,0.10590664627776067,0.1112031524637193,0.03066505767275058,0.08546817424647828,0.038174318025364924,0.03547835560504627,0.05691330489660668,0.26068696779834855,0.11221723278384502
839,0.0,0.1638510639148796,0.10546327912446828,0.11055006716761308,0.03166338980694247,0.08596216940014015,0.037020022164420234,0.035903174771961754,0.05721511590172002,0.2613900488978673,0.11098166885002553
840,0.0,0.1644725655146922,0.1049935676672,0.10927545525260132,0.033674244348410674,0.08627039381384151,0.035489920662183254,0.03656157799841562,0.05817625600179868,0.2617143521812401,0.10937166655965512
841,0.0,0.16513352755199034,0.10447315085694424,0.10851779380561578,0.034838087021640526,0.08660499964791572,0.03442419876490992,0.037011216631934504,0.05857955775593323,0.26236597640981585,0.1080514915533385
842,0.0,0.1658259577789367,0.10392528464568644,0.10772271713693932,0.03606614721559558,0.08687808132322375,0.03339551144504074,0.037468656449965124,0.05902125874255252,0.26299128048885434,0.10670510477324407
843,0.0,0.16668082378203405,0.10326635593308466,0.1062279583551533,0.038421492527078216,0.08683609327845225,0.0320778938375933,0.038162572613693733,0.0602248661321185,0.2631704807294553,0.10493146281137539
844,0.0,0.1674635030834645,0.10264131418448147,0.1053438601982754,0.03980272698152635,0.08695227516782263,0.03114257114944372,0.03863361065026113,0.06076830242258875,0.26372762068668504,0.10352421547548972
845,0.0,0.16827428032535457,0.10198977242900575,0.10442842013630016,0.04124291387230911,0.08700819135488266,0.030246210014764796,0.03910824908754265,0.06134986550407756,0.2642511135090863,0.10210098376671532
846,0.0,0.1691119500825186,0.10131229035229346,0.10348337868070828,0.04274041856888236,0.087004326874717,0.029389322975356798,0.03958528592568304,0.06196936254940673,0.2647387891133462,0.10066487487712655
847,0.0,0.1699752554268332,0.10060947633560866,0.10251050523844456,0.04429353551210711,0.0869412619847518,0.0285723670821462,0.04006352583796324,0.06262652270319508,0.26518857042281807,0.09921897945617096
848,0.0,0.17206197907725485,0.09883598293991605,0.10099588227973731,0.04681356253812306,0.08729487690748022,0.026753337616232064,0.041028923710608595,0.06309480339429897,0.267248727116531,0.09587192441985709
849,0.0,0.17295867168180362,0.09808645421161971,0.0999527101685343,0.048527382355247,0.08706271503102653,0.026064812398289897,0.04150794140089958,0.06385339281983446,0.26754887688799517,0.09443704304478899
850,0.0,0.17387508695949497,0.09731531644578553,0.09888835958540826,0.050289877102219674,0.08677385570700996,0.025417888431623823,0.04198370390363242,0.06464820163794271,0.26780254635560424,0.09300516387131785
851,0.0,0.17480978013062895,0.09652337615296012,0.09780466812931937,0.05209907658588359,0.08642931275964424,0.024812706553997428,0.04245513213587685,0.06547856373695728,0.26800830681611104,0.0915790769986605
852,0.0,0.17576125580177648,0.09571150129361096,0.09670347366452359,0.053952963704021396,0.08603018305084253,0.024249343506010327,0.04292118132652126,0.06634372731541403,0.26816487516140086,0.09016149517591804
853,0.0,0.17672796813702407,0.09488062331739967,0.09558660985529006,0.05584947813740589,0.08557764428241306,0.02372781084994535,0.04338084533953372,0.06724285439401996,0.2682711200694292,0.08875504561757853
854,0.0,0.1777083212252468,0.09403173888646711,0.0944559019037914,0.057786519923547046,0.08507295280138699,0.023248053990255875,0.04383316080276357,0.06817502064949477,0.2683260675104554,0.08736226230663066
855,0.0,0.1787006696590109,0.09316591125310233,0.09331316251339723,0.0597619529009799,0.08451744140934402,0.02280995130905461,0.044277211016723404,0.06913921559109643,0.26832890551850525,0.08598557882882552
856,0.0,0.17970331933984288,0.09228427126374382,0.09216018809823129,0.06177360801418724,0.08391251717577523,0.022413313429938454,0.044712129618710954,0.07013434309916097,0.26827898818127716,0.08462732177917176
857,0.0,0.1807145285236031,0.091388017963067,0.09099875525832539,0.06381928647055987,0.08325965925471679,0.022057882623351975,0.0451371039787263,0.07115922234330217,0.268175838805388,0.08328970477899912
858,0.0,0.1817325091185861,0.09047841877393811,0.0898306175380358,0.06589676274216295,0.08256041670310975,0.021743332366452126,0.045551378304909,0.07221258909603735,0.2680191522179209,0.08197482313888763
859,0.0,0.18275542824771857,0.08955680923125689,0.08865750248358074,0.06800378740648669,0.08181640629859745,0.021469267070088435,0.0459542564376561,0.07329309745553594,0.2678087961696744,0.08068464919944471
860,0.0,0.18494903137832291,0.08767285627107553,0.08576538498347612,0.07287174449032058,0.07963703234633483,0.021407605641135995,0.046606155303773246,0.07650253635471467,0.26629735016258815,0.0782903030682979
861,0.0,0.1860095455115029,0.08669547960165992,0.08459395515413858,0.07504403691831082,0.07877117803462413,0.021241924061036723,0.046959494066704,0.07766061551309035,0.2659650016200572,0.07705876951891559
862,0.0,0.18706689919610758,0.08571217559587715,0.08342475935982425,0.0772360252870934,0.07786826969877085,0.02111425394730193,0.047299119616883815,0.07883909753610267,0.2655810233041159,0.07585837645796271
863,0.0,0.1881189884230356,0.08472470032709871,0.08225935302000353,0.07944535519969981,0.07693022992317988,0.021023874402800492,0.047624669815664586,0.08003624816504852,0.2651460630610543,0.07469051766245481
864,0.0,0.18916368016796897,0.08373486605624515,0.08109925377096448,0.08166966339496352,0.07595903445763877,0.0209699978290853,0.04793585255595431,0.08125027106385907,0.26466092861607593,0.07355645208728501
865,0.0,0.190198816263935,0.08274453710277475,0.07994594090626302,0.08390657953113145,0.0749567098922974,0.020951771081541653,0.048232445922498174,0.08247931266826308,0.26412658241588705,0.07245730421544898
866,0.0,0.19122221757030672,0.08175562519771636,0.07880085516672283,0.08615372781064072,0.0739253312973664,0.020968276867021473,0.04851429793999476,0.08372146746305484,0.26354413549128014,0.07139406519593632
867,0.0,0.19223168843307478,0.08077008432577185,0.0776653988751854,0.0884087284530455,0.07286701982111306,0.02101853538883565,0.04878132590746489,0.0849747836758842,0.26291484035621865,0.07036759476344673
868,0.0,0.19322502142918066,0.07978990506711418,0.07654093640869868,0.09066919902443572,0.07178394023960279,0.021101506242649462,0.049033515319909446,0.08623726937278907,0.2622400829665167,0.06937862392914403
869,0.0,0.19420000238564286,0.07881710845313183,0.07542879499833366,0.09293275563298126,0.07067829845158125,0.021216090565425397,0.04927091838095318,0.08750689893748657,0.26152137376780704,0.06842775842669772
870,0.0,0.1951544156621321,0.07785373935400478,0.07433026584434359,0.09519701400146295,0.06955233891192543,0.021361133438094815,0.04949365211285921,0.08878161991325101,0.26076033786905584,0.06751548289291105
871,0.0,0.1960860496835904,0.07690185941961383,0.07324660553195295,0.09745959042879469,0.06840834199720901,0.021535426541120943,0.049701896072995466,0.09005936018305685,0.2599587043843785,0.06664216575732813
872,0.0,0.19699270270743865,0.07596353959886254,0.07217903773069431,0.09971810265360162,0.06724862129713062,0.02173771106055127,0.0498958896885223,0.09133803546057641,0.2591182949922787,0.06580806481038445
873,0.0,0.1978721888079024,0.07504085226600372,0.07112875515792044,0.10197017063387898,0.06607552082584006,0.021966680840556006,0.05007592922373253,0.09261555706161875,0.2582410117676426,0.06501333341494556
874,0.0,0.19872234405801026,0.07413586298598915,0.07009692178492101,0.10421341725761653,0.06489141214756958,0.022220985776822192,0.05024236439709193,0.0938898399227005,0.2573288243478168,0.06425802732150294
875,0.0,0.19954103288790975,0.0732506219541787,0.06908467526198633,0.10644546900001935,0.06369869141143075,0.02249923544352946,0.050395594667582914,0.09515881083067437,0.25638375649983647,0.06354211204289274
876,0.0,0.20032615459629613,0.07238715514892403,0.0680931295367958,0.10866395654358578,0.06249977629077081,0.02280000294498588,0.0505360652124273,0.09642041682473036,0.25540787216131694,0.06286547074020785
877,0.0,0.20107564998999447,0.07154745523856995,0.06712337763868836,0.11086651537780892,0.0612971028230935,0.023121828981360344,0.050664262620638674,0.09767263372965125,0.2544032610326215,0.06222791256761398
878,0.0,0.20241058166824855,0.07014378911962987,0.06556167649636153,0.11423003336941827,0.059299934401235356,0.023884590028841562,0.05060336046765269,0.0999632443610219,0.2527180459529744,0.061184744134656896
879,0.0,0.2042140222851973,0.06825777183734748,0.06355453534255194,0.11858983385679277,0.056547802702840363,0.025170475287908372,0.050248432908512435,0.10321103900009698,0.25034703088621196,0.05985905589258156
880,0.0,0.20480418102702888,0.06751745047607824,0.06272846737475703,0.12066505617931281,0.055370679871253305,0.025550656581035936,0.05029932494644138,0.10439090261696313,0.24931136133263054,0.059361919594539916
881,0.0,0.20534665590093826,0.06681277726616955,0.061930210214421855,0.12271045008216391,0.05420387228675662,0.025943634116403047,0.050341499557162425,0.10554991249722635,0.24825801001952308,0.05890297805927613
882,0.0,0.20583973986499415,0.06614541912700972,0.061160749926382985,0.12472370399088313,0.0530498363262232,0.026347855434677214,0.05037563468755971,0.10668643040456864,0.2471887403641299,0.058481889873612636
883,0.0,0.20628182344935897,0.06551693220404593,0.060421073895221965,0.12670252047456218,0.051911018319176765,0.02676177026520634,0.0504024115101131,0.1077989128728835,0.24610523084113567,0.058098306168337
884,0.0,0.2071016709315209,0.06446895434054817,0.05933294403975742,0.12955669890853336,0.05009422344750659,0.027700067822823856,0.05010582992086407,0.10977877268935643,0.24440752049410433,0.057453317405026176
885,0.0,0.2072886538012808,0.06387677649808002,0.05839091962179622,0.13241088755094627,0.04860850520956725,0.0280408754347089,0.05044419919551009,0.11098241448004151,0.24278611793608978,0.05717065027202069
886,0.0,0.20751272317070357,0.06341705891120988,0.057780333938340075,0.1342290336964915,0.04755484320781777,0.028478304130464073,0.05044833254245988,0.11198525336029999,0.24166022802596554,0.05693388901628929
887,0.0,0.20767942912101783,0.06300202100433722,0.057204585341457434,0.1360015118053897,0.04652833737601342,0.028917891045538515,0.05044837064597535,0.11295801915731678,0.2405267250244033,0.056733109478592024
888,0.0,0.20835406454413988,0.06190808557484903,0.056231887434606005,0.1391724282587094,0.04435215867545134,0.030409109853179992,0.04969646584551792,0.11542952396738038,0.23836192170003245,0.056084354146175415
889,0.0,0.2083491442896624,0.061617988948272716,0.05579202062619599,0.1407757875951224,0.04342865604147902,0.030835915722527172,0.04966885941331763,0.11629839313445789,0.23725903022524636,0.055974204003760124
890,0.0,0.20828288598712477,0.06137601720782775,0.05539100107911461,0.14232446330946294,0.04254134064457964,0.03125961597542716,0.04963987159722889,0.11713390804551685,0.23615040295303535,0.055900493200723836
891,0.0,0.20815495401880316,0.061182213929416945,0.055029920590988206,0.14381640766307294,0.04169231405860594,0.031678960138735196,0.049609961283904935,0.11793583809917413,0.2350361145024113,0.05586331571492917
892,0.0,0.2079651732681603,0.0610364259498972,0.0547098914890188,0.14524961097279757,0.04088361940028841,0.032092754785502865,0.04957953687112048,0.11870410928369954,0.23391604164264676,0.055862836336910006
893,0.0,0.20771353205392085,0.06093829982003879,0.05443204628458186,0.14662210466068024,0.040117236837941085,0.03249986785860977,0.04954895311558135,0.1194388057401777,0.23278985919969672,0.05589929442881374
894,0.0,0.2074001844955778,0.0608872791457887,0.05419753686282632,0.14793196449585927,0.03939507913445827,0.0328992327520301,0.04951850842225697,0.12014017051140904,0.2316570373125504,0.05597300686728533
895,0.0,0.20702545228582755,0.06088260285597858,0.05400753319125791,0.1491773140256597,0.038718987240601486,0.033289852125423285,0.04948844260223129,0.12080860545220708,0.2305168400915161,0.05608437012933932
896,0.0,0.20658982584780783,0.06092330443044869,0.053863221534286077,0.15035632819099462,0.038090725955147314,0.033670801428771456,0.049458935123348625,0.12144467028113534,0.22936832572267365,0.05623386148542889
897,0.0,0.20609396485757064,0.06100821211809983,0.05376580216386706,0.15146723711929594,0.037511979668947766,0.034041232114985984,0.049430103874999465,0.12204908075834828,0.22821034805450827,0.05642203926941935
898,0.0,0.20553869811494135,0.061135950169656866,0.05371648655966442,0.15250833008629788,0.036984348210338906,0.034400374519769766,0.049402004465258526,0.12262270597903141,0.22704155969410483,0.05664954220097865
899,0.0,0.204925022748785,0.06130494110495042,0.05371649409555552,0.15347795963610852,0.0365093428096182,0.03474754038954228,0.04937463006527342,0.12316656477695795,0.2258604166312739,0.05691708774197736
900,0.0,0.20425410274571396,0.06151340902932386,0.05376704821281859,0.1543745458471391,0.03608838220048662,0.03508212503990784,0.04934791181232335,0.12368182123785264,0.22466518439966723,0.057225469474809214
901,0.0,0.20352726679440702,0.0617593840083736,0.05386937208392038,0.15519658072963455,0.03572278887641989,0.03540360912896305,0.04932171977934388,0.12416977932756176,0.2234539457743524,0.057575553497066015
902,0.0,0.20274600544095467,0.06204070750466087,0.054024683774468014,0.15594263273876885,0.03541378551988567,0.03571156003169124,0.04929586451496711,0.12463187664543078,0.22222460999552748,0.057968273833688015
903,0.0,0.20191196755399068,0.062355038874321755,0.054234190914569026,0.15661135138555293,0.035162491622161354,0.036005632803767354,0.04927009915427841,0.12506967731876242,0.22097492349811837,0.0584046268745204
904,0.0,0.20102695610178595,0.06269986291567647,0.05449908489453828,0.15720147192616224,0.03496992031122542,0.03628557072528754,0.0492441220965646,0.12548486405972856,0.21970248211697263,0.058885664852101074
905,0.0,0.20009292324696168,0.06307249845603399,0.05482053460357666,0.15771182010873566,0.03483697540479588,0.036551205417230476,0.04921758024234912,0.12587922941161225,0.21840474472731145,0.05941248838143575
906,0.0,0.1991119647680018,0.06347010795693289,0.05519967973370228,0.15814131695524902,0.03476444870506898,0.036802456525839564,0.04919007277800127,0.1262546662167204,0.2170790482700834,0.05998623809044346
907,0.0,0.19591432226007047,0.06477635556143536,0.05668517766402015,0.15895420296758772,0.03491528031870661,0.037468242119452724,0.04911465803812143,0.1272870730398062,0.21289297169404897,0.06199171633679375
908,0.0,0.19435717759840782,0.0653016587978824,0.05787214281830071,0.1588041287167911,0.035177625639316375,0.03801351694248775,0.048636453335604,0.12786307673336744,0.21109428401583458,0.0628799354020513
909,0.0,0.1931553934882374,0.06578428441773874,0.05859246555333071,0.15876926514389372,0.035446397373233525,0.038185068038000446,0.04859222254781191,0.12816527533619168,0.20957906481521096,0.06373056328639451
910,0.0,0.1919227258652871,0.06627137204155767,0.05937621915093061,0.15864919629739055,0.03577781743601585,0.038343766899356285,0.04854410481789323,0.12846229128165376,0.2080161800169476,0.064636326193011
911,0.0,0.19066211496158972,0.06675930231291291,0.06022406509389295,0.15844372296327344,0.036171779923685324,0.03849012747739994,0.04849151873406398,0.12875641492525883,0.20640263621784563,0.06559831739012095
912,0.0,0.18937657499067312,0.06724441389605601,0.06113656638639825,0.15815278026713125,0.03662805559750636,0.03862473205656419,0.04843388510872259,0.1290499321166136,0.20473549295273133,0.06661756662764709
913,0.0,0.1880691832714412,0.06772302068812328,0.062114178511466465,0.15777644141583655,0.03714629214112229,0.03874822711861169,0.048370634619588744,0.12934510982688618,0.2030118865667851,0.06769502584018229
914,0.0,0.186743068974148,0.0681914295101175,0.06315724037972915,0.15731492118248178,0.037726014774674646,0.03886131887677014,0.04830121565231103,0.1296441816244282,0.20122905439385147,0.06883155463153207
915,0.0,0.18540140153504855,0.06864595819573617,0.06426596532419954,0.15676857910600728,0.03836662722873051,0.03896476850428385,0.048225102293268755,0.12994933307982692,0.19938435909884286,0.07002790563409952
916,0.0,0.18404737878875818,0.06908295399336228,0.06544043219713487,0.1561379223775138,0.039067413079142244,0.03905938708358685,0.04814180241911585,0.13026268718380665,0.19747531303811686,0.07128470983950645
917,0.0,0.18268421486957717,0.06949881219316588,0.06668057662619895,0.1554236083859889,0.039827537442217086,0.03914603030435592,0.04805086582774598,0.1305862898630835,0.19549960248829315,0.07260246199941749
918,0.0,0.1813151279350427,0.06988999488831807,0.06798618248793058,0.15462644689710484,0.04064604902779733,0.03922559294060993,0.047951892353814855,0.13092209568048396,0.1934551115914154,0.07398150619752646
919,0.0,0.17994332776672115,0.07025304977680934,0.0693568736569978,0.15374740183985103,0.04152188254604927,0.03929900313876946,0.047844539910755594,0.13127195380634288,0.19133994586269065,0.07542202169505703
920,0.0,0.17857200330475387,0.07058462890832136,0.07079210608985491,0.15278759267705846,0.04245386146194727,0.03936721655016491,0.04772853240037949,0.1316375943483892,0.18915245510627812,0.07692400915289678
921,0.0,0.1772043101738961,0.07088150727903564,0.07229116030121648,0.15174829533733888,0.043440701089627255,0.03943121034286506,0.04760366743068186,0.1320206151269935,0.18689125558477362,0.07848727733361598
922,0.0,0.1758433582597314,0.07114060117619948,0.07385313429121428,0.15063094268759972,0.04448101201698263,0.03949197712888516,0.04746982378237901,0.1324224689817874,0.18455525128916284,0.0801114303861025
923,0.0,0.17449219939440264,0.07135898617371611,0.07547693698020118,0.14943712452709887,0.04557330384909927,0.03955051884380513,0.047326968564997615,0.13284445169425693,0.18214365415810063,0.08179585581436605
924,0.0,0.17315381521155132,0.07153391467999737,0.07716128220692012,0.14816858708595793,0.0467159892573845,0.03960784061658048,0.0471751640040269,0.13328769060897053,0.1796560030984306,0.08353971323022472
925,0.0,0.17183110523021017,0.07166283293982338,0.07890468334415368,0.14682723201315911,0.047907388319549916,0.03966494466784937,0.04701457380172982,0.13375313403361416,0.17709218166287274,0.08534192398708217
926,0.0,0.17052687522712878,0.07174339739299468,0.08070544858402756,0.14541511484128825,0.049145733133973024,0.03972282427532001,0.046845469015694266,0.13424154149499137,0.17445243424578366,0.08720116178884292
927,0.0,0.1692438259564416,0.07177349029414859,0.08256167694285202,0.1439344429176525,0.05042917269039635,0.039782457844861355,0.0466682334010847,0.13475347492460013,0.17173738066380875,0.08911584436419853
928,0.0,0.16798454227469034,0.07175123450023735,0.08447125503276631,0.14238757279387823,0.051755777977438806,0.03984480312570706,0.04648336816482791,0.13528929084334204,0.1689480289950888,0.0910841262920678
929,0.0,0.166751482728012,0.0716750073348292,0.08643185464450578,0.14077700706867005,0.05312354730600245,0.03991079160771915,0.04629149608262226,0.1358491336103637,0.16608578655841855,0.09310389305890156
930,0.0,0.16554696965677948,0.0715434534415915,0.08844093118235197,0.139105390681078,0.054530411826368,0.039981323137939576,0.04609336493269268,0.13643292979599253,0.16315246892235957,0.09517275642289133
931,0.0,0.16437317987115227,0.07135549654303255,0.09049572298876891,0.13737550665435097,0.055974241215595744,0.040057260792686324,0.04588985020360801,0.13704038373323849,0.16015030684373904,0.09728805115387247
932,0.0,0.16323213594885766,0.07111035002481031,0.09259325159238513,0.1355902712932461,0.05745284951079317,0.040139426040227015,0.04568195703722068,0.1376709742964034,0.15708195104518108,0.09944683321092042
933,0.0,0.16212569820409198,0.0708075262706391,0.09473032290886986,0.13375272884049574,0.058964001062885935,0.04022859422759158,0.045470821371862376,0.1383239529490114,0.15395047475226495,0.10164587941233205
934,0.0,0.16105555737370492,0.07044684467802875,0.09690352941989477,0.13186604560098625,0.060505416584741525,0.04032549042337003,0.04525771025531401,0.13899834309657053,0.1507593739225332,0.1038816886449011
935,0.0,0.16002322806383207,0.0700284382907461,0.0991092533507829,0.12993350354506927,0.06207477926685358,0.040430785646390924,0.04504402130174279,0.13969294077263045,0.14751256511082037,0.10615048465117662
936,0.0,0.15755099647737048,0.06872814520146765,0.10449432674872729,0.12515409269724384,0.06635523184064884,0.04049696626801538,0.04500542999444065,0.14157176727213888,0.1378101776155004,0.1128328658844918
937,0.0,0.156699401171957,0.06806917741179713,0.10679666097648648,0.12308729443668222,0.06800763678968398,0.040643755364627894,0.044778491949254325,0.1423341843055045,0.1344162904900132,0.11516710710403864
938,0.0,0.1558904431783038,0.0673564811065107,0.10911363184509434,0.12099008506758961,0.06967704912743704,0.040801853194983154,0.04455784693295932,0.1431080204813446,0.1309907805022519,0.11751380856357085
939,0.0,0.1551244840237731,0.06659211541861475,0.11144054440251674,0.11886621066848241,0.07136105455912053,0.040971586003612115,0.044345608078941584,0.14389084019400447,0.12753965954448818,0.11986789710649158
940,0.0,0.15440168629004442,0.06577846118675529,0.11377253717828645,0.11671948139453948,0.07305724107230233,0.04115321024100173,0.04414399549554931,0.14468001953962914,0.12406928521074866,0.12222408239118865
941,0.0,0.15372201414007966,0.06491821534428795,0.11610459303586343,0.11455376198247219,0.0747632046369508,0.04134691240047396,0.04395532885728011,0.14547275732602039,0.12058634090988846,0.1245768713667286
942,0.0,0.1530852348210719,0.06401438365599364,0.11843155099624557,0.1123729619368454,0.07647655474188039,0.041552809392791705,0.043782019135048325,0.14626608734124366,0.11709781369436299,0.12692058428456207
943,0.0,0.1524909211457936,0.06307027181086643,0.12074811900318945,0.11018102543303665,0.07819491974303024,0.04177094946017992,0.043626559493689605,0.14705689183299384,0.1136109698805188,0.1292493721967472
944,0.0,0.15193845494984504,0.06208947488793186,0.12304888759498449,0.10798192097398074,0.07991595200007029,0.04200131362782113,0.04349151539075779,0.14784191614273615,0.11013332855044672,0.13155723588147156
945,0.0,0.15142703151733375,0.06107586522062598,0.12532834444239638,0.10577963083963522,0.08163733277904664,0.04224381768720798,0.04337951391647265,0.14861778443085089,0.10667263303936714,0.13383804612710937
946,0.0,0.15095566496252794,0.06003357869382667,0.12758088970719075,0.10357814036970754,0.08335677690013966,0.04249831470203287,0.043293232420351685,0.1493810164214559,0.10323682052605455,0.1360855652967583
947,0.0,0.15052319455002977,0.05896699951613739,0.12980085217059856,0.10138142712159319,0.08507203711111523,0.04276459802359023,0.043235386475562784,0.15012804508833685,0.09983398985687307,0.1382934700862089
948,0.0,0.15012829193105431,0.05788074351843161,0.13198250607621173,0.09919344994667625,0.08678090816868242,0.0430424047989855,0.043208717237332044,0.1508552351964988,0.09647236774649671,0.14045537537967664
949,0.0,0.14951120454917155,0.055599300754488504,0.13617243509831184,0.09479236880187955,0.09035916343711169,0.04368417107145079,0.04330766043197327,0.15219721650676934,0.08944036241801175,0.1449361169308779
950,0.0,0.14924618493615274,0.05445835430505661,0.13821175855178927,0.09265384966824568,0.09203327931193218,0.04400165266001781,0.043370571349623896,0.1528420098872761,0.08627441244490021,0.14690792688505183
951,0.0,0.14901156294919293,0.053318597896509695,0.14018998764043722,0.09053910861061706,0.09369250399398968,0.04432942505705417,0.04347535867685108,0.15345150514091646,0.08318322478836605,0.14880872524611208
952,0.0,0.1488052472828102,0.05218559641719773,0.1421013793538858,0.08845183234753935,0.09533490200953769,0.044666987631219304,0.04362472416267579,0.15402201362627577,0.08017505117990055,0.15063226598900428
953,0.0,0.1486250413042794,0.05106501729025113,0.143940247834479,0.08639562568946019,0.09695859746581748,0.045013812597548254,0.04382130997285556,0.15454990440559171,0.0772580456897709,0.1523723977499928
954,0.0,0.14846865588865357,0.04996260525687186,0.1457009843525663,0.08437400137017516,0.09856177570366405,0.04536935129301184,0.04406768365045363,0.15503162596552808,0.07444022471714394,0.15402309180197818
955,0.0,0.14833372281798052,0.04888415637673995,0.14737807740974862,0.08239037015238149,0.10014268458872876,0.0457330406903181,0.04436632307878478,0.1554637279109325,0.07172942684309853,0.15557847013133344
956,0.0,0.14821780868245799,0.04783549136123632,0.14896613288327681,0.08044803125069078,0.10169963544265581,0.04610431010487229,0.0447196015360628,0.15584288250632625,0.0691332727631059,0.15703283346936192
957,0.0,0.14811842921801724,0.04682242836014081,0.15045989412316244,0.07855016311431973,0.10323100361787196,0.04648258804768125,0.04512977293244712,0.15616590593867313,0.06665912551856908,0.15838068912916412
958,0.0,0.1480330640118722,0.0458507553268684,0.15185426191235146,0.07669981461031124,0.10473522872195919,0.04686730917512936,0.04559895732102744,0.1564297791745074,0.0643140512487908,0.15961677849722938
959,0.0,0.1479591715049366,0.0449262020911223,0.15314431419954283,0.07489989664654366,0.10621081449986827,0.04725792128498564,0.046129126774578394,0.15663166828477937,0.06210478068524524,0.16073610402844468
960,0.0,0.14789420421771102,0.044054412271047075,0.15432532551391745,0.07315317427197182,0.10765632838448001,0.047653892306741115,0.04672209171965032,0.15676894411180975,0.06003767160925163,0.16173395559346676
961,0.0,0.14783562412429307,0.04324091515953235,0.15539278597118586,0.07146225928951477,0.10907040072821575,0.048054717233433276,0.04737948781872757,0.1568392011545385,0.05811867249207084,0.16260593602853513
962,0.0,0.14778091809757946,0.042491097721227444,0.1563424197809658,0.06982960341477729,0.11045172373052316,0.04845992494150683,0.048102763489779515,0.1568402755508068,0.05635328753306457,0.16334798573981638
963,0.0,0.1477276133475221,0.04181017683806252,0.15717020316657002,0.06825749201136998,0.1117990500781044,0.04886908484499152,0.04889316815054551,0.1567702620387274,0.05474654330687737,0.1639564062172764
964,0.0,0.14767329277347996,0.04120317194161824,0.15787238160981742,0.06674803843099412,0.11311119131669549,0.04928181333036259,0.04975174127234058,0.156627529783259,0.05330295722463324,0.16442788231684657
965,0.0,0.14761561015128621,0.0406748781705333,0.15844548633547256,0.06530317898369041,0.11438701597503415,0.04969777991888753,0.0506793023250445,0.15641073695889876,0.052026508006899695,0.16475950317430016
966,0.0,0.14755230507562667,0.04022984019028037,0.15888634995236756,0.06392466856073523,0.11562544746335597,0.05011671310406299,0.05167644169125428,0.1561188439849284,0.05092060835769513,0.16494878161974083
967,0.0,0.14748121757871213,0.039872326811073874,0.1591921211711549,0.06261407692961493,0.11682546177032216,0.050538405812905474,0.05274351262335211,0.15575112531585794,0.0499880800191271,0.1649936719679269
968,0.0,0.1474003023470199,0.03960630653739597,0.1593602785219694,0.06137278571733675,0.11798608498369301,0.05096272044138099,0.05388062431248147,0.15530717969660135,0.049231131375403026,0.1648925860667656
969,0.0,0.1473076424590824,0.03943542417964858,0.15938864299903363,0.06020198609506019,0.11910639066131298,0.05138959341613658,0.05508763613315558,0.15478693879943256,0.04865133776299002,0.16464440749419504
970,0.0,0.1472014625689087,0.03936297865476264,0.15927538956339782,0.05910267717367428,0.12018549708004644,0.051819039236927274,0.056364153121466656,0.1541906741679003,0.04824962463068688,0.16424850380227662
971,0.0,0.14708014146163723,0.03939190209823693,0.15901905743956044,0.058075665116520875,0.12122256439120187,0.05225115395670575,0.0577095227386487,0.1535190024015617,0.04802625367936098,0.1637047367166132
972,0.0,0.14694222391042244,0.03952474040505213,0.15861855914663067,0.05712156297199128,0.12221679171168488,0.05268611805925017,0.05912283296509953,0.15277288852460144,0.04798081209618061,0.16301347020913473
973,0.0,0.1467864317663539,0.03976363531122918,0.15807318820996244,0.05624079122522368,0.12316741418062913,0.05312419869743449,0.060602911762925635,0.15195364749107795,0.04811220498240522,0.16217557637280627
974,0.0,0.1466116742163751,0.04011030812150122,0.15738262550477797,0.0554335790646193,0.12407370001155951,0.053565751258781456,0.06214832793766818,0.1510629437896326,0.0484186510572752,0.16119243903785743
975,0.0,0.14641705714770267,0.04056604518166726,0.15654694418918275,0.05469996635539792,0.1249349475702405,0.05401122022876326,0.06375739342214307,0.15010278912095837,0.048897681703352985,0.1600659550806393
976,0.0,0.14620189156112962,0.041131685186728044,0.15556661319012777,0.05403980630894579,0.1257504825082488,0.05446113932641063,0.06542816699732047,0.1490755381320931,0.049546143400906094,0.15879853338813782
977,0.0,0.1459657009798094,0.04180760840789925,0.15444249921226558,0.053452768833292585,0.1265196549819886,0.05491613089113521,0.0671584594569271,0.14798388220261727,0.0503602035806868,0.1573930914534263
978,0.0,0.14570822780464487,0.04259372791309364,0.15317586724624344,0.052938344546707636,0.127241836986328,0.05537690450424057,0.06894584021402017,0.14683084128903895,0.05133535990585765,0.15585304958987334
979,0.0,0.14542943857222562,0.04348948284649998,0.15176837955975203,0.052495849433146564,0.12791641983128854,0.055844254833368696,0.07078764533920712,0.14561975384496975,0.05246645297494084,0.15418232276464916
980,0.0,0.14512952807634713,0.04449383382350401,0.15022209316156024,0.05212443011512996,0.1285428117892645,0.05631905869307376,0.07268098701151676,0.14435426484607583,0.053747682418643125,0.152385310064933
981,0.0,0.14480892231948153,0.045605260487441644,0.14853945573578542,0.05182306971660971,0.1291204359390848,0.05680227131980662,0.07462276435421866,0.14303831196015085,0.05517262634433631,0.150466881823133
982,0.0,0.14446828026612693,0.04682176126459197,0.14672330005073878,0.051590594285497206,0.12964872823187001,0.0572949218648005,0.07660967561918788,0.1416761099139476,0.05673426406296848,0.14843236444031924
983,0.0,0.14410849437571482,0.048140855343457654,0.1447768368538122,0.05142567974280384,0.1301271358020843,0.05779810811364086,0.07863823167477883,0.14027213311954062,0.05842500201435785,0.14628752295985764
984,0.0,0.14373068989867324,0.04955958689379361,0.14270364627099003,0.051326859322797166,0.13055511554543955,0.0583129904466479,0.08070477074365297,0.13883109663391496,0.06023670278828944,0.14403854145584982
985,0.0,0.1425990622268158,0.052977057428994,0.13807284238254802,0.05164137851491084,0.13116672903648005,0.05916485359398972,0.08515712617096967,0.13568928825297633,0.06405861485298549,0.13947304753937909
986,0.0,0.14216749001154896,0.05467088749952583,0.1356507811182524,0.05172529667868313,0.1314424414691867,0.0597233498235827,0.08732524206519292,0.13417996762533385,0.06617066778579368,0.1369438759229488
987,0.0,0.14172550139556853,0.05644687756325647,0.1331199050776231,0.0518682831052737,0.13166554355500135,0.0602990336903031,0.0895150648746013,0.13265444230101364,0.06836701741622664,0.13433833102118112
988,0.0,0.14127532868268206,0.05829984387904726,0.13048546090806568,0.05206828142137992,0.13183552241166252,0.06089328608647798,0.09172233150305606,0.1311182447205041,0.07063732559001659,0.13166437479715692
989,0.0,0.1408194039225016,0.060224203192397394,0.12775298297063875,0.05232314465819861,0.1319518735845564,0.06150749860599101,0.09394271788102222,0.12957700375841433,0.07297093877054084,0.128930232655788
990,0.0,0.1403603496390809,0.06221399211189972,0.12492827536851447,0.05263064498856551,0.132014101933004,0.062143062991848796,0.09617186021860201,0.1280364170715297,0.07535693458476436,0.12614436109223973
991,0.0,0.13990096842338487,0.0642628884466124,0.12201739287472328,0.05298848360662859,0.1320217228725991,0.06280136012924699,0.09840537680120824,0.12650222271619507,0.07778417006180756,0.12331541406764332
992,0.0,0.1394442314287544,0.06636423442349082,0.11902662083578325,0.053394300701363105,0.13197426397325857,0.06348374864311368,0.10063889021196758,0.12498017018607387,0.08024133132460483,0.12045220827163945
993,0.0,0.13899326581438784,0.06851106169420827,0.11596245413295335,0.053845685475038006,0.13187126690978498,0.06419155316310736,0.10286804986041431,0.12347599102662382,0.08271698448517459,0.11756368743835705
994,0.0,0.1385033889058618,0.07166900259160111,0.11126150490622393,0.054439578836197974,0.13165824189410136,0.065385124753672,0.10613323994338138,0.12139578144606288,0.08647786623705281,0.1130762704858944
995,0.0,0.1380833198729318,0.07390065010564674,0.10803902066254883,0.05499789164270524,0.13141402241970956,0.06616037487210981,0.10832821551737004,0.11995462441833118,0.08895224659444659,0.11016963389424987
996,0.0,0.137680629433843,0.07615177698944223,0.10476716782485053,0.05559305058880339,0.13111286709437614,0.06696502270331228,0.11050420537608337,0.1185509921458254,0.09140469978937849,0.10726958805413497
997,0.0,0.13729897373366454,0.07841435734108491,0.1014531074225272,0.056222537844703456,0.13075441694127976,0.06780008153946367,0.11265725640899832,0.11719019314695792,0.0938239131349188,0.10438516248645129
998,0.0,0.13694208065300323,0.08068021787206552,0.098104081801383,0.0568838384729818,0.1303383433713239,0.06866646395332744,0.11478356593071452,0.1158773556530628,0.09619874413995921,0.10152530815222849
999,0.0,0.13661373184521697,0.08294107177727676,0.09472738973170963,0.05757444956608128,0.1298643521468035,0.06956496966420145,0.11687950310614147,0.11461739942577594,0.09851827258620012,0.09869886015064265
1000,0.0,0.13631774422018192,0.08518855345120643,0.0913303613084307,0.058291889081669025,0.12933218758455967,0.07049627363372582,0.11894162970334139,0.1134150084031783,0.10077185176295807,0.09591450085079851
