time_step,avg_weight,std_weight,num_strings,kept_norm,total_norm
0,1.0,0.0,1,1.0,1.0
1,1.000438584955845,0.02094012400351503,16,1.0,1.0
2,1.0017534744920944,0.04185271645402426,39,1.0000000000000002,1.0000000000000002
3,1.003942075776232,0.06271036654174639,41,0.9999999999999996,0.9999999999999996
4,1.0070000779443764,0.08348590450277202,41,0.9999999999999992,0.9999999999999998
5,1.0109214678373093,0.10415252104137546,53,1.0,1.0
6,1.015698551932262,0.12468388543268806,57,0.9999999999999993,0.9999999999999993
7,1.0213219843724213,0.14505426186889903,57,0.9999999999999994,0.9999999999999999
8,1.0277808009689273,0.16523862361380898,61,0.9999999999999993,0.9999999999999993
9,1.0350624590235535,0.18521276453275207,61,0.9999999999999984,0.9999999999999993
10,1.043152882794523,0.2049534075683389,71,0.9999999999999984,0.9999999999999986
11,1.0520365144028878,0.2244383097344731,73,0.9999999999999968,0.9999999999999976
12,1.0616963699531148,0.2436463632050948,81,0.9999999999999972,0.9999999999999972
13,1.07769162132141,0.27201719097374266,81,0.999999999999997,0.9999999999999971
14,1.0892061453835202,0.2904312607923076,81,0.9999999999999966,0.9999999999999967
15,1.1014270346931196,0.3085070298568132,81,0.9999999999999962,0.9999999999999969
16,1.1143317106500452,0.3262292477442521,87,0.999999999999995,0.9999999999999958
17,1.1278965583939178,0.34358435270808824,93,0.9999999999999947,0.9999999999999956
18,1.1420970098429726,0.360560513960118,101,0.999999999999994,0.999999999999994
19,1.1569076296162821,0.3771476740876078,101,0.9999999999999934,0.9999999999999936
20,1.1723022034650628,0.3933375887621852,101,0.9999999999999927,0.9999999999999931
21,1.1882538288291986,0.4091238618025926,105,0.9999999999999926,0.999999999999993
22,1.2313194620176464,0.4471011019511419,116,0.9999999999999925,0.9999999999999929
23,1.2489359624290697,0.46133023455015676,117,0.999999999999992,0.9999999999999925
24,1.2669809220157133,0.4751602866499268,119,0.9999999999999913,0.9999999999999918
25,1.285425392442905,0.4885945373409629,121,0.9999999999999906,0.9999999999999908
26,1.3042403517658174,0.5016382706186042,121,0.9999999999999906,0.9999999999999912
27,1.3233967980630157,0.5142987254658632,125,0.9999999999999901,0.9999999999999908
28,1.3428658418139165,0.5265850392107564,133,0.9999999999999886,0.9999999999999887
29,1.36261879664176,0.5385081829472759,133,0.9999999999999895,0.9999999999999897
30,1.382627268054049,0.5500808880976567,133,0.9999999999999879,0.999999999999988
31,1.402863239824368,0.561317563431538,133,0.9999999999999881,0.9999999999999883
32,1.4232991576732146,0.5722342020658068,133,0.9999999999999867,0.9999999999999877
33,1.4439080099206736,0.5828482781604696,141,0.9999999999999857,0.9999999999999865
34,1.4752062926049652,0.5980077273548144,155,0.9999999999999872,0.9999999999999875
35,1.5170222839597538,0.6181648659646662,159,0.9999999999999858,0.999999999999986
36,1.5381300283820758,0.6276795768121001,159,0.9999999999999861,0.9999999999999863
37,1.559275391914805,0.6370064823508573,159,0.9999999999999862,0.9999999999999865
38,1.5804365618506588,0.6461695752957636,159,0.9999999999999852,0.9999999999999858
39,1.6015927482537815,0.6551932464563905,163,0.9999999999999852,0.9999999999999856
40,1.6227242284489765,0.6641021101536676,165,0.999999999999984,0.9999999999999843
41,1.6438123863742955,0.6729208261552806,167,0.9999999999999835,0.9999999999999841
42,1.664839746698362,0.6816739199146515,171,0.9999999999999829,0.9999999999999833
43,1.6857900036293774,0.6903856030488154,171,0.9999999999999826,0.999999999999983
44,1.7066480443684773,0.6990795961086718,173,0.9999999999999816,0.9999999999999822
45,1.727399967185754,0.7077789557731056,179,0.9999999999999812,0.9999999999999812
46,1.7480330941228315,0.7165059086301692,179,0.9999999999999801,0.9999999999999808
47,1.7685359783511858,0.7252816936882863,181,0.9999999999999812,0.9999999999999819
48,1.7994319966938077,0.7388436705918524,188,0.99999999999998,0.9999999999999802
49,1.8195907522854284,0.7478152947199276,188,0.999999999999981,0.9999999999999811
50,1.8395887600657597,0.7568999294330345,188,0.999999999999981,0.9999999999999813
51,1.8594200412324207,0.7661128253110272,191,0.9999999999999806,0.9999999999999806
52,1.8975357539240687,0.7846791088726105,191,0.9999999999999803,0.9999999999999803
53,1.9167895673126754,0.7943767097466622,191,0.9999999999999806,0.9999999999999807
54,1.9358648051143703,0.8042473551932015,191,0.9999999999999805,0.9999999999999805
55,1.95476114523382,0.8142976561738854,191,0.9999999999999813,0.9999999999999813
56,1.9734792776842698,0.8245325061700045,191,0.9999999999999807,0.9999999999999807
57,1.9920208599440987,0.8349551139624125,191,0.9999999999999806,0.9999999999999806
58,2.0103884691747393,0.8455670520874077,191,0.9999999999999793,0.9999999999999796
59,2.0369105960107623,0.8619679235453451,194,0.9999999999999788,0.9999999999999791
60,2.054824216644915,0.8730620883374793,195,0.9999999999999787,0.9999999999999787
61,2.0725799700029706,0.8843392056396415,195,0.9999999999999785,0.9999999999999785
62,2.0901839370430286,0.8957943387956271,195,0.9999999999999793,0.9999999999999793
63,2.107642811237114,0.9074213972571593,195,0.9999999999999788,0.999999999999979
64,2.1249638376812556,0.9192132467211886,195,0.9999999999999798,0.9999999999999802
65,2.142154751383084,0.9311618221484057,195,0.9999999999999789,0.9999999999999793
66,2.159223715045302,0.9432582421149255,195,0.9999999999999775,0.9999999999999779
67,2.17617925666047,0.9554929230861888,195,0.9999999999999782,0.9999999999999787
68,2.193030207228138,0.9678556923539264,199,0.9999999999999781,0.9999999999999781
69,2.2097856388993042,0.9803358985369429,199,0.9999999999999775,0.9999999999999775
70,2.226454803845738,0.9929225187090368,199,0.9999999999999782,0.9999999999999782
71,2.2430470741427007,1.0056042613769967,199,0.9999999999999776,0.9999999999999776
72,2.2595718829433196,1.0183696646848615,199,0.9999999999999777,0.9999999999999777
73,2.2760386672112425,1.031207189363818,199,0.9999999999999781,0.9999999999999781
74,2.2924568122653426,1.044105306078144,199,0.9999999999999796,0.9999999999999796
75,2.3088355983762545,1.0570525769348929,199,0.9999999999999792,0.9999999999999792
76,2.3251841496394956,1.0700377310277656,199,0.9999999999999781,0.9999999999999781
77,2.341511385333882,1.083049733973631,199,0.9999999999999793,0.9999999999999793
78,2.3578259739571226,1.0960778514737095,199,0.9999999999999792,0.9999999999999792
79,2.374136290112826,1.1091117069912175,199,0.9999999999999791,0.9999999999999791
80,2.3904503744048506,1.1221413336842525,199,0.9999999999999789,0.9999999999999789
81,2.4067758964761556,1.1351572207680136,199,0.9999999999999793,0.9999999999999793
82,2.423120121309958,1.1481503545054117,199,0.9999999999999789,0.999999999999979
83,2.4394898788914756,1.161112254041039,199,0.9999999999999799,0.99999999999998
84,2.455891537308662,1.1740350023016812,199,0.9999999999999792,0.9999999999999793
85,2.47233097935044,1.1869112721884016,199,0.9999999999999795,0.9999999999999796
86,2.4888135826410265,1.1997343482819058,199,0.9999999999999784,0.9999999999999785
87,2.505344203329082,1.2124981442755947,200,0.9999999999999788,0.9999999999999788
88,2.521927163330896,1.2251972163405032,200,0.9999999999999796,0.9999999999999796
89,2.538566241107498,1.237826772614162,200,0.999999999999979,0.999999999999979
90,2.5552646659367513,1.2503826789921078,200,0.999999999999979,0.999999999999979
91,2.572025115623198,1.2628614613871794,200,0.9999999999999787,0.9999999999999787
92,2.5888497175706826,1.2752603046083946,200,0.9999999999999792,0.9999999999999792
93,2.6057400531257997,1.2875770479987168,200,0.9999999999999797,0.9999999999999797
94,2.622697165084038,1.2998101779598619,200,0.9999999999999799,0.9999999999999799
95,2.6397215682351005,1.311958817482768,200,0.9999999999999803,0.9999999999999803
96,2.656813262809552,1.324022712794822,200,0.99999999999998,0.99999999999998
97,2.6739717506755256,1.3360022172295247,200,0.9999999999999805,0.9999999999999805
98,2.6911960541219133,1.3478982724211974,200,0.9999999999999793,0.9999999999999793
99,2.7084847370533165,1.359712386926581,200,0.9999999999999801,0.9999999999999801
100,2.7258359284119527,1.3714466123768068,200,0.9999999999999797,0.9999999999999797
101,2.743247347632983,1.3831035172671267,200,0.9999999999999797,0.9999999999999797
102,2.7607163319321013,1.3946861584979053,200,0.9999999999999801,0.9999999999999801
103,2.7782398652179547,1.4061980507884797,200,0.99999999999998,0.99999999999998
104,2.7958146084169577,1.4176431340954252,200,0.9999999999999806,0.9999999999999806
105,2.8134369309943215,1.4290257391782177,200,0.9999999999999795,0.9999999999999795
106,2.8311029434527,1.4403505514680042,199,0.9999999999999803,0.9999999999999803
107,2.848808530588725,1.4516225734088095,200,0.99999999999998,0.99999999999998
108,2.8665493852878123,1.4628470854547138,200,0.9999999999999803,0.9999999999999803
109,2.8843210426390584,1.4740296059208893,200,0.999999999999981,0.999999999999981
110,2.9021189141546104,1.4851758499005718,200,0.9999999999999799,0.9999999999999799
111,2.9199383218817707,1.4962916874735916,200,0.9999999999999812,0.9999999999999812
112,2.937774532201005,1.5073831014446493,200,0.9999999999999809,0.9999999999999809
113,2.9556227891091753,1.5184561448606957,200,0.9999999999999807,0.9999999999999807
114,2.9734783467943773,1.5295168985661798,200,0.999999999999982,0.999999999999982
115,2.9913365013169595,1.5405714290622414,200,0.9999999999999812,0.9999999999999812
116,3.0091926212203477,1.5516257469408277,200,0.9999999999999815,0.9999999999999815
117,3.0362168856064184,1.568061664926679,200,0.999999999999981,0.999999999999981
118,3.054056454344935,1.5791244734469925,200,0.999999999999982,0.999999999999982
119,3.071878848287879,1.590207125121711,200,0.9999999999999809,0.9999999999999809
120,3.08968008179378,1.6013149195394043,200,0.9999999999999817,0.9999999999999817
121,3.1074563841992844,1.6124528943992507,200,0.9999999999999811,0.9999999999999811
122,3.1252042199914127,1.623625794026384,200,0.9999999999999812,0.9999999999999812
123,3.142920306950304,1.6348380403551535,200,0.9999999999999816,0.9999999999999816
124,3.160601632190323,1.6460937065744143,200,0.9999999999999821,0.9999999999999821
125,3.1874362289817877,1.6628176720217795,200,0.9999999999999818,0.9999999999999818
126,3.2050200776925446,1.6741806569372055,200,0.9999999999999818,0.9999999999999818
127,3.222560942189337,1.6855985444405102,200,0.9999999999999825,0.9999999999999825
128,3.2400571458163197,1.6970736060961096,200,0.9999999999999818,0.9999999999999818
129,3.2575073303600863,1.7086076733638638,200,0.9999999999999817,0.9999999999999817
130,3.2749104576887147,1.720202131437447,200,0.9999999999999835,0.9999999999999835
131,3.292265809196644,1.7318579163616128,200,0.9999999999999825,0.9999999999999825
132,3.30957298310068,1.7435755153861254,200,0.9999999999999822,0.9999999999999822
133,3.3268318896447804,1.7553549704856424,200,0.9999999999999825,0.9999999999999825
134,3.379708752202442,1.7902829337768746,200,0.9999999999999823,0.9999999999999823
135,3.405452466864212,1.8082196460327822,200,0.9999999999999822,0.9999999999999822
136,3.4223533081777155,1.8202300488984606,200,0.9999999999999825,0.9999999999999825
137,3.439213354567561,1.8322945587850423,200,0.9999999999999823,0.9999999999999823
138,3.456034505805243,1.844410211158769,200,0.9999999999999825,0.9999999999999825
139,3.4728188609036232,1.856573736004247,200,0.9999999999999823,0.9999999999999823
140,3.506499694461213,1.881146109807589,200,0.9999999999999825,0.9999999999999825
141,3.523101610476372,1.8933823452845102,200,0.9999999999999825,0.9999999999999825
142,3.5396779142127515,1.9056515573689379,200,0.9999999999999828,0.9999999999999828
143,3.556231400855168,1.9179492945287235,200,0.9999999999999831,0.9999999999999831
144,3.5727649335038354,1.9302709714047621,200,0.9999999999999833,0.9999999999999833
145,3.5892814200081915,1.9426118983530776,200,0.9999999999999838,0.9999999999999838
146,3.6057837897827985,1.9549673107939103,200,0.9999999999999838,0.9999999999999838
147,3.6222749707505155,1.9673323981630206,200,0.9999999999999842,0.9999999999999842
148,3.6387578665547484,1.9797023322718383,200,0.9999999999999841,0.9999999999999841
149,3.6552353341783723,1.9920722948953888,200,0.999999999999984,0.999999999999984
150,3.6717101621018857,2.004437504419866,200,0.9999999999999826,0.9999999999999826
151,3.6881850491276245,2.0167932413951117,200,0.9999999999999846,0.9999999999999846
152,3.7046625839903946,2.029134872850958,200,0.9999999999999845,0.9999999999999845
153,3.721145225867848,2.041457875250185,200,0.9999999999999841,0.9999999999999841
154,3.7455678571466455,2.0600016501872966,200,0.9999999999999848,0.9999999999999848
155,3.762026018142077,2.072237417407336,200,0.9999999999999838,0.9999999999999838
156,3.77849742882552,2.084439909048477,200,0.9999999999999836,0.9999999999999836
157,3.7949837591773172,2.096605312978611,200,0.9999999999999838,0.9999999999999838
158,3.81148646157485,2.1087300261898227,200,0.9999999999999843,0.9999999999999843
159,3.8280067593311724,2.1208106667075586,200,0.9999999999999837,0.9999999999999837
160,3.8445456367128434,2.1328440836025524,200,0.9999999999999849,0.9999999999999849
161,3.861103830472659,2.144827365087352,200,0.9999999999999846,0.9999999999999846
162,3.877681822922863,2.1567578446902496,200,0.9999999999999846,0.9999999999999846
163,3.8942798365642854,2.1686331055100205,200,0.9999999999999845,0.9999999999999845
164,3.910897830276853,2.1804509825650897,200,0.9999999999999852,0.9999999999999852
165,3.927535497067012,2.19220956326055,200,0.9999999999999851,0.9999999999999851
166,3.9441922633579516,2.203907186005994,200,0.9999999999999842,0.9999999999999842
167,3.96086728979912,2.2155424370262584,200,0.9999999999999853,0.9999999999999853
168,3.977559473562434,2.227114145416066,200,0.9999999999999857,0.9999999999999857
169,3.994267452083904,2.238621376498117,200,0.9999999999999855,0.9999999999999855
170,4.010989608201124,2.250063423552461,200,0.9999999999999855,0.9999999999999855
171,4.027724076629269,2.261439797992998,200,0.9999999999999856,0.9999999999999856
172,4.044468751710994,2.272750218074646,200,0.9999999999999855,0.9999999999999855
173,4.061221296368881,2.283994596222137,200,0.9999999999999852,0.9999999999999852
174,4.077979152182984,2.295173025078464,200,0.9999999999999863,0.9999999999999863
175,4.094739550510471,2.3062857623777506,200,0.9999999999999853,0.9999999999999853
176,4.111499524559575,2.3173332147536105,200,0.9999999999999858,0.9999999999999858
177,4.128255922325787,2.3283159206000033,200,0.9999999999999862,0.9999999999999862
178,4.152499556114016,2.3447147785873943,200,0.9999999999999862,0.9999999999999862
179,4.169199131148915,2.3555171054230493,200,0.9999999999999869,0.9999999999999869
180,4.185883716809015,2.3662570033104093,200,0.9999999999999867,0.9999999999999867
181,4.202549498045414,2.37693537471624,200,0.9999999999999863,0.9999999999999863
182,4.219192555605886,2.387553150376156,200,0.9999999999999853,0.9999999999999853
183,4.235808882207463,2.3981112691203603,200,0.9999999999999858,0.9999999999999858
184,4.252394398821463,2.4086106577539184,200,0.9999999999999869,0.9999999999999869
185,4.268944970971242,2.419052211133548,200,0.999999999999986,0.999999999999986
186,4.285456424945199,2.429436772582057,200,0.9999999999999875,0.9999999999999875
187,4.3019245638305,2.439765114779747,200,0.9999999999999871,0.9999999999999871
188,4.318345183276491,2.450037921269316,200,0.9999999999999867,0.9999999999999867
189,4.334714086900817,2.4602557687069897,200,0.9999999999999861,0.9999999999999861
190,4.351027101255797,2.4704191099878536,200,0.9999999999999865,0.9999999999999865
191,4.367280090277667,2.4805282583675536,200,0.9999999999999863,0.9999999999999863
192,4.383468969146746,2.4905833726958533,200,0.9999999999999869,0.9999999999999869
193,4.399589717492405,2.5005844438698226,200,0.9999999999999865,0.9999999999999865
194,4.415638391882927,2.5105312826059727,200,0.9999999999999873,0.9999999999999873
195,4.43161113754679,2.5204235086212576,200,0.9999999999999868,0.9999999999999868
196,4.447504199278609,2.5302605413028276,200,0.9999999999999869,0.9999999999999869
197,4.463313931489903,2.5400415919356703,200,0.9999999999999871,0.9999999999999871
198,4.479036807371815,2.549765657545999,200,0.9999999999999863,0.9999999999999863
199,4.49466942714409,2.559431516406488,200,0.9999999999999871,0.9999999999999871
200,4.510208525371742,2.5690377252373864,200,0.9999999999999862,0.9999999999999862
201,4.525650977337947,2.5785826181251816,200,0.9999999999999877,0.9999999999999877
202,4.540993804468792,2.5880643071680574,200,0.9999999999999869,0.9999999999999869
203,4.556234178812436,2.5974806848449377,200,0.9999999999999879,0.9999999999999879
204,4.579670025029935,2.6118022253635136,200,0.9999999999999869,0.9999999999999869
205,4.594651575445098,2.6210668979309855,200,0.9999999999999881,0.9999999999999881
206,4.616178541899021,2.634459569358298,200,0.9999999999999876,0.9999999999999876
207,4.630870131278656,2.6435110931200763,200,0.9999999999999883,0.9999999999999883
208,4.645445594767679,2.652480372688111,200,0.9999999999999885,0.9999999999999885
209,4.659903208501631,2.6613639676451064,200,0.9999999999999878,0.9999999999999878
210,4.674241403398316,2.6701582947276834,200,0.9999999999999889,0.9999999999999889
211,4.688458762269615,2.678859643651698,200,0.9999999999999891,0.9999999999999891
212,4.7025540163375394,2.687464194020692,200,0.9999999999999879,0.9999999999999879
213,4.71652604121342,2.695968033206663,200,0.9999999999999885,0.9999999999999885
214,4.730373852401666,2.704367175087158,200,0.9999999999999883,0.9999999999999883
215,4.750404086653545,2.7163675137316337,200,0.999999999999988,0.999999999999988
216,4.763931716262648,2.724465616836978,200,0.9999999999999876,0.9999999999999876
217,4.77733304520733,2.732444851567643,200,0.999999999999988,0.999999999999988
218,4.790607637412495,2.7403011759950577,200,0.9999999999999889,0.9999999999999889
219,4.803755166608032,2.7480305873985444,200,0.9999999999999892,0.9999999999999892
220,4.829012260109042,2.762517057377927,200,0.9999999999999886,0.9999999999999886
221,4.841758297956293,2.769798957762837,200,0.999999999999989,0.999999999999989
222,4.854377664183552,2.7769391735230187,200,0.9999999999999889,0.9999999999999889
223,4.866870465933624,2.78393425335592,200,0.9999999999999896,0.9999999999999896
224,4.8792368862470425,2.790780908223068,200,0.9999999999999891,0.9999999999999891
225,4.891477179083159,2.7974760301076347,200,0.9999999999999893,0.9999999999999893
226,4.903591664658832,2.8040167100073865,200,0.9999999999999892,0.9999999999999892
227,4.91558072514324,2.810400255065202,200,0.9999999999999893,0.9999999999999893
228,4.927444800742416,2.816624204745109,200,0.9999999999999892,0.9999999999999892
229,4.939184386202199,2.822686345967907,200,0.9999999999999896,0.9999999999999896
230,4.95080002775298,2.828584727126808,200,0.9999999999999898,0.9999999999999898
231,4.9622923205142335,2.834317670910135,200,0.9999999999999903,0.9999999999999903
232,4.973661906371349,2.839883785864919,200,0.9999999999999902,0.9999999999999902
233,4.984909472331594,2.8452819766421764,200,0.9999999999999897,0.9999999999999897
234,4.996035749360484,2.850511452871736,200,0.9999999999999896,0.9999999999999896
235,5.007041511694214,2.8555717366216293,200,0.9999999999999898,0.9999999999999898
236,5.017927576618199,2.860462668404294,200,0.9999999999999899,0.9999999999999899
237,5.028694804696373,2.8651844116990985,200,0.9999999999999903,0.9999999999999903
238,5.039344100430584,2.8697374559679654,200,0.9999999999999895,0.9999999999999895
239,5.066226609583896,2.880277812606962,200,0.9999999999999908,0.9999999999999908
240,5.076436016500065,2.884215717784542,200,0.99999999999999,0.99999999999999
241,5.086532793271532,2.8879925681766405,200,0.9999999999999897,0.9999999999999897
242,5.096518091425266,2.891610646378811,200,0.9999999999999908,0.9999999999999908
243,5.106393120124785,2.895072542497232,200,0.9999999999999915,0.9999999999999915
244,5.116159148966002,2.8983811457550783,200,0.9999999999999905,0.9999999999999905
245,5.125817510844486,2.9015396346856974,200,0.9999999999999912,0.9999999999999912
246,5.135369604837624,2.904551465956051,200,0.9999999999999906,0.9999999999999906
247,5.144816899043508,2.907420361870272,200,0.9999999999999911,0.9999999999999911
248,5.159342426076888,2.911779420834992,200,0.9999999999999912,0.9999999999999912
249,5.168519400289282,2.9143040973955996,200,0.9999999999999918,0.9999999999999918
250,5.1775974784736185,2.916701209043196,200,0.9999999999999915,0.9999999999999915
251,5.186578463424924,2.918975481614534,200,0.9999999999999911,0.9999999999999911
252,5.195464239511235,2.9211318170369838,200,0.9999999999999913,0.9999999999999913
253,5.20425677380034,2.9231752738634302,200,0.9999999999999912,0.9999999999999912
254,5.216674659513956,2.925668263175013,200,0.9999999999999908,0.9999999999999908
255,5.225257501775182,2.9274522382010257,200,0.9999999999999923,0.9999999999999923
256,5.233754528391244,2.929141578033982,200,0.999999999999991,0.999999999999991
257,5.242168083052765,2.930741793931049,200,0.999999999999991,0.999999999999991
258,5.254123321534189,2.932731681933001,200,0.9999999999999926,0.9999999999999926
259,5.262350501554533,2.9341300026492525,200,0.9999999999999915,0.9999999999999915
260,5.2705029396866045,2.9354582900837825,200,0.9999999999999922,0.9999999999999922
261,5.278583307941187,2.936722055656934,200,0.9999999999999919,0.9999999999999919
262,5.286594338139757,2.937926747632266,200,0.9999999999999923,0.9999999999999923
263,5.29453881565322,2.9390777289492704,200,0.9999999999999911,0.9999999999999911
264,5.302419572350555,2.9401802554634053,200,0.9999999999999917,0.9999999999999917
265,5.319093622971001,2.9431359583715313,200,0.9999999999999913,0.9999999999999913
266,5.3267765736548185,2.944138590009377,200,0.9999999999999922,0.9999999999999922
267,5.33440749054772,2.9451127732982707,200,0.9999999999999927,0.9999999999999927
268,5.3419893059334065,2.9460629055263037,200,0.9999999999999938,0.9999999999999938
269,5.349524941082447,2.946993161006046,200,0.9999999999999925,0.9999999999999925
270,5.357017294180964,2.947907475079048,200,0.9999999999999926,0.9999999999999926
271,5.364469227692851,2.948809529309247,200,0.9999999999999933,0.9999999999999933
272,5.380640795700531,2.9523083939430506,200,0.9999999999999933,0.9999999999999933
273,5.387957068748743,2.953214696733315,200,0.999999999999993,0.999999999999993
274,5.395243658968755,2.954120704632819,200,0.9999999999999932,0.9999999999999932
275,5.402503045246004,2.955028629266976,200,0.9999999999999929,0.9999999999999929
276,5.4097375876854965,2.955940370203371,200,0.9999999999999943,0.9999999999999943
277,5.416949512891534,2.9568575102059422,200,0.9999999999999944,0.9999999999999944
278,5.427076746613013,2.9572702392137944,200,0.9999999999999954,0.9999999999999954
279,5.434256859565819,2.958194123695287,200,0.9999999999999941,0.9999999999999941
280,5.449881169249821,2.9622014049024945,200,0.999999999999994,0.999999999999994
281,5.45698368738636,2.96317449682929,200,0.9999999999999946,0.9999999999999946
282,5.46695388966192,2.96351560805781,200,0.9999999999999939,0.9999999999999939
283,5.474044005723928,2.9644944955194528,200,0.9999999999999951,0.9999999999999951
284,5.481123198821871,2.9654787764670734,200,0.9999999999999938,0.9999999999999938
285,5.488191602455831,2.9664669493366396,200,0.9999999999999942,0.9999999999999942
286,5.495249076780489,2.9674572452268078,200,0.9999999999999943,0.9999999999999943
287,5.502295200334025,2.9684476407676583,200,0.9999999999999951,0.9999999999999951
288,5.512400857965416,2.968972255258856,200,0.9999999999999953,0.9999999999999953
289,5.519429969033981,2.969943391867214,200,0.9999999999999951,0.9999999999999951
290,5.52644404645259,2.9709060685448407,200,0.9999999999999949,0.9999999999999949
291,5.533441323261827,2.971857300004403,200,0.9999999999999953,0.9999999999999953
292,5.5404197266806605,2.9727939337036515,200,0.9999999999999952,0.9999999999999952
293,5.547376878356739,2.9737126684417046,200,0.9999999999999953,0.9999999999999953
294,5.554310096130516,2.974610073454286,200,0.9999999999999963,0.9999999999999963
295,5.561216397346534,2.975482607900179,200,0.9999999999999958,0.9999999999999958
296,5.568092503737024,2.9763266406305666,200,0.999999999999996,0.999999999999996
297,5.5749348478943865,2.9771384701332035,200,0.9999999999999962,0.9999999999999962
298,5.581739581340369,2.9779143445443044,200,0.9999999999999956,0.9999999999999956
299,5.588502584190747,2.9786504816228163,200,0.9999999999999963,0.9999999999999963
300,5.595219476405098,2.979343088584209,200,0.9999999999999967,0.9999999999999967
301,5.601885630602039,2.9799883816940964,200,0.9999999999999961,0.9999999999999961
302,5.608496186410944,2.980582605525905,200,0.999999999999996,0.999999999999996
303,5.621488738619822,2.9804868984871224,200,0.9999999999999954,0.9999999999999954
304,5.634578489314469,2.9806704002490663,200,0.9999999999999963,0.9999999999999963
305,5.640866454230931,2.980960698374693,200,0.9999999999999964,0.9999999999999964
306,5.647065552637265,2.9811795278079787,200,0.9999999999999967,0.9999999999999967
307,5.653169751316776,2.9813237408086577,200,0.9999999999999962,0.9999999999999962
308,5.6624406137121905,2.981351199741403,200,0.9999999999999971,0.9999999999999971
309,5.668284583126301,2.981303064924419,200,0.9999999999999967,0.9999999999999967
310,5.674012026687496,2.981170567378285,200,0.9999999999999968,0.9999999999999968
311,5.679616785113277,2.980951355184879,200,0.9999999999999969,0.9999999999999969
312,5.685092749280961,2.9806432892153563,200,0.9999999999999983,0.9999999999999983
313,5.690433888250011,2.9802444518183195,200,0.9999999999999973,0.9999999999999973
314,5.695634277469004,2.97975315448611,200,0.9999999999999972,0.9999999999999972
315,5.700688127026449,2.9791679445097534,200,0.9999999999999972,0.9999999999999972
316,5.714102016675058,2.9782745441291247,200,0.999999999999997,0.999999999999997
317,5.718598356235644,2.977389997035334,200,0.9999999999999979,0.9999999999999979
318,5.722923840966038,2.976406896532043,200,0.9999999999999974,0.9999999999999974
319,5.727073866450807,2.9753250832552407,200,0.9999999999999972,0.9999999999999972
320,5.731044139671058,2.974144658118558,200,0.9999999999999974,0.9999999999999974
321,5.734830703095179,2.972865982455358,200,0.9999999999999982,0.9999999999999982
322,5.738429957582754,2.971489677435689,200,0.9999999999999977,0.9999999999999977
323,5.741838683966659,2.9700166228064626,200,0.9999999999999986,0.9999999999999986
324,5.745054063183236,2.968447955003193,200,0.9999999999999978,0.9999999999999978
325,5.748073694826113,2.9667850646807907,200,0.9999999999999986,0.9999999999999986
326,5.752823092506653,2.9648056415183417,200,0.9999999999999981,0.9999999999999981
327,5.755341145536382,2.9629308896051048,200,0.9999999999999983,0.9999999999999983
328,5.757658268042566,2.960967974378168,200,0.9999999999999983,0.9999999999999983
329,5.759774112139298,2.9589193611941615,200,0.9999999999999982,0.9999999999999982
330,5.761688818811587,2.9567877496437265,200,0.999999999999998,0.999999999999998
331,5.763403023749815,2.9545760683329996,200,0.9999999999999986,0.9999999999999986
332,5.764917860922669,2.952287469335497,200,0.9999999999999986,0.9999999999999986
333,5.766234963838969,2.9499253223273594,200,0.9999999999999983,0.9999999999999983
334,5.767356464460118,2.9474932084128747,200,0.9999999999999989,0.9999999999999989
335,5.768284989736523,2.944994913641108,200,0.9999999999999989,0.9999999999999989
336,5.769023655753293,2.942434422208457,200,0.9999999999999992,0.9999999999999992
337,5.769576059482608,2.9398159093361085,200,0.999999999999999,0.999999999999999
338,5.769946268152486,2.937143733805864,200,0.999999999999999,0.999999999999999
339,5.770138806254037,2.9344224301327544,200,0.9999999999999988,0.9999999999999988
340,5.770158640221667,2.9316567003483405,200,1.0,1.0
341,5.770011160833103,2.9288514053647994,200,0.9999999999999991,0.9999999999999991
342,5.769702163388322,2.9260115558868565,200,0.9999999999999994,0.9999999999999994
343,5.76923782573853,2.923142302836499,200,1.0,1.0
344,5.7686246842481905,2.9202489272542245,200,0.9999999999999998,0.9999999999999998
345,5.7678696077845855,2.917336829640487,200,0.9999999999999997,0.9999999999999997
346,5.76497578999168,2.9099159136439656,200,1.0,1.0
347,5.763855657109689,2.906968523587509,200,0.9999999999999992,0.9999999999999992
348,5.762624482157098,2.9040270573664806,200,1.0000000000000004,1.0000000000000004
349,5.761290333303456,2.901097323905535,200,0.9999999999999999,0.9999999999999999
350,5.759861417144588,2.898185168623058,200,0.9999999999999998,0.9999999999999998
351,5.758346042401046,2.8952964580766243,200,1.0000000000000002,1.0000000000000002
352,5.756752582766952,2.8924370639077694,200,0.9999999999999997,0.9999999999999997
353,5.755089439083632,2.889612846099721,200,1.000000000000001,1.000000000000001
354,5.753365001017633,2.8868296355719463,200,1.0000000000000002,1.0000000000000002
355,5.75029673787288,2.882159425279525,200,1.0000000000000004,1.0000000000000004
356,5.748464928617139,2.8795047977305672,200,1.0000000000000009,1.0000000000000009
357,5.746600800477831,2.8769119301659027,200,1.000000000000001,1.000000000000001
358,5.739757430944031,2.8682041851969986,200,1.0000000000000007,1.0000000000000007
359,5.737883138075443,2.865937158614777,200,1.0000000000000009,1.0000000000000009
360,5.736013729335133,2.8637592208928573,200,1.0000000000000007,1.0000000000000007
361,5.734155478703771,2.8616747813936607,200,1.0000000000000016,1.0000000000000016
362,5.732314261296648,2.859688007759003,200,1.0000000000000007,1.0000000000000007
363,5.73049552315854,2.8578028068974244,200,1.000000000000001,1.000000000000001
364,5.728704252874962,2.8560228065143893,200,1.0000000000000007,1.0000000000000007
365,5.726944955156904,2.8543513373233735,200,1.0000000000000009,1.0000000000000009
366,5.724531206686229,2.8521222379688136,200,1.000000000000001,1.000000000000001
367,5.722856336267267,2.850725094009847,200,1.000000000000001,1.000000000000001
368,5.721225050508545,2.8494455487813832,200,1.0000000000000016,1.0000000000000016
369,5.71963943532727,2.8482854443260117,200,1.0000000000000024,1.0000000000000024
370,5.718100988662832,2.8472462454254455,200,1.0000000000000016,1.0000000000000016
371,5.716610609997682,2.84632902926292,200,1.0000000000000024,1.0000000000000024
372,5.715168592712057,2.8455344766944344,200,1.0000000000000016,1.0000000000000016
373,5.713774619335728,2.844862865216383,200,1.0000000000000016,1.0000000000000016
374,5.7124277597461735,2.844314063704101,200,1.0000000000000016,1.0000000000000016
375,5.711126472348452,2.8438875289818872,200,1.0000000000000018,1.0000000000000018
376,5.70986860825772,2.8435823042704405,200,1.0000000000000024,1.0000000000000024
377,5.708100933053762,2.8432431539169696,200,1.0000000000000004,1.0000000000000004
378,5.706926548982378,2.843225581027755,200,1.0000000000000016,1.0000000000000016
379,5.705253315794366,2.8433115683751,200,1.0000000000000022,1.0000000000000022
380,5.704137053168749,2.843568095384267,200,1.0000000000000024,1.0000000000000024
381,5.701420733959545,2.844538629340769,200,1.0000000000000027,1.0000000000000027
382,5.7003319555044545,2.845147307891372,200,1.0000000000000022,1.0000000000000022
383,5.699239063949907,2.8458489930022135,200,1.0000000000000038,1.0000000000000038
384,5.698134589314402,2.846638846073838,200,1.000000000000002,1.000000000000002
385,5.697010706894415,2.847511724708107,200,1.0000000000000022,1.0000000000000022
386,5.695859274666065,2.848462202397859,200,1.000000000000003,1.000000000000003
387,5.691957897208738,2.8511934845097135,200,1.000000000000003,1.000000000000003
388,5.6905770919441885,2.8523769420958285,200,1.0000000000000022,1.0000000000000022
389,5.689125649736594,2.8536069783739877,200,1.0000000000000024,1.0000000000000024
390,5.687594496803158,2.854877024095055,200,1.0000000000000029,1.0000000000000029
391,5.68597454746638,2.856180389665812,200,1.0000000000000029,1.0000000000000029
392,5.684256751101648,2.8575102913245947,200,1.0000000000000024,1.0000000000000024
393,5.682432139371101,2.858859877712976,200,1.0000000000000033,1.0000000000000033
394,5.680491873521354,2.860222256755101,200,1.0000000000000033,1.0000000000000033
395,5.6784272915211265,2.861590522761771,200,1.0000000000000029,1.0000000000000029
396,5.676229954814143,2.8629577836819955,200,1.0000000000000036,1.0000000000000036
397,5.673891694463216,2.8643171884301677,200,1.000000000000004,1.000000000000004
398,5.671404656463084,2.8656619542221633,200,1.0000000000000027,1.0000000000000027
399,5.668761346002175,2.866985393858348,200,1.000000000000003,1.000000000000003
400,5.663235105054546,2.8700379177224007,200,1.0000000000000038,1.0000000000000038
401,5.660093645917721,2.871263358564597,200,1.0000000000000042,1.0000000000000042
402,5.656769602608111,2.8724423041573037,200,1.0000000000000044,1.0000000000000044
403,5.653257837960268,2.8735689119314327,200,1.000000000000004,1.000000000000004
404,5.649553806170164,2.874637594864302,200,1.000000000000004,1.000000000000004
405,5.645653584181366,2.8756430469248717,200,1.000000000000004,1.000000000000004
406,5.641553900484883,2.876580268035889,200,1.0000000000000044,1.0000000000000044
407,5.637252161182321,2.877444588493754,200,1.0000000000000049,1.0000000000000049
408,5.632746473174279,2.8782316927819873,200,1.0000000000000047,1.0000000000000047
409,5.628035664348804,2.8789376427084012,200,1.0000000000000047,1.0000000000000047
410,5.618429046808648,2.8808595293410586,200,1.0000000000000044,1.0000000000000044
411,5.613116102463057,2.881300885689373,200,1.0000000000000047,1.0000000000000047
412,5.6075998264189435,2.8816490920296745,200,1.0000000000000047,1.0000000000000047
413,5.601882797898181,2.8819023881385024,200,1.0000000000000049,1.0000000000000049
414,5.59596837190932,2.8820595121154624,200,1.0000000000000053,1.0000000000000053
415,5.589860676302946,2.882119716258641,200,1.0000000000000044,1.0000000000000044
416,5.583564605350039,2.882082781436439,200,1.0000000000000049,1.0000000000000049
417,5.57708580985506,2.881949029818025,200,1.0000000000000047,1.0000000000000047
418,5.570430683831646,2.8817193358186577,200,1.0000000000000053,1.0000000000000053
419,5.563606347785081,2.8813951351113274,200,1.000000000000006,1.000000000000006
420,5.5566206286616,2.880978431552649,200,1.000000000000005,1.000000000000005
421,5.549482036540441,2.880471801869115,200,1.0000000000000053,1.0000000000000053
422,5.542199738159912,2.8798783979496405,200,1.0000000000000058,1.0000000000000058
423,5.534783527383835,2.879201946592203,200,1.0000000000000053,1.0000000000000053
424,5.527243792729275,2.878446746556376,200,1.0000000000000053,1.0000000000000053
425,5.5195914820904814,2.8776176627798318,200,1.0000000000000062,1.0000000000000062
426,5.511838064807417,2.8767201176256063,200,1.0000000000000062,1.0000000000000062
427,5.486852664079728,2.8728079539606695,200,1.0000000000000056,1.0000000000000056
428,5.478822953153745,2.871731273438193,200,1.0000000000000053,1.0000000000000053
429,5.466471325426552,2.8699867684451212,200,1.000000000000006,1.000000000000006
430,5.458385980320239,2.8688507290639964,200,1.0000000000000062,1.0000000000000062
431,5.450300556875852,2.867703499253126,200,1.000000000000006,1.000000000000006
432,5.442229116246052,2.8665544110657333,200,1.000000000000006,1.000000000000006
433,5.43418577709408,2.8654131026261904,200,1.0000000000000073,1.0000000000000073
434,5.42618466139133,2.8642894743816014,200,1.0000000000000062,1.0000000000000062
435,5.418239839983174,2.8631936423241076,200,1.0000000000000067,1.0000000000000067
436,5.410365278165559,2.862135888369891,200,1.0000000000000067,1.0000000000000067
437,5.402574781515206,2.8611266081173317,200,1.0000000000000062,1.0000000000000062
438,5.391286472624617,2.8596898716972805,200,1.0000000000000069,1.0000000000000069
439,5.383756713486006,2.85884051857456,200,1.0000000000000064,1.0000000000000064
440,5.376356894482733,2.858076257085056,200,1.0000000000000069,1.0000000000000069
441,5.369099458685431,2.8574072995083832,200,1.0000000000000064,1.0000000000000064
442,5.361996407568126,2.856843651199803,200,1.0000000000000064,1.0000000000000064
443,5.351884330530969,2.8561550426059044,200,1.0000000000000073,1.0000000000000073
444,5.34520851892367,2.8558887936338158,200,1.0000000000000078,1.0000000000000078
445,5.338724473494801,2.8557604586864747,200,1.0000000000000073,1.0000000000000073
446,5.332441669988061,2.855778365890862,200,1.0000000000000078,1.0000000000000078
447,5.326368913570699,2.855950307081275,200,1.0000000000000069,1.0000000000000069
448,5.320514305227595,2.8562834828053107,200,1.0000000000000075,1.0000000000000075
449,5.3148852110954445,2.856784450077187,200,1.0000000000000073,1.0000000000000073
450,5.309488234874015,2.8574590733426324,200,1.000000000000007,1.000000000000007
451,5.302076977333796,2.8586806248361682,200,1.000000000000007,1.000000000000007
452,5.297274834922996,2.8598014506558136,200,1.0000000000000073,1.0000000000000073
453,5.292721051028774,2.8611104922525765,200,1.0000000000000082,1.0000000000000082
454,5.288418561132712,2.862610011521263,200,1.0000000000000082,1.0000000000000082
455,5.284369447460171,2.8643013844716307,200,1.0000000000000073,1.0000000000000073
456,5.2805749336815735,2.8661850823193507,200,1.0000000000000084,1.0000000000000084
457,5.277035383235465,2.868260658206505,200,1.0000000000000082,1.0000000000000082
458,5.273750301278177,2.8705267396718397,200,1.0000000000000075,1.0000000000000075
459,5.270718340248467,2.8729810269341782,200,1.0000000000000082,1.0000000000000082
460,5.267937309019045,2.8756202969950917,200,1.0000000000000093,1.0000000000000093
461,5.265404185590686,2.8784404135099635,200,1.0000000000000087,1.0000000000000087
462,5.263115133268563,2.88143634232097,200,1.0000000000000084,1.0000000000000084
463,5.259955252576972,2.8864953596564145,200,1.0000000000000082,1.0000000000000082
464,5.258267961820044,2.8899109992620304,200,1.0000000000000078,1.0000000000000078
465,5.256805638354286,2.8934778506342815,200,1.0000000000000078,1.0000000000000078
466,5.255561045022908,2.8971871575455834,200,1.0000000000000084,1.0000000000000084
467,5.254526276273749,2.9010294430566863,200,1.0000000000000087,1.0000000000000087
468,5.253692794508702,2.9049945559850836,200,1.0000000000000084,1.0000000000000084
469,5.2530514689961425,2.909071720804391,200,1.0000000000000087,1.0000000000000087
470,5.25259261716891,2.9132495905525104,200,1.000000000000009,1.000000000000009
471,5.2523060481200226,2.9175163023152724,200,1.0000000000000095,1.0000000000000095
472,5.2521811080987195,2.9218595348468557,200,1.0000000000000087,1.0000000000000087
473,5.2522067278008695,2.926266567888501,200,1.000000000000009,1.000000000000009
474,5.2523714712401475,2.9307243427523804,200,1.0000000000000095,1.0000000000000095
475,5.252663585979797,2.9352195237476684,200,1.0000000000000087,1.0000000000000087
476,5.2530710544991805,2.939738560040313,200,1.0000000000000089,1.0000000000000089
477,5.2535816464648555,2.944267747556265,200,1.000000000000009,1.000000000000009
478,5.254182971672427,2.9487932905593466,200,1.000000000000009,1.000000000000009
479,5.25486253342314,2.953301362559049,200,1.0000000000000084,1.0000000000000084
480,5.255607782097858,2.9577781662296303,200,1.0000000000000095,1.0000000000000095
481,5.256406168690992,2.9622099920494795,200,1.000000000000009,1.000000000000009
482,5.257660402578201,2.9683506835338482,200,1.000000000000009,1.000000000000009
483,5.258517171876731,2.972606358948486,200,1.0000000000000098,1.0000000000000098
484,5.259383772736715,2.9767710295636154,200,1.000000000000009,1.000000000000009
485,5.260248336492943,2.980832070046225,200,1.0000000000000102,1.0000000000000102
486,5.262513362085231,2.99038150257016,200,1.0000000000000102,1.0000000000000102
487,5.263165081318651,2.99388666097046,200,1.0000000000000093,1.0000000000000093
488,5.263759901171948,2.997234169081478,200,1.0000000000000098,1.0000000000000098
489,5.264288476413967,3.0004143554054874,200,1.0000000000000095,1.0000000000000095
490,5.264742000216099,3.003418155909706,200,1.0000000000000098,1.0000000000000098
491,5.265112238387545,3.0062371432553316,200,1.0000000000000098,1.0000000000000098
492,5.265391560880544,3.008863553307221,200,1.0000000000000095,1.0000000000000095
493,5.265572970438335,3.0112903089380514,200,1.00000000000001,1.00000000000001
494,5.265650128272068,3.0135110411471424,200,1.0000000000000098,1.0000000000000098
495,5.265668393401388,3.017047625005704,200,1.00000000000001,1.00000000000001
496,5.265488643941019,3.018734980432724,200,1.0000000000000102,1.0000000000000102
497,5.265187967622435,3.0201989703034737,200,1.0000000000000104,1.0000000000000104
498,5.264763186139677,3.0214365826575436,200,1.0000000000000102,1.0000000000000102
499,5.264046454279306,3.0234974252275046,200,1.0000000000000102,1.0000000000000102
500,5.263329593924275,3.0241637834284747,200,1.00000000000001,1.00000000000001
501,5.262483281325636,3.0245985273011167,200,1.0000000000000118,1.0000000000000118
502,5.26076630358785,3.024147463714677,200,1.0000000000000113,1.0000000000000113
503,5.259571099560661,3.024005684061113,200,1.0000000000000113,1.0000000000000113
504,5.258250367583616,3.0236382602583727,200,1.0000000000000118,1.0000000000000118
505,5.256806824908492,3.0230483824713352,200,1.0000000000000107,1.0000000000000107
506,5.255243877690368,3.0222399837840475,200,1.000000000000012,1.000000000000012
507,5.253565599965789,3.0212177248302248,200,1.000000000000011,1.000000000000011
508,5.251776709781556,3.019986975968795,200,1.000000000000011,1.000000000000011
509,5.249882542598607,3.0185537970019567,200,1.0000000000000118,1.0000000000000118
510,5.247889022107086,3.01692491443529,200,1.0000000000000115,1.0000000000000115
511,5.245802628599696,3.0151076962830548,200,1.0000000000000118,1.0000000000000118
512,5.243630365060634,3.0131101244269938,200,1.000000000000012,1.000000000000012
513,5.241379721136857,3.0109407645438133,200,1.0000000000000115,1.0000000000000115
514,5.239058635167074,3.0086087336250857,200,1.0000000000000113,1.0000000000000113
515,5.232154938481924,3.0031956401941944,200,1.0000000000000115,1.0000000000000115
516,5.229756585337563,3.0002302645663756,200,1.0000000000000122,1.0000000000000122
517,5.227335385289636,2.9971560778325985,200,1.0000000000000115,1.0000000000000115
518,5.2249011022320175,2.9939847289054557,200,1.0000000000000129,1.0000000000000129
519,5.222463628142771,2.9907281055405135,200,1.0000000000000118,1.0000000000000118
520,5.220032936609775,2.9873982848765324,200,1.0000000000000122,1.0000000000000122
521,5.2176190363225885,2.984007482553806,200,1.000000000000012,1.000000000000012
522,5.215231924740289,2.9805680006085793,200,1.0000000000000124,1.0000000000000124
523,5.212881542142792,2.9770921743623373,200,1.000000000000012,1.000000000000012
524,5.2105777262699675,2.9735923185451103,200,1.0000000000000127,1.0000000000000127
525,5.208330167748749,2.9700806729115374,200,1.0000000000000115,1.0000000000000115
526,5.206148366503497,2.9665693476268244,200,1.000000000000013,1.000000000000013
527,5.204041589338965,2.9630702687165527,200,1.0000000000000124,1.0000000000000124
528,5.202018828878623,2.959595123889164,200,1.0000000000000122,1.0000000000000122
529,5.200088764033525,2.956155309052454,200,1.0000000000000124,1.0000000000000124
530,5.198259722168816,2.9527618758552308,200,1.000000000000013,1.000000000000013
531,5.196539643125963,2.949425480592024,200,1.0000000000000133,1.0000000000000133
532,5.19493604524928,2.946156334812144,200,1.0000000000000129,1.0000000000000129
533,5.192305613462522,2.940588545151674,200,1.0000000000000124,1.0000000000000124
534,5.185762363577702,2.9257434878318405,200,1.0000000000000129,1.0000000000000129
535,5.184850109454061,2.923153379892142,200,1.0000000000000127,1.0000000000000127
536,5.1840956535597975,2.920692001349582,200,1.0000000000000127,1.0000000000000127
537,5.183502162644075,2.9183645499345183,200,1.0000000000000133,1.0000000000000133
538,5.183072180173152,2.9161754517812004,200,1.0000000000000127,1.0000000000000127
539,5.182807618237046,2.9141283455607705,200,1.0000000000000135,1.0000000000000135
540,5.182709752335614,2.912226071270706,200,1.0000000000000135,1.0000000000000135
541,5.182779219046439,2.9104706637716036,200,1.0000000000000124,1.0000000000000124
542,5.1830160165638945,2.9088633511214583,200,1.0000000000000127,1.0000000000000127
543,5.18341950808603,2.9074045577159686,200,1.0000000000000129,1.0000000000000129
544,5.18398842801332,2.906093912201476,200,1.0000000000000127,1.0000000000000127
545,5.184720890911041,2.904930260085638,200,1.0000000000000138,1.0000000000000138
546,5.1856144031750695,2.9039116809303374,200,1.0000000000000135,1.0000000000000135
547,5.186665877329296,2.903035509972344,200,1.0000000000000138,1.0000000000000138
548,5.187871648871758,2.9022983639804085,200,1.0000000000000133,1.0000000000000133
549,5.189227495575833,2.9016961711232336,200,1.000000000000014,1.000000000000014
550,5.19072865914276,2.9012242045916867,200,1.0000000000000129,1.0000000000000129
551,5.192369869092131,2.9008771196910024,200,1.0000000000000142,1.0000000000000142
552,5.194145368768014,2.9006489940949316,200,1.0000000000000135,1.0000000000000135
553,5.196048943330059,2.9005333709340113,200,1.000000000000014,1.000000000000014
554,5.1980739495912,2.9005233043745555,200,1.0000000000000142,1.0000000000000142
555,5.200213347556666,2.9006114073336504,200,1.0000000000000138,1.0000000000000138
556,5.2024597335127005,2.9007899009683276,200,1.0000000000000135,1.0000000000000135
557,5.204805374507899,2.9010506655741586,200,1.0000000000000138,1.0000000000000138
558,5.2088179738235665,2.902226348082542,200,1.0000000000000142,1.0000000000000142
559,5.2113987521285,2.9026270512349326,200,1.0000000000000147,1.0000000000000147
560,5.214049499427151,2.9030791090792993,200,1.0000000000000138,1.0000000000000138
561,5.216761468268906,2.9035735430373273,200,1.0000000000000147,1.0000000000000147
562,5.2195257889057824,2.904101323422279,200,1.0000000000000147,1.0000000000000147
563,5.222333508731195,2.9046534209754804,200,1.000000000000015,1.000000000000015
564,5.225175631837952,2.905220857344638,200,1.0000000000000149,1.0000000000000149
565,5.228043158522924,2.905794754245796,200,1.0000000000000153,1.0000000000000153
566,5.230927124567772,2.9063663810727625,200,1.0000000000000153,1.0000000000000153
567,5.237368718780607,2.9067356099384676,200,1.0000000000000144,1.0000000000000144
568,5.240168933699108,2.907321634148813,200,1.0000000000000147,1.0000000000000147
569,5.242946887100885,2.907869879925931,200,1.0000000000000149,1.0000000000000149
570,5.245694465580954,2.908373121869963,200,1.0000000000000158,1.0000000000000158
571,5.248403830869902,2.9088245404621844,200,1.0000000000000153,1.0000000000000153
572,5.251067452353219,2.909217752753439,200,1.0000000000000147,1.0000000000000147
573,5.253678138085382,2.9095468403832,200,1.0000000000000158,1.0000000000000158
574,5.256229064179442,2.909806374893783,200,1.0000000000000149,1.0000000000000149
575,5.258713802461034,2.909991440319782,200,1.0000000000000162,1.0000000000000162
576,5.261126346284376,2.910097653046904,200,1.0000000000000155,1.0000000000000155
577,5.2634611344167315,2.9101211789468606,200,1.0000000000000153,1.0000000000000153
578,5.265713072907053,2.9100587478061017,200,1.0000000000000153,1.0000000000000153
579,5.267877554864063,2.909907665075721,200,1.000000000000016,1.000000000000016
580,5.2699504780786635,2.90966582097811,200,1.000000000000016,1.000000000000016
581,5.271928260435466,2.909331697012825,200,1.0000000000000155,1.0000000000000155
582,5.2761324142574715,2.9089281804937728,200,1.0000000000000158,1.0000000000000158
583,5.278307742248417,2.90834656489349,200,1.0000000000000169,1.0000000000000169
584,5.279650558677103,2.9076469377015104,200,1.0000000000000162,1.0000000000000162
585,5.281500996648166,2.905985526729079,200,1.0000000000000164,1.0000000000000164
586,5.282615878038487,2.905044383371416,200,1.0000000000000162,1.0000000000000162
587,5.283627465631372,2.9040212103622625,200,1.0000000000000162,1.0000000000000162
588,5.2849355716237145,2.902913186670673,200,1.0000000000000164,1.0000000000000164
589,5.285663203677584,2.9017225986527255,200,1.0000000000000162,1.0000000000000162
590,5.286295853861216,2.9004655189040776,200,1.0000000000000162,1.0000000000000162
591,5.286837070610511,2.899147523400662,200,1.0000000000000164,1.0000000000000164
592,5.287290899072626,2.897774626831305,200,1.0000000000000164,1.0000000000000164
593,5.287661863352756,2.8963532573555297,200,1.0000000000000164,1.0000000000000164
594,5.2879549469691245,2.894890229802943,200,1.0000000000000164,1.0000000000000164
595,5.2881946244670885,2.8918058750520097,200,1.0000000000000162,1.0000000000000162
596,5.288352766801597,2.8902600817568707,200,1.0000000000000173,1.0000000000000173
597,5.288453696750827,2.888699572783732,200,1.000000000000017,1.000000000000017
598,5.288643560663317,2.8875728901299493,200,1.0000000000000178,1.0000000000000178
599,5.288490045120826,2.886045018645779,200,1.0000000000000187,1.0000000000000187
600,5.287761403271231,2.879339664842527,200,1.0000000000000169,1.0000000000000169
601,5.287669188885017,2.877924510740678,200,1.0000000000000173,1.0000000000000173
602,5.287581222302809,2.876564292033199,200,1.0000000000000175,1.0000000000000175
603,5.287506006660941,2.875267910131066,200,1.0000000000000178,1.0000000000000178
604,5.287452120420781,2.8740441874012537,200,1.0000000000000175,1.0000000000000175
605,5.28742818454003,2.8729018295690305,200,1.0000000000000173,1.0000000000000173
606,5.287442829687722,2.8718493884785725,200,1.0000000000000173,1.0000000000000173
607,5.287504663625436,2.8708952253892694,200,1.0000000000000184,1.0000000000000184
608,5.287622238874716,2.87004747498879,200,1.0000000000000175,1.0000000000000175
609,5.2878040207877985,2.86931401030645,200,1.000000000000018,1.000000000000018
610,5.288058356135398,2.8687024087114774,200,1.000000000000018,1.000000000000018
611,5.28839344232161,2.8682199191803233,200,1.000000000000018,1.000000000000018
612,5.28881729733183,2.86787343101508,200,1.0000000000000182,1.0000000000000182
613,5.2901309490530934,2.864608042464955,200,1.000000000000018,1.000000000000018
614,5.291020986757921,2.864837906638607,200,1.0000000000000182,1.0000000000000182
615,5.2920317548689395,2.8652313894100097,200,1.000000000000018,1.000000000000018
616,5.293169744673752,2.8657928808632693,200,1.000000000000019,1.000000000000019
617,5.294441098155245,2.866526254457677,200,1.000000000000019,1.000000000000019
618,5.295851586366412,2.867434851955459,200,1.0000000000000189,1.0000000000000189
619,5.29740658922476,2.8685214710126643,200,1.0000000000000182,1.0000000000000182
620,5.29911107677994,2.869788355505689,200,1.0000000000000187,1.0000000000000187
621,5.300969592001955,2.8712371886467154,200,1.0000000000000184,1.0000000000000184
622,5.30298623513098,2.872869088921277,200,1.0000000000000189,1.0000000000000189
623,5.30516464962347,2.874684608860528,200,1.0000000000000195,1.0000000000000195
624,5.307508009722941,2.876683736639773,200,1.0000000000000187,1.0000000000000187
625,5.310019009677453,2.8788659004737447,200,1.0000000000000195,1.0000000000000195
626,5.3126998546196145,2.8812299757582225,200,1.0000000000000202,1.0000000000000202
627,5.315552253118765,2.883774294887155,200,1.000000000000019,1.000000000000019
628,5.318577411408926,2.886496659654717,200,1.0000000000000202,1.0000000000000202
629,5.321776029290172,2.889394356132972,200,1.0000000000000195,1.0000000000000195
630,5.325148297695327,2.8924641718982333,200,1.0000000000000195,1.0000000000000195
631,5.32869389790823,2.8957024154630235,200,1.0000000000000195,1.0000000000000195
632,5.332412002414409,2.8991049377559177,200,1.0000000000000202,1.0000000000000202
633,5.3363012773597625,2.9026671554786727,200,1.0000000000000202,1.0000000000000202
634,5.340359886587828,2.9063840761589876,200,1.0000000000000195,1.0000000000000195
635,5.344585497221427,2.910250324708148,200,1.0000000000000193,1.0000000000000193
636,5.348975286749932,2.9142601712856924,200,1.0000000000000202,1.0000000000000202
637,5.353525951579103,2.9184075602681494,200,1.00000000000002,1.00000000000002
638,5.358233716996406,2.9226861401158346,200,1.0000000000000195,1.0000000000000195
639,5.3630943485009395,2.9270892939306083,200,1.0000000000000204,1.0000000000000204
640,5.368103164443654,2.931610170498348,200,1.0000000000000207,1.0000000000000207
641,5.3732550499202425,2.9362417156125646,200,1.0000000000000202,1.0000000000000202
642,5.3785444718562605,2.9409767034800254,200,1.0000000000000204,1.0000000000000204
643,5.3839654952213,2.945807768015263,200,1.0000000000000198,1.0000000000000198
644,5.389511800306703,2.9507274338383707,200,1.0000000000000198,1.0000000000000198
645,5.395176700999254,2.9557281467992973,200,1.0000000000000198,1.0000000000000198
646,5.4009531639814625,2.9608023038618523,200,1.0000000000000202,1.0000000000000202
647,5.406833828787539,2.965942282191618,200,1.0000000000000207,1.0000000000000207
648,5.412811028642951,2.971140467303807,200,1.0000000000000215,1.0000000000000215
649,5.418876812014451,2.976389280139581,200,1.0000000000000209,1.0000000000000209
650,5.425022964796817,2.9816812029523962,200,1.000000000000021,1.000000000000021
651,5.431241033062024,2.987008803899275,200,1.0000000000000213,1.0000000000000213
652,5.437522346296485,2.992364760245532,200,1.0000000000000204,1.0000000000000204
653,5.4438580410519615,2.9977418801051043,200,1.000000000000021,1.000000000000021
654,5.450239084936074,3.0031331226522777,200,1.0000000000000215,1.0000000000000215
655,5.460105683245449,3.0114924756784176,200,1.000000000000021,1.000000000000021
656,5.4665722430924415,3.016911901612282,200,1.0000000000000213,1.0000000000000213
657,5.4730509377161995,3.022321689630297,200,1.0000000000000209,1.0000000000000209
658,5.479532279258084,3.0277156898800928,200,1.0000000000000213,1.0000000000000213
659,5.48600674623882,3.033087987223456,200,1.000000000000021,1.000000000000021
660,5.492464807976397,3.038432910738618,200,1.0000000000000209,1.0000000000000209
661,5.4988969488170625,3.04374504161096,200,1.0000000000000213,1.0000000000000213
662,5.505293692116005,3.0490192194483674,200,1.0000000000000213,1.0000000000000213
663,5.511645623906302,3.054250547066229,200,1.0000000000000224,1.0000000000000224
664,5.517943416196869,3.0594343937950774,200,1.0000000000000218,1.0000000000000218
665,5.5241778498422995,3.064566397371122,200,1.000000000000021,1.000000000000021
666,5.5303398369298655,3.0696424644763742,200,1.0000000000000218,1.0000000000000218
667,5.536420442631323,3.0746587700007835,200,1.0000000000000224,1.0000000000000224
668,5.542410906469625,3.079611755103707,200,1.0000000000000226,1.0000000000000226
669,5.548302662953244,3.084498124156212,200,1.0000000000000224,1.0000000000000224
670,5.554087361533336,3.089314840649109,200,1.0000000000000229,1.0000000000000229
671,5.559756885841679,3.094059122154311,200,1.0000000000000224,1.0000000000000224
672,5.565303372169948,3.098728434429058,200,1.0000000000000218,1.0000000000000218
673,5.570719227153636,3.103320484753834,200,1.0000000000000215,1.0000000000000215
674,5.575997144626614,3.1078332145953897,200,1.0000000000000215,1.0000000000000215
675,5.581130121615097,3.1122647916862554,200,1.0000000000000229,1.0000000000000229
676,5.5861114734424895,3.116613601611459,200,1.0000000000000218,1.0000000000000218
677,5.590934847919322,3.120878238991926,200,1.0000000000000229,1.0000000000000229
678,5.59559423859525,3.1250574983522443,200,1.0000000000000224,1.0000000000000224
679,5.600083997052724,3.129150364758135,200,1.0000000000000222,1.0000000000000222
680,5.6043988442246935,3.1331560043061994,200,1.0000000000000224,1.0000000000000224
681,5.608533880721337,3.137073754545204,200,1.0000000000000226,1.0000000000000226
682,5.612484596153404,3.140903114904531,200,1.0000000000000229,1.0000000000000229
683,5.6178971373787725,3.1457179336604986,200,1.0000000000000226,1.0000000000000226
684,5.621362968954927,3.1493252045412365,200,1.0000000000000222,1.0000000000000222
685,5.624632147106059,3.1528439240945794,200,1.000000000000022,1.000000000000022
686,5.627701996101104,3.1562741826737812,200,1.000000000000023,1.000000000000023
687,5.630570262279749,3.159616182745373,200,1.0000000000000229,1.0000000000000229
688,5.63323511674122,3.1628702309714427,200,1.000000000000023,1.000000000000023
689,5.635695157014439,3.166036730715649,200,1.0000000000000238,1.0000000000000238
690,5.638863852100053,3.169855848658615,200,1.0000000000000233,1.0000000000000233
691,5.640800586086571,3.172810585951236,200,1.0000000000000238,1.0000000000000238
692,5.64253124185865,3.175680229453273,200,1.0000000000000235,1.0000000000000235
693,5.644056326585787,3.1784655107301902,200,1.0000000000000244,1.0000000000000244
694,5.645376765349877,3.1811672255532994,200,1.0000000000000233,1.0000000000000233
695,5.647151972243927,3.1848599331536613,200,1.0000000000000238,1.0000000000000238
696,5.6478515816372,3.1873314854756303,200,1.0000000000000226,1.0000000000000226
697,5.648355037104725,3.1897238689827474,200,1.0000000000000242,1.0000000000000242
698,5.648665255184782,3.1920380868348444,200,1.0000000000000233,1.0000000000000233
699,5.648785529197145,3.194275189693305,200,1.0000000000000233,1.0000000000000233
700,5.6487195195213005,3.196436274733798,200,1.0000000000000242,1.0000000000000242
701,5.648471243115644,3.198522485070038,200,1.000000000000024,1.000000000000024
702,5.6480450623087926,3.2005350095560026,200,1.0000000000000238,1.0000000000000238
703,5.647445672895437,3.2024750829313033,200,1.0000000000000244,1.0000000000000244
704,5.646678091570265,3.204343986271953,200,1.000000000000024,1.000000000000024
705,5.645303284050731,3.207611886156969,200,1.0000000000000238,1.0000000000000238
706,5.6441473198588445,3.2092978707518096,200,1.0000000000000246,1.0000000000000246
707,5.6428427122886315,3.210917500573449,200,1.0000000000000244,1.0000000000000244
708,5.6413957523741765,3.212472309612377,200,1.0000000000000246,1.0000000000000246
709,5.639812972691336,3.213963883766573,200,1.000000000000024,1.000000000000024
710,5.6381011313776,3.2153938621924674,200,1.0000000000000244,1.0000000000000244
711,5.636267195773682,3.2167639386454128,200,1.0000000000000233,1.0000000000000233
712,5.634318325726978,3.218075862767421,200,1.000000000000025,1.000000000000025
713,5.632261856597305,3.2193314412811187,200,1.000000000000025,1.000000000000025
714,5.627686200165651,3.220863179083507,200,1.0000000000000244,1.0000000000000244
715,5.6253395020001555,3.221981377864443,200,1.0000000000000244,1.0000000000000244
716,5.6229167254218115,3.2230505660830677,200,1.0000000000000249,1.0000000000000249
717,5.620425819953275,3.224072787150241,200,1.000000000000025,1.000000000000025
718,5.617874804465165,3.225050146407984,200,1.0000000000000249,1.0000000000000249
719,5.615271749210432,3.2259848107679794,200,1.0000000000000255,1.0000000000000255
720,5.612624757881455,3.226879007996921,200,1.0000000000000255,1.0000000000000255
721,5.609941949729651,3.2277350256303423,200,1.0000000000000255,1.0000000000000255
722,5.607231441786849,3.2285552094999947,200,1.0000000000000255,1.0000000000000255
723,5.6045013312270795,3.2293419618633292,200,1.000000000000026,1.000000000000026
724,5.601759677906718,3.2300977391271584,200,1.0000000000000258,1.0000000000000258
725,5.59901448712019,3.2308250491611292,200,1.000000000000026,1.000000000000026
726,5.596273692607528,3.2315264482001695,200,1.000000000000026,1.000000000000026
727,5.593545139849202,3.2322045373385464,200,1.0000000000000253,1.0000000000000253
728,5.5908365696825655,3.2328619586216094,200,1.000000000000026,1.000000000000026
729,5.58815560227322,3.233501390744616,200,1.0000000000000264,1.0000000000000264
730,5.58550972147342,3.2341255443712495,200,1.0000000000000262,1.0000000000000262
731,5.582906259598412,3.2347371570875194,200,1.000000000000026,1.000000000000026
732,5.580352382650318,3.2353389880096377,200,1.0000000000000264,1.0000000000000264
733,5.576865246125367,3.2362871398358326,200,1.0000000000000269,1.0000000000000269
734,5.574464989076731,3.2368773360833725,200,1.0000000000000264,1.0000000000000264
735,5.5721372903912405,3.237468238991756,200,1.000000000000026,1.000000000000026
736,5.569888396766002,3.2380626467648845,200,1.0000000000000262,1.0000000000000262
737,5.567724317107041,3.23866334313311,200,1.0000000000000264,1.0000000000000264
738,5.56565081132058,3.23927309032916,200,1.0000000000000262,1.0000000000000262
739,5.56367337972736,3.2398946219325606,200,1.0000000000000269,1.0000000000000269
740,5.561797253116382,3.2405306356170023,200,1.0000000000000273,1.0000000000000273
741,5.560027383452796,3.2411837858357964,200,1.0000000000000269,1.0000000000000269
742,5.55836843525299,3.2418566764809937,200,1.000000000000027,1.000000000000027
743,5.556824777638246,3.242551853551867,200,1.0000000000000266,1.0000000000000266
744,5.555400477076624,3.2432717978683843,200,1.0000000000000264,1.0000000000000264
745,5.554099290821073,3.2440189178649135,200,1.0000000000000269,1.0000000000000269
746,5.552924661050126,3.244795542498824,200,1.0000000000000269,1.0000000000000269
747,5.551879709715801,3.245603914307794,200,1.000000000000027,1.000000000000027
748,5.55096723410181,3.2464461826485786,200,1.000000000000027,1.000000000000027
749,5.550189703093465,3.247324397148744,200,1.0000000000000269,1.0000000000000269
750,5.549549254159176,3.2482405014013724,200,1.000000000000027,1.000000000000027
751,5.549047691041844,3.249196326931169,200,1.0000000000000275,1.0000000000000275
752,5.54868648215698,3.2501935874585324,200,1.0000000000000278,1.0000000000000278
753,5.548466759692895,3.2512338734862842,200,1.0000000000000275,1.0000000000000275
754,5.548389319406929,3.252318647231651,200,1.0000000000000273,1.0000000000000273
755,5.548454621110275,3.253449237923968,200,1.0000000000000282,1.0000000000000282
756,5.548662789832704,3.254626837486325,200,1.0000000000000282,1.0000000000000282
757,5.54901361765717,3.2558524966171,200,1.0000000000000284,1.0000000000000284
758,5.549506566213136,3.25712712128498,200,1.000000000000028,1.000000000000028
759,5.55014076981629,3.258451469648755,200,1.0000000000000282,1.0000000000000282
760,5.550915039241244,3.259826149410815,200,1.0000000000000286,1.0000000000000286
761,5.551827866112791,3.2612516156109663,200,1.0000000000000286,1.0000000000000286
762,5.552877427900348,3.262728168864928,200,1.0000000000000284,1.0000000000000284
763,5.5554932152323815,3.265015589799712,200,1.0000000000000284,1.0000000000000284
764,5.5568460376975715,3.266650838814893,200,1.000000000000028,1.000000000000028
765,5.558325806432647,3.268337877336612,200,1.0000000000000289,1.0000000000000289
766,5.5599293809936645,3.2700762887883177,200,1.0000000000000289,1.0000000000000289
767,5.565403920645311,3.27467100240042,200,1.0000000000000289,1.0000000000000289
768,5.567375930623021,3.276619409197677,200,1.0000000000000286,1.0000000000000286
769,5.569453230712374,3.2786161917224086,200,1.0000000000000282,1.0000000000000282
770,5.571631305955329,3.2806600720394568,200,1.0000000000000295,1.0000000000000295
771,5.573905420774043,3.282749625339715,200,1.000000000000029,1.000000000000029
772,5.576270629675605,3.284883283156641,200,1.0000000000000293,1.0000000000000293
773,5.5787217882873055,3.287059336921522,200,1.000000000000029,1.000000000000029
774,5.58125356469981,3.2892759418420443,200,1.0000000000000293,1.0000000000000293
775,5.583860451095467,3.291531121088334,200,1.0000000000000293,1.0000000000000293
776,5.586536775638965,3.2938227702704213,200,1.0000000000000289,1.0000000000000289
777,5.589276714607413,3.296148662190958,200,1.0000000000000298,1.0000000000000298
778,5.5920743047370065,3.298506451857031,200,1.0000000000000293,1.0000000000000293
779,5.594923455763346,3.3008936817349794,200,1.000000000000029,1.000000000000029
780,5.597817963132528,3.3033077872323506,200,1.0000000000000298,1.0000000000000298
781,5.600751520860207,3.305746102391329,200,1.0000000000000295,1.0000000000000295
782,5.603717734515773,3.3082058657783566,200,1.0000000000000295,1.0000000000000295
783,5.606710134308972,3.3106842265549825,200,1.0000000000000302,1.0000000000000302
784,5.609722188256239,3.313178250715436,200,1.0000000000000295,1.0000000000000295
785,5.612747315404202,3.3156849274768225,200,1.0000000000000298,1.0000000000000298
786,5.615778899087774,3.3182011758083396,200,1.0000000000000302,1.0000000000000302
787,5.61881030020044,3.320723851086338,200,1.0000000000000293,1.0000000000000293
788,5.62183487045436,3.323249751862534,200,1.00000000000003,1.00000000000003
789,5.624845965607983,3.3257756267331144,200,1.0000000000000302,1.0000000000000302
790,5.627836958639003,3.3282981812968906,200,1.0000000000000298,1.0000000000000298
791,5.63080125284053,3.3308140851910477,200,1.0000000000000302,1.0000000000000302
792,5.634497314248163,3.3341885126548045,200,1.0000000000000306,1.0000000000000306
793,5.6374307784541315,3.3366224917141385,200,1.000000000000031,1.000000000000031
794,5.64031544403406,3.3390377001424234,200,1.0000000000000306,1.0000000000000306
795,5.643144946668408,3.341430765509154,200,1.0000000000000302,1.0000000000000302
796,5.647874407888114,3.3453771329341517,200,1.0000000000000304,1.0000000000000304
797,5.650471498754885,3.3477514936984774,200,1.0000000000000302,1.0000000000000302
798,5.65299158935542,3.350092155026469,200,1.0000000000000302,1.0000000000000302
799,5.657145927150321,3.3539776900223166,200,1.0000000000000309,1.0000000000000309
800,5.6593784917345005,3.356271216814913,200,1.0000000000000309,1.0000000000000309
801,5.66151427651348,3.3585196134062665,200,1.0000000000000306,1.0000000000000306
802,5.66354817347222,3.360719675776977,200,1.000000000000031,1.000000000000031
803,5.665475264687515,3.3628682608266955,200,1.0000000000000313,1.0000000000000313
804,5.66729083175302,3.3649622933735612,200,1.0000000000000304,1.0000000000000304
805,5.668990364795761,3.3669987730625213,200,1.0000000000000309,1.0000000000000309
806,5.670569571065352,3.3689747811687547,200,1.000000000000031,1.000000000000031
807,5.67202438307768,3.3708874872817716,200,1.0000000000000315,1.0000000000000315
808,5.67572442424849,3.3769289960497773,200,1.000000000000031,1.000000000000031
809,5.676494527461863,3.378748751694542,200,1.0000000000000313,1.0000000000000313
810,5.677546287342641,3.381826420442219,200,1.0000000000000322,1.0000000000000322
811,5.677918062596384,3.38379564865197,200,1.000000000000033,1.000000000000033
812,5.678116941283676,3.385299494426641,200,1.0000000000000318,1.0000000000000318
813,5.678168235921866,3.386719200151377,200,1.0000000000000322,1.0000000000000322
814,5.678070574591331,3.3880529865340536,200,1.0000000000000313,1.0000000000000313
815,5.67782286493221,3.3892992229375514,200,1.000000000000032,1.000000000000032
816,5.677424295553353,3.390456431613656,200,1.0000000000000318,1.0000000000000318
817,5.67687433683136,3.3915232915870708,200,1.0000000000000326,1.0000000000000326
818,5.67617274109545,3.3924986421676784,200,1.000000000000032,1.000000000000032
819,5.675319542195253,3.3933814860692184,200,1.0000000000000329,1.0000000000000329
820,5.674315054450144,3.394170992112779,200,1.0000000000000324,1.0000000000000324
821,5.673159870980205,3.3948664974938327,200,1.0000000000000318,1.0000000000000318
822,5.671854861420531,3.3954675095920863,200,1.0000000000000326,1.0000000000000326
823,5.670401169022161,3.395973707304089,200,1.000000000000032,1.000000000000032
824,5.668800207144686,3.396384941879454,200,1.000000000000033,1.000000000000033
825,5.667053655147198,3.3967012372425858,200,1.0000000000000329,1.0000000000000329
826,5.665163453686067,3.3969227897831002,200,1.0000000000000324,1.0000000000000324
827,5.663131799429796,3.39704996759957,200,1.000000000000033,1.000000000000033
828,5.660961139202994,3.397083309182903,200,1.0000000000000329,1.0000000000000329
829,5.658654163573342,3.397023521527557,200,1.000000000000033,1.000000000000033
830,5.656213799897218,3.3968714776608335,200,1.0000000000000324,1.0000000000000324
831,5.6536432048415275,3.3966282135828325,200,1.0000000000000335,1.0000000000000335
832,5.6509457564010095,3.3962949246120817,200,1.0000000000000338,1.0000000000000338
833,5.648125045432149,3.3958729611345726,200,1.0000000000000333,1.0000000000000333
834,5.6451848667265505,3.395363823756783,200,1.0000000000000333,1.0000000000000333
835,5.642129209648333,3.3947691578663024,200,1.0000000000000338,1.0000000000000338
836,5.6389622483617945,3.3940907476068913,200,1.0000000000000335,1.0000000000000335
837,5.6356883316771915,3.39333050927815,200,1.0000000000000329,1.0000000000000329
838,5.631210800808212,3.3919444490920143,200,1.000000000000033,1.000000000000033
839,5.627746417595214,3.3909573353104636,200,1.0000000000000338,1.0000000000000338
840,5.624190304185615,3.3898966924679197,200,1.0000000000000335,1.0000000000000335
841,5.620547390878834,3.388764936687504,200,1.0000000000000338,1.0000000000000338
842,5.616822723101899,3.387564569218756,200,1.000000000000033,1.000000000000033
843,5.613021449689635,3.3862981665878977,200,1.0000000000000333,1.0000000000000333
844,5.609148811028201,3.3849683703683535,200,1.0000000000000335,1.0000000000000335
845,5.60521012709923,3.383577876613147,200,1.0000000000000338,1.0000000000000338
846,5.599925726666463,3.381544173690799,200,1.000000000000034,1.000000000000034
847,5.59463180093911,3.379400968467599,200,1.0000000000000346,1.0000000000000346
848,5.590583509163471,3.3777427988906545,200,1.0000000000000342,1.0000000000000342
849,5.586493633219602,3.376038954659957,200,1.0000000000000344,1.0000000000000344
850,5.582367604697142,3.374292209232904,200,1.0000000000000346,1.0000000000000346
851,5.578210856486422,3.372505309098571,200,1.0000000000000342,1.0000000000000342
852,5.574028811579051,3.370680962410171,200,1.0000000000000342,1.0000000000000342
853,5.569826872095113,3.3688218277943203,200,1.000000000000034,1.000000000000034
854,5.565610408572229,3.3669305034034505,200,1.000000000000035,1.000000000000035
855,5.5613847495506,3.3650095162781635,200,1.0000000000000338,1.0000000000000338
856,5.554258431043046,3.361499073091185,200,1.0000000000000344,1.0000000000000344
857,5.549988316428833,3.359537101172133,200,1.0000000000000346,1.0000000000000346
858,5.54572867397702,3.357553206403598,200,1.0000000000000342,1.0000000000000342
859,5.541484569963074,3.355549489814455,200,1.0000000000000342,1.0000000000000342
860,5.537260975474336,3.3535279321999623,200,1.0000000000000349,1.0000000000000349
861,5.533062758596246,3.351490387057434,200,1.000000000000035,1.000000000000035
862,5.528894677104724,3.3494385742958355,200,1.000000000000035,1.000000000000035
863,5.524761371682578,3.347374074769759,200,1.0000000000000346,1.0000000000000346
864,5.520667359675189,3.3452983256838573,200,1.0000000000000346,1.0000000000000346
865,5.51119054213089,3.3393407189957993,200,1.000000000000035,1.000000000000035
866,5.507168369143241,3.3372791392358097,200,1.0000000000000342,1.0000000000000342
867,5.503205138343191,3.3352101374980263,200,1.0000000000000353,1.0000000000000353
868,5.499304749009646,3.3331344380779804,200,1.000000000000035,1.000000000000035
869,5.495470946684055,3.3310526154742037,200,1.0000000000000355,1.0000000000000355
870,5.491707320820179,3.3289650966212574,200,1.0000000000000357,1.0000000000000357
871,5.4880173030036214,3.3268721641498717,200,1.0000000000000353,1.0000000000000353
872,5.484404165730205,3.3247739606639306,200,1.000000000000035,1.000000000000035
873,5.480871021729351,3.3226704940167027,200,1.0000000000000344,1.0000000000000344
874,5.475150857163873,3.318376061152783,200,1.000000000000035,1.000000000000035
875,5.471799765687792,3.3162792947473485,200,1.000000000000035,1.000000000000035
876,5.468539691046653,3.3141763105822117,200,1.0000000000000357,1.0000000000000357
877,5.465373063284918,3.312066624479096,200,1.0000000000000355,1.0000000000000355
878,5.462302155597501,3.3099496631530867,200,1.0000000000000346,1.0000000000000346
879,5.4576681712580575,3.308131312226865,200,1.0000000000000355,1.0000000000000355
880,5.454954292946756,3.3059445633039974,200,1.000000000000036,1.000000000000036
881,5.45234078221461,3.3037473951341494,200,1.0000000000000366,1.0000000000000366
882,5.449829120359308,3.301538917246174,200,1.0000000000000364,1.0000000000000364
883,5.447420655053778,3.2993182229035933,200,1.0000000000000364,1.0000000000000364
884,5.445116604327964,3.297084402670283,200,1.0000000000000364,1.0000000000000364
885,5.442918060682023,3.2948365581121175,200,1.0000000000000369,1.0000000000000369
886,5.440825995291131,3.2925738155381263,200,1.0000000000000364,1.0000000000000364
887,5.438841262262004,3.2902953396829937,200,1.0000000000000362,1.0000000000000362
888,5.436964602901374,3.2880003472316552,200,1.0000000000000369,1.0000000000000369
889,5.43519664995704,3.285688120086309,200,1.0000000000000369,1.0000000000000369
890,5.433537931792906,3.283358018276357,200,1.000000000000037,1.000000000000037
891,5.431988876460252,3.2810094924126467,200,1.0000000000000366,1.0000000000000366
892,5.430549815628791,3.2786420955888684,200,1.0000000000000369,1.0000000000000369
893,5.429266221919604,3.276437629243364,200,1.0000000000000373,1.0000000000000373
894,5.428129472739906,3.2739953337318353,200,1.0000000000000369,1.0000000000000369
895,5.427101576299561,3.2715333110327394,200,1.000000000000036,1.000000000000036
896,5.426182464698928,3.269051688497664,200,1.0000000000000369,1.0000000000000369
897,5.425371993593251,3.266550748000283,200,1.0000000000000369,1.0000000000000369
898,5.4246699444341,3.264030932155729,200,1.000000000000037,1.000000000000037
899,5.424076026358213,3.261492849371108,200,1.000000000000038,1.000000000000038
900,5.4235898777072435,3.258937277666931,200,1.0000000000000373,1.0000000000000373
901,5.423211067165102,3.256365167216106,200,1.0000000000000377,1.0000000000000377
902,5.422939094502986,3.253777641554504,200,1.0000000000000382,1.0000000000000382
903,5.422773390925612,3.251175997424879,200,1.0000000000000382,1.0000000000000382
904,5.423464055450976,3.248580386600852,200,1.000000000000038,1.000000000000038
905,5.423582902011339,3.24592015880468,200,1.0000000000000375,1.0000000000000375
906,5.421489626819053,3.230438030953144,200,1.0000000000000377,1.0000000000000377
907,5.421961703341991,3.2279143215440427,200,1.0000000000000384,1.0000000000000384
908,5.42253887038445,3.22539383197972,200,1.0000000000000386,1.0000000000000386
909,5.42321989898722,3.222879204641117,200,1.000000000000038,1.000000000000038
910,5.424003466374634,3.2203731710955443,200,1.0000000000000377,1.0000000000000377
911,5.4248881524971395,3.217878536505493,200,1.000000000000038,1.000000000000038
912,5.42587243638308,3.215398162928268,200,1.0000000000000382,1.0000000000000382
913,5.426954692338082,3.212934951592819,200,1.0000000000000384,1.0000000000000384
914,5.428133186033065,3.2104918242492664,200,1.0000000000000386,1.0000000000000386
915,5.429406070524122,3.2080717036954236,200,1.0000000000000382,1.0000000000000382
916,5.430771382249599,3.2056774935928583,200,1.0000000000000384,1.0000000000000384
917,5.43222703705144,3.203312057692791,200,1.000000000000039,1.000000000000039
918,5.433770826269283,3.200978198599152,200,1.000000000000039,1.000000000000039
919,5.435400412956923,3.198678636202506,200,1.0000000000000382,1.0000000000000382
920,5.437113328271599,3.1964159859240593,200,1.000000000000039,1.000000000000039
921,5.43890696808691,3.1941927369136414,200,1.0000000000000386,1.0000000000000386
922,5.441099405199517,3.1901733113519586,200,1.0000000000000384,1.0000000000000384
923,5.443068622858064,3.18809255329069,200,1.000000000000039,1.000000000000039
924,5.445109692620486,3.186058856432183,200,1.0000000000000389,1.0000000000000389
925,5.448557807492972,3.179307266416849,200,1.0000000000000389,1.0000000000000389
926,5.450785353925459,3.1775526831188885,200,1.00000000000004,1.00000000000004
927,5.454117059997454,3.173115838478204,200,1.0000000000000382,1.0000000000000382
928,5.456484919969542,3.1715908763819924,200,1.0000000000000393,1.0000000000000393
929,5.458902844558151,3.1701202168405076,200,1.0000000000000393,1.0000000000000393
930,5.461366446139516,3.168703255698552,200,1.0000000000000397,1.0000000000000397
931,5.4638711841121985,3.167339026324403,200,1.0000000000000402,1.0000000000000402
932,5.466412369227021,3.1660261921563526,200,1.00000000000004,1.00000000000004
933,5.468985168765034,3.1647630412680545,200,1.0000000000000397,1.0000000000000397
934,5.4715846125766365,3.163547483024652,200,1.0000000000000402,1.0000000000000402
935,5.474205599989862,3.1623770468884085,200,1.0000000000000406,1.0000000000000406
936,5.476842907590656,3.1612488834188266,200,1.00000000000004,1.00000000000004
937,5.4794911978726,3.1601597674982047,200,1.00000000000004,1.00000000000004
938,5.482145028748,3.1591061037993353,200,1.0000000000000409,1.0000000000000409
939,5.486891679927602,3.157786135200988,200,1.0000000000000409,1.0000000000000409
940,5.489540162836784,3.1567716652872706,200,1.00000000000004,1.00000000000004
941,5.492173316028912,3.15577697067768,200,1.0000000000000397,1.0000000000000397
942,5.496846930062425,3.154420337886358,200,1.0000000000000402,1.0000000000000402
943,5.503419802069722,3.152486016467702,200,1.0000000000000409,1.0000000000000409
944,5.50590903389341,3.151426928481183,200,1.0000000000000402,1.0000000000000402
945,5.50834806419987,3.150355765644584,200,1.0000000000000409,1.0000000000000409
946,5.510731229573097,3.149266117895675,200,1.0000000000000417,1.0000000000000417
947,5.513052926399217,3.148151413842388,200,1.0000000000000409,1.0000000000000409
948,5.515307627827688,3.1470049493052548,200,1.0000000000000413,1.0000000000000413
949,5.517489900960989,3.145819917135207,200,1.0000000000000409,1.0000000000000409
950,5.519594424196726,3.1445894381735338,200,1.000000000000042,1.000000000000042
951,5.52161600464329,3.143306593216171,200,1.0000000000000415,1.0000000000000415
952,5.523549595527962,3.141964455840815,200,1.0000000000000422,1.0000000000000422
953,5.525390313514389,3.1405561259524535,200,1.000000000000041,1.000000000000041
954,5.527133455845051,3.139074763900816,200,1.0000000000000413,1.0000000000000413
955,5.528774517223254,3.1375136250218967,200,1.0000000000000415,1.0000000000000415
956,5.530309206348866,3.1358660944550047,200,1.0000000000000413,1.0000000000000413
957,5.531733462021933,3.1341257220866843,200,1.0000000000000415,1.0000000000000415
958,5.533043468728926,3.1322862574733197,200,1.0000000000000417,1.0000000000000417
959,5.534235671627391,3.1303416845950918,200,1.0000000000000422,1.0000000000000422
960,5.5353067908463345,3.128286256295273,200,1.0000000000000415,1.0000000000000415
961,5.536253835021745,3.126114528260412,200,1.0000000000000422,1.0000000000000422
962,5.537074113989243,3.1238213923988396,200,1.000000000000042,1.000000000000042
963,5.5377652505588495,3.121402109476961,200,1.000000000000042,1.000000000000042
964,5.538325191300505,3.1188523408749917,200,1.0000000000000417,1.0000000000000417
965,5.538752216272893,3.116168179326071,200,1.0000000000000426,1.0000000000000426
966,5.539044947632635,3.1133461785050227,200,1.0000000000000424,1.0000000000000424
967,5.539202357065792,3.1103833813353927,200,1.000000000000042,1.000000000000042
968,5.539223771988912,3.1072773468857435,200,1.000000000000042,1.000000000000042
969,5.537061853056818,3.098596828698412,200,1.0000000000000424,1.0000000000000424
970,5.5366312709620065,3.0950252339996016,200,1.0000000000000422,1.0000000000000422
971,5.536066341565017,3.0913064239394723,200,1.000000000000043,1.000000000000043
972,5.535368275181865,3.0874410947302415,200,1.000000000000043,1.000000000000043
973,5.528675210925535,3.071016842618086,200,1.000000000000043,1.000000000000043
974,5.527431632371611,3.0666116443572533,200,1.0000000000000422,1.0000000000000422
975,5.526068535680535,3.0620772960318074,200,1.0000000000000433,1.0000000000000433
976,5.52458918635576,3.0574186519673034,200,1.0000000000000435,1.0000000000000435
977,5.522997158046769,3.0526412345126253,200,1.0000000000000433,1.0000000000000433
978,5.521296320863025,3.0477512300284606,200,1.0000000000000429,1.0000000000000429
979,5.519490828506658,3.0427554819549067,200,1.000000000000044,1.000000000000044
980,5.5159142453862415,3.0344705484073273,200,1.0000000000000433,1.0000000000000433
981,5.5138716421352765,3.029266893529684,200,1.000000000000043,1.000000000000043
982,5.5117410897492185,3.0239871317170453,200,1.000000000000044,1.000000000000044
983,5.509527790620388,3.018640852826691,200,1.0000000000000435,1.0000000000000435
984,5.507237140149897,3.013238207633197,200,1.0000000000000437,1.0000000000000437
985,5.504874707925564,3.0077898808392924,200,1.0000000000000433,1.0000000000000433
986,5.502446218263395,3.002307060943984,200,1.0000000000000429,1.0000000000000429
987,5.499957530203702,2.9968014069956332,200,1.0000000000000437,1.0000000000000437
988,5.497414617056208,2.991285012275783,200,1.000000000000044,1.000000000000044
989,5.494823545591206,2.985770364979029,200,1.0000000000000442,1.0000000000000442
990,5.492190454976031,2.980270305975021,200,1.0000000000000437,1.0000000000000437
991,5.489521535557707,2.9747979837607055,200,1.0000000000000433,1.0000000000000433
992,5.4868230075937205,2.9693668067340764,200,1.0000000000000435,1.0000000000000435
993,5.484101100033281,2.963990392944746,200,1.0000000000000444,1.0000000000000444
994,5.477454922770252,2.951885413250892,200,1.0000000000000444,1.0000000000000444
995,5.474706169321412,2.9468157832178714,200,1.0000000000000444,1.0000000000000444
996,5.4719584819585485,2.9418577558366943,200,1.0000000000000444,1.0000000000000444
997,5.469217745485439,2.937025027864348,200,1.0000000000000446,1.0000000000000446
998,5.466489732024128,2.932331157185134,200,1.0000000000000449,1.0000000000000449
999,5.453999623416222,2.913013533366686,200,1.0000000000000453,1.0000000000000453
1000,5.451414161695574,2.9092747813063786,200,1.0000000000000435,1.0000000000000435
