time_step,weight_0,weight_1,weight_2,weight_3,weight_4,weight_5,weight_6,weight_7,weight_8,weight_9,weight_10
0,0.0,1.0,0.0,0.0,0.0,0.0,0.0,0.0,0.0,0.0,0.0
1,0.0,0.957390148035229,0.04257322088476093,3.662304532799161e-05,8.034682153140124e-09,0.0,0.0,0.0,0.0,0.0,0.0
2,0.0,0.9140572608116231,0.08568813865838207,0.0002541964552806096,4.0366898342439853e-07,4.054699195882598e-10,2.610184727979891e-13,0.0,0.0,0.0,0.0
3,0.0,0.6854349396942544,0.3118716889540392,0.002636527503828905,5.664163232497389e-05,2.011008940861141e-07,1.1125105745720553e-09,2.1465166202783615e-12,1.4170433569479605e-15,0.0,0.0
4,0.0,0.6632869663547502,0.3329296178421848,0.0037019689350744505,8.105652255657072e-05,3.880422534206313e-07,2.2973866150014864e-09,5.7872286470248605e-12,6.899359703064499e-15,0.0,0.0
5,0.0,0.7214058596203545,0.2636315226688126,0.009072057775412734,0.005861931107879775,2.6163169918407757e-05,2.4588335096453e-06,6.7228679358136136e-09,1.0102481725199327e-10,2.187695693419195e-13,6.678532988863611e-16
6,0.0,0.8030059744232543,0.17749159539131837,0.011867450321172762,0.007523065926809771,0.00010685142016259071,5.011684633213831e-06,5.028628794380739e-08,5.427488942175001e-10,3.597143632057265e-12,1.4831376384927392e-14
7,0.0,0.9319132125506371,0.04606097827003009,0.01025054091824478,0.011502785886517394,0.0002491003050030925,2.3068819873424678e-05,3.034141242529956e-07,9.75829126385096e-09,7.615649245807572e-11,1.1222023173794024e-12
8,0.0,0.9365547992128219,0.040479134066501186,0.010333806034315638,0.012235434053871248,0.0003643623594251018,3.18717902786337e-05,5.7421968312696e-07,1.8066974739910617e-08,1.933057706186216e-10,2.8226921833169646e-12
9,0.0,0.9162261734230535,0.056641832877529386,0.011712369905702756,0.014820893461556867,0.0005111225303245923,8.584841918875941e-05,1.6475820189248464e-06,1.1068357182546711e-07,1.080722164338501e-09,3.633102916844613e-11
10,0.0,0.7717178631276461,0.1904836361918909,0.020053187995434128,0.01684361094560616,0.0007006077384378835,0.00019576826253305893,4.791175732458342e-06,5.27942869995897e-07,6.31102365549543e-09,3.088257208597796e-10
11,0.0,0.7103131703383904,0.24571831401317432,0.02569433703622401,0.01668314754865906,0.0013450782226178547,0.00023305449923268905,1.2092866203141499e-05,7.812863669854535e-07,2.3584628931895533e-08,6.045024843051418e-10
12,0.0,0.5087744657390428,0.41129353168447835,0.05685362667139367,0.02097501678458926,0.00161124668511552,0.00045816030161499653,2.9809317207496366e-05,4.0111603945203645e-06,1.247105916505564e-07,6.945571297470489e-09
13,0.0,0.44413546365046186,0.45491927430250645,0.07204094408990568,0.026469286724529188,0.0018237584949551684,0.0005615888657466096,4.179321347649897e-05,7.628229606513067e-06,2.4369781479196803e-07,1.8730997280397366e-08
14,0.0,0.7267507932019229,0.13331449739048903,0.023499609602961463,0.1121972635031871,0.0034528688412136317,0.0006888048128396192,3.432067173670119e-05,6.082304058870004e-05,5.965403243038935e-07,4.223947370704638e-07
15,0.0,0.746498948818353,0.11255404174405755,0.019085165383035722,0.1164465730726302,0.004599588220026969,0.0007112276742352764,3.859424723082171e-05,6.442697425577973e-05,9.60986091051385e-07,4.7288008401784415e-07
16,0.0,0.5229155811477643,0.31997153805266587,0.06322549428069571,0.08775030848752277,0.0037747844381702715,0.002216461771574924,6.580306449742148e-05,7.815888998426057e-05,5.465408098151369e-07,1.323326315021873e-06
17,0.0,0.6764685923874538,0.24487767749513292,0.029683071461927345,0.04154626909150613,0.006594613390887037,0.0007412871801484324,4.121702511624752e-05,4.500808875332407e-05,1.912744867035002e-06,3.5113420870311126e-07
18,0.0,0.6894604833832936,0.2421241875980865,0.016389282620560826,0.04206763381118209,0.009259743698767739,0.000619841520290361,3.423735553383903e-05,4.125504123430194e-05,3.0593715034761574e-06,2.7559954778580396e-07
19,0.0,0.6900771018550091,0.24898549719052243,0.006825556319171078,0.04230577746237324,0.011124437753785698,0.0006152907268076527,2.3207121187594217e-05,3.903162710679862e-05,3.839033491436256e-06,2.6091054559136515e-07
20,0.0,0.4517465951738744,0.392959395026989,0.101123537812163,0.042989808165433956,0.008419237360843115,0.0024577918229667355,0.0002555275594249915,4.4884345014000726e-05,2.4454296134734284e-06,7.77303677940687e-07
21,0.0,0.4267026564078484,0.40603147409904405,0.11140502306599502,0.043789959937455686,0.009083109556096758,0.0026270156119667957,0.0003070267964652156,4.995906542724151e-05,3.0055433102264886e-06,7.69916391507385e-07
22,0.0,0.3299169799119836,0.4095624600744443,0.1624008331480831,0.0854300337327484,0.008780022880551637,0.0032341466600403334,0.00047733873495597607,0.00019164260431463716,5.975255943779782e-06,5.669969353893124e-07
23,0.0,0.34194853944299447,0.37285171555393326,0.16089906808230878,0.10948222370431376,0.011006667128269379,0.003010057370317706,0.000519533692548779,0.00027196290322823005,9.746981576453046e-06,4.851405101923146e-07
24,0.0,0.5213315564230244,0.17291269492566336,0.06993029857084795,0.21552137473418448,0.017968130377564433,0.0013654272109655827,0.00030346276285232374,0.0006484406870266594,1.7021662131913844e-05,1.5926457400850124e-06
25,0.0,0.5864621636378734,0.10986764505654038,0.013622042431713312,0.25442176878050593,0.03282202070807481,0.0017326661198332292,0.00018766871371360958,0.0008358153378927627,4.338728092401016e-05,4.821932929885781e-06
26,0.0,0.5844755800705452,0.11109320294714636,0.00419455370317262,0.2585985693238213,0.037599854897964705,0.0028700951072728777,0.00022449716402107525,0.0008821980797172964,5.334058015715627e-05,8.10812618249338e-06
27,0.0,0.5099390664260711,0.16816435886870423,0.03607306895360598,0.237208572200116,0.03977137499190021,0.007269945640807697,0.0005978218681153345,0.0008956737784471707,6.253218208074689e-05,1.758509015284277e-05
28,0.0,0.41786790800051965,0.23682824278362904,0.08953775760185444,0.20247599524621526,0.03977184923543904,0.01139119113767752,0.0011633941515559827,0.0008662476526486369,7.269578549077694e-05,2.4718404971612532e-05
29,0.0,0.34226538971645676,0.2911018779828701,0.14141542927484044,0.17058398563515198,0.037103078882518695,0.014819874987110526,0.0017252321822122847,0.0008765605876283583,7.824726435227635e-05,3.0323486860614287e-05
30,0.0,0.3042830572320368,0.3517708549708502,0.17278584056907045,0.11466029676341985,0.03811284836464237,0.014764016260127005,0.0016383529570619128,0.0018387156874437006,0.00011476985885762911,3.124733649215885e-05
31,0.0,0.31729568499818145,0.34692226572462265,0.1582833306310485,0.11684827458744673,0.0433861149277076,0.013448856809968681,0.0016453043044458416,0.001992359130431298,0.00014842312344225033,2.9385762707060182e-05
32,0.0,0.4383428899753083,0.30060181495453814,0.04544806935929123,0.1419691813259479,0.06468634475330788,0.005380612259025265,0.0005074395058944657,0.002817996259081231,0.00022032286198159118,2.5328745625910097e-05
33,0.0,0.4714630895948381,0.28989306689281924,0.009075775541899981,0.15058219903032155,0.07226978446793846,0.0031953252794309113,0.0002290293865736159,0.003016165271013564,0.0002445896437132174,3.097489145339575e-05
34,0.0,0.446487276149464,0.3185206951307999,0.0024509041500265015,0.14112885371063255,0.08291205315050422,0.004956006508485221,0.00021814426390415282,0.002923237152513865,0.00036540183229566105,3.742795137554937e-05
35,0.0,0.2955936793623098,0.3567013588896777,0.14231474290879345,0.11739160468660591,0.06370736570786191,0.018013092361478744,0.003601091691512967,0.0022425724506861967,0.000319831528988909,0.00011466041208613369
36,0.0,0.4056816391363855,0.15536723294102187,0.011528853269320294,0.3163493167556545,0.098605693170548,0.005217670180621213,0.00024317361636920926,0.006379952917200666,0.0005986019043270757,2.786610855353174e-05
37,0.0,0.37146652964201815,0.1832315293751831,0.024815001310794872,0.29251467600053377,0.11032132818495033,0.009738235852421506,0.0013031450456489602,0.005812706680496875,0.0007350012164588641,6.184669149534584e-05
38,0.0,0.2729112789926239,0.24390483341294467,0.12569478862392264,0.2271747356688963,0.09772160001108296,0.022248846338441406,0.005059153992726381,0.0043985416878893555,0.000759159489819784,0.0001270617816546621
39,0.0,0.24670252808363502,0.25933230106779726,0.15527787071325908,0.20931471694142811,0.09229434738357935,0.025869202629402094,0.006261226911029966,0.004046421369742363,0.0007566855109657351,0.00014469938916304806
40,0.0,0.18686112760630144,0.2979807141898163,0.2283459996271659,0.16387345886457358,0.07501867940658867,0.03414914082757884,0.009256591056868423,0.003583981709115472,0.0007500947828877106,0.00018021192910588796
41,0.0,0.17373283376633245,0.30803271226694606,0.23899640163399402,0.15192843459413755,0.07589911102157736,0.03568315141238389,0.010680013426528136,0.003962574301445443,0.0009077891845037592,0.0001769783921537837
42,0.0,0.30295148075359973,0.2991239962275738,0.05082451015676851,0.17458801211355413,0.1414488993919487,0.015442786417493939,0.002933113939749105,0.010695504725701924,0.0018448975658747486,0.00014679870773828067
43,0.0,0.3017629094082335,0.3012032646133974,0.04675083482743514,0.17070961892483258,0.14677592859505545,0.017035912150587904,0.0028879470655496812,0.010620527330496812,0.0020865301989823333,0.00016652688543239086
44,0.0,0.32182119881215965,0.29844884710445185,0.005046132575591103,0.16659378812176517,0.17209391980092892,0.019495438021485192,0.0014442738982569875,0.012001028718553203,0.002715792520966937,0.0003395804258442874
45,0.0,0.31790832396024127,0.30019216184477177,0.0059004522996658005,0.1526882116555831,0.17984909237954821,0.026385777190678875,0.0018193757658966363,0.011523351788822574,0.0033029921514950112,0.0004302609633002553
46,0.0,0.30035268137021237,0.29877480369668885,0.02738753547044682,0.13968712248548917,0.17768574004315507,0.03602635788865999,0.0046651979588392505,0.011177197911810089,0.003611950566669263,0.0006314126080327918
47,0.0,0.2886316504505307,0.2954155684540975,0.04565223857303508,0.1260133224857159,0.1754808553188235,0.045845064487423065,0.007562310063050458,0.010502846782847143,0.004137118207463356,0.0007590251770171908
48,0.0,0.2698462875665488,0.29300815132943264,0.07182912077622088,0.11942204083860679,0.1658962712275095,0.05318595234735618,0.011514458784544736,0.010158557995569365,0.004254587655600604,0.0008845714786143722
49,0.0,0.17647589628409077,0.23274297011739614,0.19089166332458044,0.17535040395869073,0.1057681672122263,0.06626910918118427,0.02505099042804806,0.022260169171358188,0.0037973455212298272,0.0013932848011988725
50,0.0,0.17886377064502376,0.22856579682137662,0.1746239318424093,0.18018070245620738,0.11783733708052097,0.06341230450670748,0.0265186769862246,0.023705107795496234,0.005019260143296061,0.0012731117227414265
51,0.0,0.17903443458689106,0.22794017385448948,0.16430070339606012,0.18076842007424174,0.12631926323750187,0.06227938028629486,0.027772258061876033,0.024352101790674457,0.006022256715743298,0.0012110079962311833
52,0.0,0.18967252336205967,0.21965586806069998,0.1466535215253694,0.18847401561146776,0.1369569730941471,0.05834730590476162,0.025697628604122256,0.02675790338430524,0.0066271032190625455,0.0011571572340084706
53,0.0,0.19824210886723914,0.2144254724394521,0.12475804965067047,0.19134809789174018,0.15342863197405465,0.05554752522715001,0.024247962827378854,0.028823923024870725,0.008043069938337092,0.001135158159110791
54,0.0,0.2143218448047045,0.20643215301009668,0.09026296629447388,0.1920651436369088,0.180760257067316,0.05249876077418593,0.020161811577149948,0.031951615493336444,0.010328459844068936,0.001216987497763111
55,0.0,0.2847251360977795,0.1638397331754351,0.006446095921207023,0.20247976542071844,0.24445048816202336,0.036705044576399566,0.002946146435768087,0.043491875214744666,0.013230553017940547,0.0016851619779879542
56,0.0,0.28372118618897385,0.16456079695479112,0.004557907497215014,0.19216209582435845,0.25182511157731197,0.041181830875920755,0.0025083513848004214,0.04304109413543229,0.014453482076104146,0.001988143485096171
57,0.0,0.22625246280690392,0.17724844822911665,0.0862972395496094,0.16245102693917496,0.20408362435603525,0.06518951942736351,0.023145659221622535,0.03755530022934258,0.013827717880676266,0.00394900136015944
58,0.0,0.2168966488473872,0.18504717246633226,0.08627127084717522,0.15073808622875626,0.2071446524045622,0.0719711520908802,0.026361223219792302,0.035444975978493866,0.016324629982973723,0.0038001879336513537
59,0.0,0.14223145618795593,0.2127814821247068,0.16437219223878896,0.14735344549100707,0.13915375721329692,0.08948006675937428,0.05393755962529332,0.03059982382386655,0.015160838791280494,0.004929377744434359
60,0.0,0.13899858500700674,0.21363896404993157,0.16165793757510727,0.15057042969278628,0.13667445215579999,0.08918059370752518,0.056340672996362785,0.031780765495582584,0.016358145132538197,0.004799454187364322
61,0.0,0.24748517268312406,0.156902453469535,0.03278897071955189,0.16544727868373604,0.23358475488675917,0.06677369588536455,0.013821403568123385,0.05353046542391561,0.025491571856189492,0.004174232823705575
62,0.0,0.26701680467840677,0.14334788780916588,0.018151326979169876,0.1599490190116134,0.24487820838491706,0.07151818179203524,0.008538657715298603,0.053343946896303784,0.02876661939998443,0.004489347333109862
63,0.0,0.284091005362452,0.13032989930907624,0.00799036125893945,0.1530415508081468,0.2524693286462155,0.07858309070381142,0.004296377065188782,0.052227598302221664,0.031958943086795456,0.005011845457157467
64,0.0,0.26504872261090484,0.1341547118634913,0.03641986410834722,0.13589685710074656,0.23435296924034588,0.08822005512935649,0.018731644139908774,0.04860184475315306,0.03298138831603543,0.005591942737715404
65,0.0,0.18918800628912155,0.17796178537460036,0.10754622757951258,0.12414298636785279,0.1651031047808944,0.1014769282470091,0.057589594726456105,0.039956529554691714,0.030403901836308818,0.006630935243557683
66,0.0,0.18587533113187285,0.17905476617993285,0.11073649161416321,0.12255961984561425,0.1592624907453225,0.10331089213654215,0.06170093451794107,0.03911686423734134,0.03201746476670162,0.006365144824573348
67,0.0,0.16407108924261815,0.19526703610649135,0.126276942044987,0.11944783933582054,0.13884017058527232,0.10437264477313017,0.0738598093210809,0.03892364023943106,0.03254576503899253,0.006395063312181246
68,0.0,0.16496873274131674,0.21116422257507853,0.11038306617664706,0.11396705196152762,0.1418753072089126,0.09421151453065595,0.06994469987589041,0.05172726905236057,0.03474009567775369,0.00701804019986218
69,0.0,0.21962033813660176,0.19208094741252818,0.05344766588288603,0.10619649468221008,0.19152954353270316,0.07988643530366306,0.03751703969420251,0.07116265090921653,0.04091220774494672,0.007646676701047531
70,0.0,0.23313571324173485,0.18710085400920384,0.038442363448373554,0.10119723304823217,0.20502849885704064,0.07966228898975239,0.028401247932993624,0.074293551762143,0.044616177920417076,0.008122070790114651
71,0.0,0.274061085677918,0.15563456544326437,0.01974659530720639,0.08604480696509079,0.23764585631252505,0.07176688828975858,0.00976458546917842,0.08450783302868775,0.05113330556079377,0.009694477945582605
72,0.0,0.22288375279443004,0.17370440892669314,0.0667141722012328,0.08513093836177982,0.19396824083569034,0.08389691305386066,0.04038248879561432,0.06889385932394099,0.05416220861032393,0.010263017096439923
73,0.0,0.14983211873714694,0.18957834264940038,0.1298665416165454,0.10850099450203092,0.13046100948718742,0.09113214320092422,0.08640669813372932,0.052185014611929,0.051019386727235494,0.011017750333876924
74,0.0,0.14670117674637628,0.18913866153292427,0.1309092693881114,0.11023795785698835,0.127137476845051,0.091481492798368,0.08908692138392023,0.051254850982513374,0.05375348601896771,0.01029870644678543
75,0.0,0.14187077915293642,0.18359547490653183,0.13278309929354368,0.11726873666764004,0.12054959801981631,0.09213643913625026,0.09337987310964874,0.050334306546403466,0.058791087420198125,0.009290605747037285
76,0.0,0.19585882761226214,0.12495781987793574,0.07209856810310158,0.1537026698924287,0.16020978058322988,0.09540343743331334,0.05292144684797488,0.06477471240974395,0.06664251895609598,0.013430218283920098
77,0.0,0.2564351132149566,0.07930890320502798,0.010770255364393973,0.16620609308724352,0.20773320538935605,0.10029671683784952,0.008312501757263661,0.0785675084978512,0.07520266753655776,0.017167035109505905
78,0.0,0.26546590303562434,0.07115931580877315,0.0036552281249677123,0.1608596214261803,0.2131161428770883,0.10567793597743916,0.003006246009258446,0.0778313106265423,0.08054353145640765,0.018684764657724715
79,0.0,0.21742699313269054,0.10059141425673848,0.0571894725173556,0.13529082099214393,0.17379243380189774,0.10553281986018052,0.0436375871830181,0.06588507535745447,0.08297006291459103,0.017683319983936085
80,0.0,0.19375755335213513,0.11557994017069802,0.08272583319315958,0.12184044042149367,0.1517980598199815,0.10759360693695938,0.06393678832018973,0.05773768407941567,0.08874220209693202,0.01628789160904172
81,0.0,0.1904948319217272,0.1162129569874841,0.0867662905416809,0.11812327353422282,0.14703171433587278,0.11033803718970721,0.0670837854785996,0.054629237551411525,0.09369017942938927,0.015629693029911386
82,0.0,0.18687719300248246,0.11607848759398368,0.09177883486984142,0.11343381413322821,0.141623516090138,0.11394233756577136,0.07008770970881224,0.05132852646888877,0.09972577131351242,0.01512380925334829
83,0.0,0.1455371513851826,0.15071877502400205,0.1350447202167237,0.08973324810844129,0.10885536367522707,0.09787332477494423,0.10592520217640845,0.053106054709130095,0.10247684072678717,0.010729319203160448
84,0.0,0.140233170529596,0.15984992256960964,0.13826381012275346,0.08347557976368364,0.10386708386953154,0.09165890237644767,0.1087660015609814,0.058564888515289265,0.10496470934874896,0.010355931343365482
85,0.0,0.1398352310828024,0.16270591698924994,0.1373588483933108,0.08048011781027345,0.10204273672538555,0.08808461859294459,0.10615141871437929,0.06362267343323975,0.10936927587086258,0.010349162387558803
86,0.0,0.15993456708442388,0.17274131895540437,0.0989131741298155,0.07931773431870524,0.11471659694576342,0.08065457656498051,0.077793678862918,0.08343419088108973,0.11467797003552987,0.01781619222137703
87,0.0,0.17861409473764234,0.17557651490911297,0.0653171288479287,0.08238253086249353,0.1269967559360606,0.08029063646347656,0.05233437454774545,0.09370721265686169,0.11909575765763736,0.025684993381048665
88,0.0,0.1520396356712614,0.13939220527165147,0.1390132162642048,0.06898362532077185,0.11014349633503737,0.058319376155609136,0.08597046736967555,0.07930927290659845,0.13025734668374478,0.03657135802145316
89,0.0,0.1330646838551726,0.12929702861955197,0.1629960815689625,0.07888901732295435,0.09452009930438637,0.06221196779021132,0.1044144264742529,0.06277810493003046,0.14190647624006159,0.02992211389442377
90,0.0,0.13433017576626363,0.11832748728740027,0.15195376887307888,0.09668178163033156,0.09527959844828111,0.07174183208492574,0.09908586330368278,0.055500576503798554,0.14717899669225473,0.02991991940999104
91,0.0,0.13728909488030253,0.11394842160667432,0.14370353518931514,0.10172860271797743,0.09869405324556317,0.07650261831503845,0.09262177230439872,0.05307619356805953,0.15315905789331283,0.029276650279366098
92,0.0,0.15526598768021244,0.10711042066943621,0.09776804476975835,0.12218603091422753,0.11656694870000815,0.09385803306102755,0.06247596455878776,0.05194239594755466,0.1532717321887586,0.03955444151023722
93,0.0,0.18557555947545903,0.10417006302400901,0.025371268669377493,0.14858621963894775,0.14567706269212954,0.11511081784252726,0.016425409939788083,0.05553000480759997,0.1459382931397799,0.05761530077039066
94,0.0,0.18352974118772142,0.10914441953907354,0.017073987569920804,0.13832350523666634,0.15411840624850076,0.12580561641163737,0.010539321578500899,0.047206713328999624,0.14655491091555095,0.06770337798343717
95,0.0,0.18268026616817504,0.11065342358758976,0.015260276134004113,0.1342018287567102,0.15694052225014288,0.12902660703491217,0.00922632295215917,0.04464865511490947,0.14598874735292755,0.07137335064847865
96,0.0,0.1854261038586093,0.11354492080201495,0.0025142204016504292,0.12152988135221165,0.1706684275385033,0.14056106481273747,0.001600764477729986,0.036826754739668184,0.14382148697250577,0.08350637504437784
97,0.0,0.17823691098132577,0.10657539695330835,0.03102794957385806,0.10649044878537792,0.16257882540464536,0.13503490059734194,0.020646726500966727,0.03179337295703744,0.15723391995363495,0.07038154829251242
98,0.0,0.17530941046728438,0.10444847358940464,0.03948754172502628,0.0926062783076806,0.16537855258872422,0.13839729387538538,0.025139216184020194,0.028340819160309227,0.15680028211579528,0.07409213198637887
99,0.0,0.1409481951075433,0.0766584322880775,0.1517185621422145,0.06862792905249213,0.10805685134285098,0.07816447290764719,0.10628514119972578,0.048236535746148335,0.21001426762222977,0.011289612591079818
100,0.0,0.16204897973317411,0.10159135010418338,0.04641872174713653,0.10614013680070036,0.15166687228914275,0.042489096408459374,0.03736085015783728,0.11716889719643918,0.16203085185277977,0.07308424371015675
101,0.0,0.15977811331233058,0.10889429781533216,0.0327258514871464,0.1122978187004885,0.1539502417177279,0.04391471088848743,0.02628016470572818,0.1129443148905099,0.16901206968272825,0.08020241679953005
102,0.0,0.15702543890671147,0.08452942304158863,0.07962062780900236,0.09449455612193848,0.14621170603547765,0.04062881036662896,0.03729095101848276,0.10291209446975719,0.1923680215578528,0.06491837067256913
103,0.0,0.1516371801620529,0.07666216847529707,0.10400106274288216,0.08826844879454437,0.1337442712048106,0.04555963276869179,0.04922021082151047,0.08997770306107507,0.21117492403572938,0.0497543979334158
104,0.0,0.14825394400033853,0.07076753780370981,0.12095459480288742,0.0841008715350669,0.1248035595168715,0.04969631014365807,0.05712799573281417,0.0815605114613571,0.22349938344529935,0.039235291558006674
105,0.0,0.14136015055441903,0.056146708537110436,0.1588405340577118,0.07550426428824206,0.10341314846509439,0.06331146872080863,0.0736004281145754,0.06308483904859631,0.24880328036550092,0.015935177847950472
106,0.0,0.13665707543548516,0.055171595418688435,0.17056359831516393,0.0722038264354191,0.09440426067666563,0.08308069185987244,0.07780687103970597,0.04617759737824928,0.25040853456119266,0.013525948879567007
107,0.0,0.14014682923000032,0.06698097930617296,0.13975337327192702,0.07726383968427733,0.10825917526840728,0.0972105693071764,0.06162412149832756,0.04238258379790319,0.23154644847635467,0.03483208015946315
108,0.0,0.154293222580064,0.1061796347380375,0.03971307701205176,0.09307208773093102,0.16062275321572728,0.11240314703061564,0.016411359895015423,0.04195676923607906,0.17837307166926558,0.09697487689222259
109,0.0,0.14158715996047558,0.04688339353745112,0.16614923024168926,0.06496537032970692,0.0919111460694415,0.08794821926789023,0.07522759474328487,0.04676840690265417,0.26167073304334465,0.016888745904071526
110,0.0,0.1409790251436104,0.05030788587705053,0.1486117769961844,0.07582944733514024,0.09656017758791709,0.07895348936613543,0.06580550238814431,0.062478674317128,0.2524371550047052,0.028036865983994273
111,0.0,0.148496211621894,0.07622668243053186,0.06851733691521578,0.10016565927536393,0.14006222785739955,0.05936764119335341,0.03176427856306511,0.08832987800261223,0.20806874894551278,0.07900133519506153
112,0.0,0.15529453313062722,0.09201518175356511,0.01696644988173241,0.11235371225677518,0.1716705867765233,0.04929706876155191,0.009698442150839866,0.09992751077356155,0.18256372310823824,0.11021279140659544
113,0.0,0.14116429480918805,0.03683989173545599,0.16528899370822936,0.0749251729770848,0.08195371121811919,0.09766558632400729,0.06425571602625477,0.05719533133308741,0.27037318859265963,0.010338113275923759
114,0.0,0.1415448678585156,0.03676877021685904,0.1635160768416873,0.0755381488741784,0.08057860780039444,0.10146974972028859,0.06260388734714108,0.057391327465015914,0.2695678126310335,0.011020751244896536
115,0.0,0.1471532337715923,0.07760863801708652,0.08602742687331429,0.08018036910003581,0.1274133185177831,0.11269675609929344,0.03329619480279009,0.049900538821389506,0.21802531854720333,0.06769820544952213
116,0.0,0.1543649428647534,0.09893369204698396,0.03513928633442911,0.08002822795899782,0.1628236336896932,0.11424640439220993,0.014025024301560555,0.05154401952575494,0.18425135274204307,0.10464341614358474
117,0.0,0.16168563302814948,0.1010571866329853,0.022202925883009178,0.07238793630402433,0.17451015000628567,0.11382788592050534,0.011402446421462648,0.05007674710925697,0.18498341971890317,0.10786566897542874
118,0.0,0.1626883314887224,0.08301846200833625,0.05186741040099441,0.06327002721110628,0.14947922549659387,0.12595131342951096,0.022703233098844113,0.05353124257920214,0.2011179783024013,0.08637277598429917
119,0.0,0.1611988728187548,0.06971998270812903,0.07689036690663113,0.06198169926454638,0.12595762723415405,0.1314247803610885,0.0331831543386758,0.055381506661582376,0.21855959022414062,0.06570241948230825
120,0.0,0.1621097138566464,0.06726572480745531,0.07867462815263304,0.06139222627258773,0.12173427908537636,0.13543918293038296,0.03355400035250254,0.05725352704705398,0.21818325135527647,0.06439346614009621
121,0.0,0.15876130064597987,0.0536915183300545,0.10572053156450908,0.06365751269528387,0.0943361338867535,0.13815696384595944,0.04650545477992893,0.05961138818984056,0.239207238919463,0.040351957142238326
122,0.0,0.15544125134170297,0.04295307633496517,0.12365040143050375,0.06946926844664916,0.06963275890571444,0.14099658725778674,0.05592902666812278,0.06586330124071288,0.2525904379561297,0.023473890417723697
123,0.0,0.15158880166315916,0.03987440373776134,0.1235154253805791,0.07966467646727493,0.0595584997987976,0.1348681719310133,0.06032088621169837,0.07585419963523568,0.2540150523651351,0.0207398828093571
124,0.0,0.15804602802782594,0.06825717554929264,0.02075023718126055,0.0974070678319496,0.1575819037475434,0.07880998394925216,0.02071544684984429,0.11135462009020888,0.17772232564499746,0.10935521112783705
125,0.0,0.16244698189136697,0.06719695442875068,0.005613953772798761,0.09717659429731094,0.17986422538580674,0.071145966722917,0.0034322778337973073,0.12338055585064635,0.16314205914537264,0.12660043067124457
126,0.0,0.15728842496545942,0.06514798828910508,0.0190122746778989,0.09654049972690334,0.16452449897436522,0.08087156511879888,0.004364384706325442,0.12085017223335918,0.17945815374446328,0.11194203756333292
127,0.0,0.1523616145960159,0.052792562643957285,0.05350211117761244,0.09678155849134892,0.1264442514700017,0.10050351915321044,0.011942139403274696,0.11842661321481456,0.20524828080525634,0.08199734904451983
128,0.0,0.1424686456791982,0.03129968621034132,0.12091113874056424,0.09908393340245183,0.046411045134710116,0.14165349776506025,0.03323888040044192,0.10972806111311825,0.24924037570556623,0.025964735848560117
129,0.0,0.138903324717223,0.032260606594774685,0.13045158619828193,0.09933128690434882,0.030141481665267346,0.1547615471027287,0.038760900557525374,0.10326854752651647,0.25398051760265716,0.01814020113068921
130,0.0,0.13797411067343054,0.03357505260101298,0.12899825776299598,0.1007496598701314,0.02704880821606763,0.15791289603296416,0.03778964130318169,0.10492258591967407,0.25086782189416773,0.02016116572638676
131,0.0,0.1381282152846278,0.040670084872983014,0.11768442545239532,0.09893939465417378,0.03680720863137065,0.15980560609074662,0.03561426388259467,0.10077498582028144,0.24080308227268574,0.030772733038154036
132,0.0,0.1385442516042911,0.04305612863224964,0.11250865736485811,0.09855978426785557,0.040592967461240276,0.16027993148173372,0.03401891654775365,0.10116356096360903,0.2349514155575064,0.036324386118915905
133,0.0,0.1401751015323111,0.047854234044850466,0.10077410630258289,0.09685827108540253,0.05189909854083423,0.1592192181333195,0.030514761832535743,0.10113333966899675,0.22356393512749137,0.04800793373168881
134,0.0,0.1452104557203375,0.05944344328530903,0.07028327170392554,0.09144789635770646,0.08687861040714197,0.15148796855739124,0.0216439101918372,0.09782479621791937,0.20301127932557222,0.07276836823287301
135,0.0,0.1511099308785376,0.07293869430730911,0.03431831274079277,0.08528578765731405,0.128884408449241,0.14050966140014848,0.011430140320883995,0.09322546414876075,0.18481046023440295,0.09748713986262299
136,0.0,0.15377711752519715,0.07945891933468209,0.017423603692355523,0.08252429430364569,0.1477419698112883,0.1354912122347337,0.007016546943834137,0.09111161067810011,0.17818207109588044,0.10727265438029653
137,0.0,0.15600167809828774,0.07956794989561944,0.013188698839104531,0.08143502064619798,0.15110354975977042,0.13571991222721957,0.006078147592984229,0.09189537614491942,0.17616456105744047,0.10884510573847007
138,0.0,0.1571613182699958,0.08415850290117563,0.004027066999479383,0.0802839705116324,0.15569576900585852,0.13608999253752335,0.005707124510241395,0.09121086005612984,0.17769333836958898,0.10797205683838852
139,0.0,0.15661015674038492,0.0823894013335819,0.009925256257681496,0.08138038657938071,0.14280454758557645,0.14185433609946957,0.00921829750740421,0.09311816186555412,0.1834461525038596,0.09925330352712078
140,0.0,0.15267146318924388,0.07758248086913999,0.029280079029027854,0.08480665076470992,0.11101921530253062,0.15301125687804965,0.017981427392976854,0.09750301389785346,0.19495654377048444,0.08118786890599708
141,0.0,0.15574115815038994,0.07259499914953989,0.03492579943673401,0.08571274803571463,0.09426205672879497,0.16448951045993485,0.020256928550473906,0.10096420657478473,0.1986953165762693,0.0723572763373776
142,0.0,0.1396126954204226,0.06618476571228607,0.08869811926828503,0.0915495621103289,0.017096401983598984,0.17940552303699336,0.04740785838729448,0.11688996204070949,0.21302513817286045,0.04012997386723479
143,0.0,0.13893074868273378,0.06720175458248871,0.08903499368621151,0.09124590848443978,0.015954079741504118,0.17990735059605473,0.047583204192261724,0.1170408833953343,0.21242740558342044,0.04067367105556496
144,0.0,0.13312905460640942,0.07551155367194554,0.09160615177671658,0.08609473529559729,0.01947459474263422,0.16769413775146716,0.05121115734895783,0.1200329859793148,0.20738042557458342,0.047865203252388085
145,0.0,0.13233592280021428,0.0794933292506852,0.08812161368532224,0.08317928353764557,0.027536408819031015,0.16025883644926034,0.051591930111523125,0.12007066535803855,0.2050737854762052,0.052338224512088735
146,0.0,0.1402564511818866,0.09490578374837745,0.049444517363980374,0.07014367682460679,0.09198430098351201,0.11886231113142409,0.040283096324428315,0.12021707284820099,0.19735116466370142,0.07655162492989655
147,0.0,0.1480715603379256,0.07454851723182583,0.052392189482706235,0.0943158013146681,0.08488651081623141,0.11950087537548915,0.013363638172133718,0.14161053642282934,0.214672714352243,0.05663765649396221
148,0.0,0.1283815987815054,0.05888140915948193,0.09260818397780612,0.117316555640597,0.03290795305234238,0.14433278068688715,0.047238295275729446,0.1279175861754163,0.2087502345852003,0.04166540266504881
149,0.0,0.15419177213263863,0.061567827915663495,0.01966424042984207,0.10253837345623908,0.14307187423067533,0.12229429074209142,0.020652391705340657,0.09077308212241013,0.2042713701228281,0.08097477714228603
150,0.0,0.16400131213568203,0.058983769576300804,0.005464214846408085,0.09705145404899551,0.16386680926893532,0.12179632124891968,0.00962729570578219,0.08522285372680333,0.20994504042662365,0.08404092901556454
151,0.0,0.1708198561716299,0.053063420178276616,0.003974587636815036,0.0939370018173131,0.16964126624361694,0.12099957472005292,0.007443036940731087,0.08527776911757598,0.21538278561560473,0.07946070155839895
152,0.0,0.17024089364280198,0.05255284946592156,0.014253810666181744,0.09021699599186674,0.15084902634935948,0.13655798101279581,0.004344322085409181,0.08668475476671021,0.22307367522134552,0.07122569079762306
153,0.0,0.15923390331949125,0.0563080100924013,0.04146806416710367,0.08614753483104337,0.11460104357022609,0.14780961304327012,0.018417099296314483,0.09246534461712363,0.2222641475704798,0.06128523949256157
154,0.0,0.1595343693114931,0.055333625386076155,0.04614084949762968,0.08206687045344405,0.11485699349008692,0.14598350466594093,0.021224049003562877,0.09225997662956467,0.22267565460242542,0.05992410695979173
155,0.0,0.1320989876575819,0.07793815753587681,0.0857810780105881,0.06910403719402618,0.06904035084139185,0.14262216893982932,0.06012363552186347,0.09932078537184102,0.2068274193897111,0.05714337953730612
156,0.0,0.13146350929407338,0.07886355619463303,0.08692159032777871,0.06744694539333912,0.07029056339275938,0.14060601651276472,0.06143692028872752,0.09864142322249221,0.2064111779325599,0.057918297440887986
157,0.0,0.1264681795190151,0.08911731205383261,0.09142306576381252,0.056014722456003675,0.0802176600413588,0.12271535222188619,0.07245472732135283,0.09432002659213053,0.20319328332233783,0.06407567070828586
158,0.0,0.13692218009281062,0.10224365493850678,0.06588382193693386,0.04247626019039227,0.13064780632912162,0.08156020368030187,0.06855836011082145,0.08338277594061635,0.21450784728769895,0.0738170894928121
159,0.0,0.1718437601269538,0.08928738581037528,0.023946451921142673,0.050724657622856995,0.18408475542741795,0.0607167648594549,0.01794074566292637,0.0870784531889513,0.2518900346884494,0.06248699069148754
160,0.0,0.1722610374069418,0.08818008665236537,0.024270412771940045,0.054005467348177745,0.1848817861909483,0.05859765955384247,0.015199383958684861,0.0848230942867202,0.2561852007962253,0.061595871034170406
161,0.0,0.1719832760149551,0.08558069724514758,0.02748362107930419,0.0614325781904506,0.18269374995933685,0.05605377536966786,0.010704764841254641,0.08127293879850944,0.2632471742834223,0.05954742421796801
162,0.0,0.1558125799312177,0.0748978156135081,0.06629985719750725,0.07852866087198554,0.14180543741132987,0.06873619785782605,0.01849639458916215,0.09171358078163332,0.25577516209257867,0.04793431365326815
163,0.0,0.13450131614596653,0.07331816936041932,0.09913859895018554,0.08448501982598293,0.12022185509301268,0.06719200914209277,0.04604774501550513,0.08627720006581822,0.23893195588273233,0.0498861305183016
164,0.0,0.13248024259218083,0.07448586863361331,0.1013741840882138,0.08237064305973912,0.12401059092768993,0.06303296728065048,0.050448448839139584,0.0815051364094011,0.23783720229813685,0.05245471587125218
165,0.0,0.1318077065835137,0.07641596055016185,0.10202510445400083,0.0787497306213214,0.13006909101088138,0.0580036217129894,0.05314300675040788,0.076153568513115,0.23774109415392103,0.05589111564970495
166,0.0,0.13161075921701562,0.0774238527664532,0.10263020776183451,0.07609739801695131,0.1343063309876493,0.05442680028951717,0.055450217404618904,0.07245926061340209,0.23692324512517374,0.05867192781740182
167,0.0,0.16693028912266028,0.061747001219309906,0.04453710871558757,0.07597617131103312,0.20209894836655873,0.0407521837004426,0.037743017759406326,0.04804247301713631,0.2608346423668442,0.06133816442103879
168,0.0,0.1764192521005119,0.06346616559851896,0.017649235581173824,0.07735890566206402,0.20933409856942567,0.06418927637143057,0.0067541893802565795,0.04517019707763949,0.27861854049769663,0.06104013916130059
169,0.0,0.17271582103756938,0.0644281547952246,0.024092962850163446,0.07540117960379601,0.20359181877714316,0.0665114758589116,0.009518832344135638,0.04768760739429454,0.276259804548333,0.05979234279044712
170,0.0,0.13340812444885983,0.07671747615264025,0.09963779773799437,0.05031165901793322,0.15090997855377325,0.06001448484383902,0.06667537309758523,0.06732733400634253,0.2353228837354692,0.059674888405581494
171,0.0,0.17087411019323154,0.0721190094367204,0.043896592787592656,0.052952775632263895,0.2040642343474531,0.03573981818850766,0.041694862852406894,0.05236285179577142,0.26347852079516687,0.0628172239709041
172,0.0,0.14032275212506934,0.08433296679716752,0.0852513624335765,0.07139685094691046,0.15275340430280698,0.0475777957818009,0.04482015895287053,0.06284436271357056,0.24778621463369507,0.06291413131255054
173,0.0,0.13593538337652708,0.08567213652445554,0.0939749774066173,0.06961087982354432,0.14802013991557783,0.04502627469448706,0.053790208275049045,0.06137869604408468,0.2402619315854144,0.06632937235426135
174,0.0,0.13419507792757665,0.08590862322867997,0.09906193618135825,0.06753899242479001,0.1464462322968467,0.04280617274637745,0.059907849633064496,0.0604452733872259,0.23545951214335484,0.06823033003074422
175,0.0,0.1349307213478277,0.08719241936577446,0.1003094973159778,0.06543050956570128,0.14624052292062753,0.04036418996640845,0.06461027486937587,0.058374257734364846,0.22895350996725006,0.07359409694671042
176,0.0,0.1393479968704092,0.08498948965999235,0.10014726475264664,0.06157695240459884,0.150067712741726,0.037457318123558424,0.06797898022183242,0.05761249624866295,0.2266178422511084,0.07420394672548329
177,0.0,0.14062802346608191,0.08499547845202556,0.09952853685448618,0.06104180179643968,0.14986387793194048,0.037387414028146,0.06877921667688869,0.057635544301133636,0.22425031763045092,0.07588978886242556
178,0.0,0.14418598968098084,0.08397936813148718,0.09767428944412723,0.05985830325023814,0.15058516831208926,0.037304985723179716,0.06935416305119069,0.05798768006748193,0.22161173302299095,0.077458319316253
179,0.0,0.1950023434322291,0.0664861237773298,0.04284676813631195,0.05327964317909851,0.20057296444881714,0.034398462545024065,0.032694852690702936,0.051385709756147015,0.2670710628218364,0.056262069212522
180,0.0,0.21268773130737936,0.06557424509082499,0.01374231001475575,0.05438824357807105,0.2143876208436587,0.04201077500501831,0.012880937592505522,0.05210690521626014,0.28455156742997256,0.047669663921572826
181,0.0,0.21487622831827452,0.06677810759246289,0.008265061303485404,0.0545759078526248,0.21342799317540898,0.04677931219990221,0.009320782823194047,0.054962546044047114,0.2860637635399449,0.0449502971506743
182,0.0,0.2040988081910257,0.07923142235049277,0.008316106674275391,0.05486904460830251,0.19935331008771948,0.05816661914624404,0.011378458674548328,0.06253982976518187,0.2788949117575949,0.043151488744634516
183,0.0,0.1946956940556221,0.08615411679511699,0.015415701282013996,0.05331116393442486,0.18426186731404853,0.06642686220429747,0.019344931173115656,0.07094067240761118,0.26770476855486497,0.04174422227890409
184,0.0,0.16561804577122186,0.10327037759092006,0.04097246044380393,0.050273720667159905,0.1548632148053677,0.0727473549289738,0.04566265600843256,0.08111765516323743,0.2388682588199351,0.046606255800967375
185,0.0,0.1351238066138899,0.11209420663508986,0.08063725216330297,0.043789562705437296,0.12647235802212103,0.06998656755103633,0.08703798339503567,0.09069313899655272,0.19824382112567815,0.05592130279187578
186,0.0,0.13824792731063254,0.10631337924301111,0.08421772587482565,0.0432688158195231,0.12455427801482644,0.06862416281327564,0.09292533615757577,0.09248612081159675,0.1933995988216134,0.05596265513313936
187,0.0,0.22887979528521324,0.04137667635183415,0.01398688841591566,0.06251045685805155,0.18377584723352333,0.07026712330998192,0.01995100223932418,0.07641641172217536,0.26498559315369374,0.03785020543030644
188,0.0,0.23508976696900108,0.038375036703196926,0.006289624203321969,0.06983962937577258,0.18178690369361042,0.07320998659712294,0.011157528442843269,0.074618291184663,0.27166940672893025,0.0379638261015572
189,0.0,0.23291556533250427,0.042377895927229826,0.002484988610403457,0.07803671726894021,0.17386409957834764,0.0765637795811381,0.006176504993627408,0.07255641841172035,0.2735341989262904,0.0414898313698182
190,0.0,0.21065323046538653,0.0614449918315726,0.013298777018375408,0.08387959524145908,0.15217182838264182,0.07811199035718737,0.017007435580515238,0.07216448705942145,0.25898202697840716,0.052285637085053044
191,0.0,0.18624942886770077,0.08080435389154282,0.030949854660496073,0.0845499948428504,0.12952280039925199,0.07683913304817397,0.03625190995684053,0.07425312662833684,0.2369823534085776,0.06359704429624868
192,0.0,0.18061816399139963,0.08596723871261917,0.03642506291851338,0.08840331784288043,0.1151426851695495,0.0784518755079184,0.04399720930509859,0.07656101392321474,0.22464617935084927,0.06978725327797689
193,0.0,0.1629345370315584,0.10146644468678649,0.052423699060073374,0.08747002204738366,0.0932561261447929,0.076925576399423,0.06367318548864755,0.08083123583995003,0.20036008431087124,0.08065908899053348
194,0.0,0.1602293745019871,0.10506864063154439,0.05561071184219247,0.09119942833241224,0.08012732571472454,0.07929184501072806,0.07009742157429376,0.08429367136121065,0.18819913537019994,0.08588244566072704
195,0.0,0.15831724651362883,0.10722411397172012,0.057971588190997826,0.09199432115019325,0.07450254744986703,0.0798141570333552,0.0735418353449394,0.08591283973424692,0.18255610945412767,0.08816524115694388
196,0.0,0.15258011738849794,0.1155552946444854,0.07410500846707861,0.0796776267810067,0.06548058656805024,0.07412435588200204,0.08691812368316354,0.09131398071186642,0.16810484212844043,0.09214006374542916
197,0.0,0.16007864999990376,0.11307949322178235,0.07754159225103403,0.07272094366025035,0.06348759902508906,0.07368050116726473,0.0875837104893732,0.09600382245911923,0.16497188462385265,0.09085180310235104
198,0.0,0.19018620499407682,0.09817263956730718,0.07305059137918668,0.05750879307969856,0.07269530583339714,0.07544331735311613,0.07263537399745355,0.10326495448328159,0.1756107000171484,0.08143211929535438
199,0.0,0.24263415135565286,0.07606179971338092,0.04728947823731629,0.03853967202786771,0.09907306404905279,0.08344435168393259,0.03179098745171196,0.10722486416976772,0.21159243708336847,0.062349194227969425
200,0.0,0.24842970173622486,0.07149585443493549,0.045760095775626085,0.038279387931817135,0.09440110239171974,0.08950475040839347,0.030585071734432152,0.11298890383115232,0.2071919974266744,0.06136313432904534
201,0.0,0.2657391197602409,0.08153579305319993,0.020064251556164595,0.026098244354409203,0.09168122854722115,0.11417849417559556,0.012251541921216913,0.12229462424516548,0.21609432962909036,0.050062372757717
202,0.0,0.24706834254697485,0.10162948280846942,0.02128606752666888,0.02574848638972859,0.07996994189412822,0.11798166196828266,0.026657218772095495,0.12228626903232998,0.20600565083227354,0.051366878229069504
203,0.0,0.2408862282355509,0.10789944683761096,0.022364694747907258,0.025662873989506143,0.07269704571055284,0.1209079928498171,0.034338766025539084,0.12441100573244299,0.19895933400065138,0.05187261187044255
204,0.0,0.24284891117455032,0.10696002517621393,0.021854426564684032,0.0251870807344036,0.06640617148608041,0.12568781080984087,0.037526471663014434,0.1290502189482172,0.19293676691703485,0.05154211652598183
205,0.0,0.21721593865053296,0.1291862740086796,0.027985850149524448,0.027392509366099965,0.05168447680539142,0.12433685747520912,0.06336942493512732,0.12712410883171596,0.1777104750759812,0.05399408470175951
206,0.0,0.2182822766140099,0.1296282150453788,0.026998475573528757,0.027926343204149696,0.04190531998304726,0.12899983723315223,0.07180752785728003,0.13253503471788622,0.1684911022305642,0.053425867541024304
207,0.0,0.17580128819644128,0.1537029522013816,0.04209825644039873,0.040277808148263955,0.019514385450486962,0.11703037504121494,0.13431765626842246,0.1265160055621154,0.1370492200254173,0.05369205266587875
208,0.0,0.22045090594731592,0.10315919150502946,0.03372291366429415,0.04582794540744031,0.033013588676352595,0.1288412584862314,0.10562683314090977,0.1385083145654556,0.1453256930351591,0.045523355571833124
209,0.0,0.24965934858270075,0.07424775488167357,0.025427904633841078,0.04891997588168085,0.04046455967162936,0.1379209927267376,0.08273341242930377,0.14633256752180002,0.15265107178485726,0.04164241188579722
210,0.0,0.3085888927985404,0.013971310293028318,0.007273901106021245,0.05222051436800637,0.0613189442697679,0.17067340937780912,0.004412920489964614,0.16185201269804292,0.1790812776394037,0.040606816959436826
211,0.0,0.26797507272776133,0.05180533751971168,0.014356655380654395,0.05308130451091903,0.045943857770587404,0.16299941151745515,0.03374289365798047,0.15303327467863514,0.16906214752313528,0.04800004471318152
212,0.0,0.20743121849201246,0.11060651168411907,0.028062630247562566,0.05137615106881877,0.023098567182383404,0.14012771901715604,0.09618943934158558,0.13910263578208162,0.1495768164155096,0.054428310768792384
213,0.0,0.18632981039438676,0.13236802633511083,0.03384160830741626,0.049496692433622744,0.014543819460186356,0.12750584374612317,0.12457463906972308,0.13489432025196957,0.1407673488680629,0.05567789113342003
214,0.0,0.1801368509465616,0.14007951417949457,0.03664698116983095,0.047538260462428275,0.011330637881909094,0.11940371872190639,0.13861456569874306,0.13442504254891555,0.13735252556519512,0.05447190282503723
215,0.0,0.18824039307490958,0.13517388851696846,0.03735370560118942,0.04420981838406178,0.012476726989183807,0.1153110955239472,0.13952621093697196,0.13824806745765308,0.1382267048261056,0.05123338868903127
216,0.0,0.20405785026175385,0.12283554399848942,0.0361395663907919,0.04084100573536129,0.016565867924449362,0.11693602864961716,0.12832505186797544,0.1437842074617,0.14113774043288038,0.04937713727700331
217,0.0,0.2087072980392065,0.11830155297807537,0.03598528257817904,0.04058073439591084,0.01757657421346939,0.11755437445194862,0.12506736746766758,0.14593486865731292,0.14266301087745928,0.04762893634079269
218,0.0,0.21112358206269774,0.11488051095068064,0.03646747554649304,0.04096009435804747,0.018236497743802368,0.1175915607192691,0.1234474901415483,0.14755240793066382,0.14461310447260295,0.045127276074217036
219,0.0,0.25584603993868127,0.07560223078558274,0.03295136332159678,0.03467098549091917,0.030165762974518336,0.1319053917418329,0.07854583475377291,0.16388239322219483,0.1535408420684794,0.042889155702444004
220,0.0,0.30531852944378035,0.035357671487401994,0.028025847526956964,0.024598927442286266,0.04535562394999798,0.16279706929558668,0.005491523184007137,0.17852054466118256,0.1510839551620864,0.06345030784673604
221,0.0,0.18811950814400927,0.14416238979527063,0.03745013334870473,0.03832895174221721,0.014658582957600228,0.12425154272251665,0.13426554656227055,0.11679066738656817,0.13033628217984736,0.07163639516101776
222,0.0,0.19197538769772293,0.13715923907939553,0.033248022477726714,0.04408777848256751,0.014691514505313277,0.11892325516228205,0.15263575812923832,0.11411196664883123,0.13998175162799903,0.053185326188946135
223,0.0,0.24685389460404056,0.08257103585485097,0.024791378825583656,0.041725854201573674,0.03043829124771327,0.14217725433685313,0.09742305248378814,0.1387255743827274,0.15365587558457927,0.041637788478312496
224,0.0,0.2855609745363621,0.040597118505899976,0.02319877440444766,0.029201578765478166,0.04735544979894317,0.18080966970236076,0.015060069612590788,0.17761248052972628,0.1438627466450229,0.05674113749919101
225,0.0,0.26449375612264187,0.05944940292613198,0.02651010594824211,0.028647084195386148,0.04548982096583438,0.1728119391318325,0.03159567980634091,0.17180297266215164,0.1388045237012622,0.06039471454019927
226,0.0,0.24381847198108766,0.07719219591432513,0.02994677544039081,0.02857716876563867,0.045791068163944765,0.1633423289277266,0.04710441017535928,0.16505022422435262,0.13561968733371926,0.06355766907347823
227,0.0,0.23223418350269615,0.08673189933792803,0.031983361618408396,0.02882599994966099,0.04674627307443478,0.1574392904555337,0.0553731541710636,0.16099769040985615,0.13449066698735632,0.0651774804930851
228,0.0,0.17108021037574395,0.13929156653653482,0.041266847127006526,0.03718112120269301,0.03032692759601019,0.11764370106145429,0.14009794587625488,0.1382556242631655,0.13289790570636326,0.05195815025479683
229,0.0,0.16666206396479338,0.14070078713908069,0.043142636393750176,0.03885778675134183,0.031955822281936254,0.11272819848330518,0.14368426807987555,0.13689176997133398,0.13485214372925508,0.050524523205351356
230,0.0,0.16460526140341494,0.13862000385848613,0.04470425616787156,0.04275308904226298,0.03305225295598601,0.10559181442875465,0.14986765387605297,0.13620087781936427,0.14040778702990803,0.044197003417921876
231,0.0,0.16939116041870614,0.129971482480337,0.04539053903824458,0.046440285541591866,0.03591286520209041,0.10262840245946639,0.1463770979974662,0.1383655258991866,0.14685721513817057,0.03866542582476376
232,0.0,0.18050367114660826,0.11138131269037277,0.04720806969662127,0.05206663440683214,0.043538665645027175,0.10188140122521105,0.1288359680818412,0.14376355958635212,0.15853554653140584,0.03228517098975166
233,0.0,0.1636805958063952,0.11043769225550806,0.05099246708071644,0.0738087533066482,0.04479841391679973,0.1104914662357096,0.11781983159924334,0.10159798713926549,0.1330528516360143,0.09331994102372303
234,0.0,0.19938556299535765,0.09412969674147266,0.04172904384073841,0.05667322903788431,0.05220236631829688,0.11983828210423624,0.10259236573472993,0.11187200316784718,0.16319310437473308,0.058384345684727244
235,0.0,0.21920181526285198,0.08103584979263594,0.03689323873649226,0.049545287102221856,0.06223204470133635,0.13056815955479464,0.06919290438096515,0.12642476143565665,0.1677086478870024,0.05719729114606673
236,0.0,0.22519027950514914,0.07948001601235405,0.03329070138548121,0.045213838550604325,0.071373782408806,0.1342314690715604,0.0479669193230223,0.1342914305231155,0.16891340840925312,0.06004815481067822
237,0.0,0.2331626795916319,0.0799622197805575,0.030741472631025675,0.030844105794287105,0.08321276750047012,0.14889453918847173,0.007862232560527387,0.15033715357691357,0.1652897200173879,0.06969310935875153
238,0.0,0.21605453813446798,0.09595092167751694,0.03273217864526608,0.029263782208898883,0.08670785474854073,0.14259430430810932,0.013308646980039703,0.14624210242879102,0.1611630436125624,0.07598262725583133
239,0.0,0.1989513985923119,0.11006757889748908,0.035872281564280094,0.0299461589161257,0.08632819847613264,0.13474187973799467,0.02661248768465118,0.14162360525822126,0.15619936616266508,0.0796570447101527
240,0.0,0.17279702093656937,0.12875285369238199,0.04032701668868206,0.0355856076817758,0.09122212338973884,0.11812579655884196,0.04286761367515632,0.1301722704267063,0.15421596778688768,0.08593372916328414
241,0.0,0.15888776884686331,0.1365974105803407,0.04354285799607137,0.04107932959194591,0.0913428126010743,0.10791030957826063,0.05616739534093459,0.1251554247138726,0.15145597621068507,0.08786071453997624
242,0.0,0.13994036788784686,0.1422258293121366,0.049685202506011134,0.05362034499126595,0.08536363136583003,0.09210265037223511,0.08559763699353953,0.12293596953360128,0.1438929372722317,0.08463542976532662
243,0.0,0.13459929916091318,0.10927470070005568,0.053409011359625426,0.09360629748845606,0.0744845500156251,0.07839236023674528,0.11931238389847704,0.14178937356176682,0.14371942956437708,0.051412594013983126
244,0.0,0.14298939825466572,0.0913458289104721,0.050905912299493566,0.10429421218446787,0.07808709548683003,0.08250025981846497,0.10625700646926152,0.14808866626288866,0.15145339787657652,0.044078222436903736
245,0.0,0.14760803031960706,0.08124354290972896,0.04977325642540124,0.11048190557411579,0.080812994160415,0.08538922480080852,0.0949553702879331,0.1511347960388379,0.15781657863509613,0.04078430084808083
246,0.0,0.15128449951986425,0.07327879229420282,0.04877049961123177,0.11533284325685736,0.08320218737977937,0.08834455205439509,0.08454676407998078,0.15302406835913174,0.16394363067073037,0.03827216277385138
247,0.0,0.1518261081287352,0.07084421814710945,0.048853689642807584,0.11752220736517571,0.08386709771336823,0.08923475595098884,0.0798626189039604,0.15357415655148038,0.16746410326188998,0.036951044334509256
248,0.0,0.16670048916199906,0.04347441533336678,0.04258098678089497,0.1302546521959924,0.09569950828671134,0.10545109937937774,0.039706184413548014,0.15142040023100992,0.1870987169474577,0.03761354726966714
249,0.0,0.16940840067008636,0.035733303346617444,0.04121736581794298,0.13425922662585457,0.10033015300285651,0.1128866689887256,0.023192759714098107,0.14376353625192712,0.1951575701080971,0.044051015473819136
250,0.0,0.1676509004982557,0.034504056737202714,0.041568472538276294,0.13568313638874413,0.10224983635658103,0.11774673160939308,0.01506723393079327,0.1334725222188202,0.2007725635800814,0.05128454614187748
251,0.0,0.12265148429232647,0.09590279932623522,0.06451400631970437,0.12118652429142125,0.07026609690230141,0.07719346302354745,0.10782287721120987,0.07131713265882034,0.13914941193059852,0.12999620404386023
252,0.0,0.12340607793401273,0.09893140796798441,0.06322881681292349,0.12051413773989837,0.06962173379642296,0.07395900175868887,0.10910476692323828,0.07402324559012612,0.13901492457352518,0.12819588690320494
253,0.0,0.12890090556379175,0.10711170296740188,0.058011053136099305,0.11440806235183383,0.07136011132746525,0.06892269852144436,0.10402243854684266,0.08272047729064046,0.1454774969091114,0.11906505338539472
254,0.0,0.13286519437426494,0.11143054444617795,0.052754556770278085,0.1126836848607239,0.07582200358314277,0.0634444848718426,0.09594811920961835,0.09192328087718038,0.15195582748885195,0.11117230351794449
255,0.0,0.1543223541732891,0.12559649573602374,0.03489930641417847,0.08741576345842354,0.09698372409301406,0.07128427857086922,0.04172812378851325,0.1077937560530578,0.1923330365124302,0.08764316120022614
256,0.0,0.15993475122440803,0.13141822815849255,0.028659694252758456,0.07822752007378048,0.10788845889470651,0.07285870366410176,0.022059443061052193,0.10855542330937555,0.20353182494141178,0.08686595241993841
257,0.0,0.1583363887396303,0.14011983960411734,0.03176394340769229,0.0611806962993099,0.11215280171817345,0.07657670715232884,0.02444549102994175,0.10275245607233396,0.18947693922415323,0.10319473675234479
258,0.0,0.13408010405295862,0.11961246515648315,0.053355854913594104,0.08680235172276889,0.08196496323295871,0.07521041942726088,0.1064840353476699,0.11814009253664057,0.13619126705453294,0.08815844655515825
259,0.0,0.14198653107940123,0.08472778732428295,0.04477756910479824,0.11360119239463702,0.08652757500624385,0.09798122632348157,0.08468470330626633,0.1319667919818071,0.16404204431666258,0.049704579162445424
260,0.0,0.1467910178403118,0.07522868564786268,0.04147880522588198,0.11910765974687021,0.0903809763042442,0.1030161149580477,0.07313023726729975,0.13330021980248594,0.17477632823286052,0.04278995497416157
261,0.0,0.15764218400375074,0.054301547663445575,0.031421972917554566,0.12813726204764292,0.10473720136764157,0.1217178046083342,0.03692444721469825,0.12779076222769822,0.2019122399428264,0.035414578006433405
262,0.0,0.14471142648458316,0.0630674684502687,0.05720642827931935,0.1238648205351239,0.09315362879766534,0.07858728621926711,0.09185684246060395,0.05708018740884017,0.1384297939420232,0.15204211742233106
263,0.0,0.15195273643686613,0.09909211766714085,0.04513131484378816,0.10753702075750478,0.09083581357926054,0.0547696559263821,0.08360345970394482,0.08216981852713315,0.1757363573390893,0.10917170521891625
264,0.0,0.15590414013354542,0.09974427319683854,0.04234394953224861,0.10524096041662924,0.0944378080718263,0.05298073709284809,0.07760654455399596,0.08589706432065684,0.18429996245271724,0.10154456022871992
265,0.0,0.16259176763274727,0.10442759402934214,0.03585679789431582,0.09873817635465215,0.10232757352948833,0.05333842419773102,0.058297159585314645,0.09361340337671933,0.1991769445661284,0.09163215883358712
266,0.0,0.17389888878343165,0.10973327556226876,0.026806586263580328,0.08599240111130453,0.1169844392191691,0.057542080343516204,0.024626483975562042,0.10262959492373562,0.20849674179954356,0.09328950801791461
267,0.0,0.18033811190148502,0.10988207376267005,0.024308834300171746,0.07824338370772546,0.1244288353098837,0.05994710579610943,0.011240994279498265,0.10490072581951917,0.19929985540740308,0.10741007971556064
268,0.0,0.19133790337248252,0.10091966248126655,0.025314686136848067,0.07265360217626209,0.12912303000617784,0.05931609284232572,0.009399843038021173,0.10447442447849277,0.1736988307989437,0.13376192466920608
269,0.0,0.19574011826910323,0.0959196584846016,0.02695923087321851,0.07099741859765017,0.129337582100931,0.058147746742979095,0.014147674683595703,0.10354328617468966,0.15622428274685127,0.14898300132640618
270,0.0,0.20344820733844696,0.08379638799651615,0.031453327177866655,0.07142754091613536,0.12579918411203975,0.05311483813681977,0.03497470774769209,0.10050734373882096,0.12269211173215432,0.1727863511035347
271,0.0,0.20723736150898325,0.07766297253226255,0.032997420651595666,0.07311165890000482,0.12356169334905252,0.05037161912389141,0.045061911614376324,0.09930806611248706,0.11215354583382207,0.17853375037355085
272,0.0,0.19697810514130776,0.055273229377525684,0.03503500196088409,0.08706726763532202,0.10862034935761716,0.09050354554005069,0.08959738861237539,0.0839391988616792,0.21748241717783842,0.035503496335425905
273,0.0,0.2075369069544754,0.038641710631083834,0.026849857453811497,0.08492593320385719,0.12567450444946446,0.1320281479706878,0.02407571243361427,0.08258421377153743,0.2089805626076767,0.06870245052381774
274,0.0,0.21561924802302887,0.030026786778997033,0.025535481278770908,0.07887246295616406,0.13315811771623098,0.1428043367128339,0.00813573073918986,0.07687102190808907,0.17614713885570765,0.11282967503101415
275,0.0,0.217529153560928,0.027950705204824563,0.025849773355000986,0.07708951301649805,0.13476451010782836,0.14395537144419723,0.006535157116633155,0.07462902331559289,0.16377392292449827,0.127922869954025
276,0.0,0.22019787797080162,0.025357206414428447,0.02635837846811836,0.07396395761958675,0.13683659353339592,0.14467169916963052,0.006678707410453327,0.07195332475002725,0.14954402530082506,0.14443822936275935
277,0.0,0.22349440864179493,0.02218521612188145,0.027491530540706587,0.06933207672041333,0.13954865895679194,0.1439970164409507,0.009593345436377096,0.06831373429359276,0.13079197942977785,0.16525203341773995
278,0.0,0.22641860640848782,0.019007588455132826,0.030147361972424017,0.06447054294975153,0.14185798650033388,0.13909912281204923,0.018157197762462222,0.06308502331347675,0.10862865041912362,0.18912791940678497
279,0.0,0.22889003744157246,0.015509872320141924,0.042246688322009805,0.058676660382682364,0.1393796018079882,0.10248384322701895,0.06985065159215205,0.044318487778863144,0.08859884722276692,0.21004530990483114
280,0.0,0.23070091840195828,0.01353384586963039,0.04631565485021207,0.05522794808908695,0.140783364912957,0.08584644975651803,0.09102380282886764,0.039657269154218924,0.10014106373249212,0.19676968240408574
281,0.0,0.23291377711548986,0.010677601957656728,0.051249913021035515,0.05055686867765412,0.14467096880724623,0.06340681798336656,0.11617068266944323,0.03642975256030343,0.1298708830480099,0.16405273415982172
282,0.0,0.23124885778616475,0.01273524293158678,0.05613023997676666,0.05212260739059665,0.14232031128682282,0.03920371372231288,0.13904268154209098,0.032631898038121075,0.18424445301134026,0.11031999431422448
283,0.0,0.2287501612463692,0.03029993432312951,0.04688613081327266,0.062099496442394986,0.1388506616867585,0.024787463733263626,0.10314645819101259,0.06380723803514432,0.27142062940338063,0.02995182612530129
284,0.0,0.23108150924313575,0.029318156734495705,0.045914639504284226,0.061669822203638584,0.13992314875595685,0.026782163759524975,0.09422471620826829,0.06920541243978864,0.2679078592110279,0.03397257193990663
285,0.0,0.2358770922450532,0.02988511803268481,0.04076671153269717,0.061145884086484366,0.14224429957623563,0.03923239315059932,0.05945575252031228,0.08999482304942458,0.22595018409843548,0.07544774170810105
286,0.0,0.24016045029298044,0.024481635801961485,0.04372289520340371,0.05860054580043147,0.1422533240911453,0.04046243068413795,0.05791586339853813,0.08953138340889996,0.22122391196386754,0.08164755935466195
287,0.0,0.2507656249034579,0.01803526887046997,0.04311235066227715,0.04242597806287709,0.14738973270328418,0.05683583434579284,0.054624873744626816,0.10178858397047785,0.04787777539246419,0.2371439773443
288,0.0,0.24834579013794544,0.01526250929002505,0.053631068552913726,0.021734611063440996,0.1473201694245286,0.041431169891287506,0.14903068867456762,0.03076950013920925,0.21828433993480084,0.07419015289130887
289,0.0,0.2463251682196081,0.018521615997563065,0.05182701378391977,0.02075045756499206,0.14690444269062572,0.04552062623473636,0.14967316922039092,0.02350836155503212,0.2512007571101851,0.04576838762297487
290,0.0,0.2420646815455402,0.0271609062574701,0.045027946055339475,0.020104043189064915,0.1459736637253354,0.06575337944712709,0.1292836234866529,0.017528047896338474,0.28724952669663417,0.01985418170052546
291,0.0,0.2390583726150195,0.032604959163674355,0.04139851333137429,0.021628962727412458,0.14573425702719026,0.07023162988719195,0.1204696072998164,0.0194432746659445,0.2839296428260374,0.02550078045636743
292,0.0,0.2295829310987919,0.0473207805425583,0.033754505026747,0.02652064433120537,0.14347751247023946,0.07694984079821307,0.10531196787595334,0.02372783231284361,0.2670155707196216,0.046338414823854826
293,0.0,0.22772975492436778,0.05290583719164198,0.028457499737148968,0.028100251510062485,0.14231714392592287,0.09411615293763036,0.0796969410784425,0.027926519132741016,0.24320483565301368,0.07554506390905692
294,0.0,0.21276167503343768,0.07422273092450773,0.01969581076542569,0.03674471106970758,0.1351482935829323,0.1116109412885571,0.05064034637083171,0.032948726930877824,0.188966497656314,0.13726026637743663
295,0.0,0.21787001799827221,0.06652109298759461,0.022798838519748107,0.037764040586913544,0.13557521057006075,0.12407313128435558,0.02654302856597306,0.04195112268998373,0.13371517267537564,0.19318834412175104
296,0.0,0.2194246679948151,0.0608352691015215,0.027863763413803883,0.038920969812911835,0.13552626071544766,0.12235124277238424,0.02499229486088079,0.04626378662264499,0.11064199292751502,0.21317975177810322
297,0.0,0.22111829433966357,0.05113636585510974,0.03718308886981456,0.04038867312255837,0.13617709067972567,0.1104074081967916,0.03654248491994337,0.05159421190652357,0.09753807934929859,0.21791430276059917
298,0.0,0.22043151596994248,0.03682298669132318,0.052310751267936814,0.04366804802071139,0.13845874021924234,0.07582886223029187,0.07715094396165668,0.059796467462053034,0.11328123516741824,0.18225044900945234
299,0.0,0.2138953509132243,0.03712314658086227,0.055631914434910903,0.05198691118505228,0.13575212549854979,0.05500472174451759,0.09902112978625537,0.06690018008384985,0.1426498340839236,0.14203468568888247
300,0.0,0.19174785607933242,0.05013888672396308,0.04340514649672989,0.08282947490427998,0.1292621599424651,0.012292753147682066,0.12649628200355345,0.10190711172451686,0.22556038097519224,0.03635994800231312
301,0.0,0.18977606111124806,0.051260294986966104,0.0425994414873001,0.08687370791961545,0.12714488932424567,0.01134321286399489,0.12318844871311488,0.10616869248244991,0.22723434446264063,0.03441090664845254
302,0.0,0.18463716235700636,0.05820351873430534,0.030180940037807046,0.10106413342238153,0.12142567611289119,0.021265446467965722,0.08806076363582566,0.12679901168035473,0.21759954041609442,0.05076380713539658
303,0.0,0.18830041614795345,0.05729839157995415,0.02693354349841678,0.1008095895520578,0.11537116097856033,0.052363902340762186,0.03227657536164231,0.13228562330244542,0.16400329918793025,0.13035749805030575
304,0.0,0.19076421207960528,0.06758653435146894,0.05072405503574851,0.05142570374745392,0.1163994906176046,0.0522702519239005,0.09233375381001334,0.07352455845568394,0.170698450739744,0.13427298923880562
305,0.0,0.17732414315044998,0.09335909375778968,0.04448878935647093,0.0464576888493149,0.11314311792296601,0.054361932704418664,0.11099401921413692,0.047252689546800626,0.20497501360730333,0.10764351189037778
306,0.0,0.17295352339813289,0.09949527530983895,0.04250700978326213,0.04884828067069756,0.11048841507055691,0.056079526689062166,0.10788573168985788,0.048031899292583106,0.20219877634737557,0.11151156174866153
307,0.0,0.16503374623362438,0.11453355568159833,0.033506591526391225,0.0558382811624503,0.1057554839153418,0.06466426952238814,0.09557364456465102,0.04041326719878248,0.20277973129339286,0.12190142890140845
308,0.0,0.1604501985578545,0.12127692529784943,0.03030424087609589,0.06078578560117561,0.10178177789148263,0.06716321078197328,0.08968698339579025,0.04101118187081735,0.19704870477849212,0.13049099094849828
309,0.0,0.15808223780380784,0.12540083621361697,0.02720474049480985,0.06530994594529005,0.09910415128419361,0.0697256090602079,0.08362328365603501,0.03985835050125103,0.19409099590385923,0.1375998491369581
310,0.0,0.15610211185054,0.12845398602528843,0.025291818067386625,0.06889871280841413,0.09659423373958832,0.07093777777799334,0.0799718146605502,0.039888271173549684,0.19119333211802905,0.1426679417786899
311,0.0,0.17058868465755506,0.10214164202318668,0.022513310041391302,0.10141217955010107,0.0925609057036109,0.07923477909772854,0.03142333223425862,0.038902233220789305,0.1870540557424725,0.17416887772893597
312,0.0,0.17318884270176538,0.08927410476122712,0.02890365718755939,0.1121439653273674,0.0901001811774804,0.06991417963986116,0.03272921297843395,0.05444948835677374,0.18662580764752307,0.16267056022203844
313,0.0,0.17241283274802166,0.08124533424723142,0.03289079105896239,0.12688933376359218,0.08399308275480803,0.05634297411207572,0.04078157319815572,0.07811926081575725,0.19408363654208635,0.1332411807593393
314,0.0,0.16334910936402489,0.0716308121171971,0.04349165960143981,0.1412308769203646,0.08097105256972309,0.026467245835624355,0.0704463109986917,0.1337919644557124,0.18332532366081938,0.08529564447643266
315,0.0,0.15115005479330262,0.07875326025214474,0.038903645960811,0.1500764163335077,0.07936865839351274,0.012113195685744668,0.08525623057757102,0.1709804638855274,0.17370850110535935,0.059689573012549124
316,0.0,0.1498743519559637,0.08058454807636516,0.03549692764995746,0.15216965811700192,0.0777193227806767,0.015380173356728139,0.08146161536688529,0.1721553276342621,0.17221378057414327,0.06294429448804656
317,0.0,0.14994191760961467,0.0808735330147826,0.03450794017281375,0.15219309384220497,0.07707991987816075,0.01814102711973089,0.07918805714638091,0.16953847083821605,0.17166954656345118,0.06686649381467465
318,0.0,0.15052724597267433,0.08264987696471185,0.032517897720381904,0.1485751908236155,0.07722389314205683,0.026165916251635973,0.07344515788802607,0.15766806874376924,0.17230264911053228,0.07892410338262668
319,0.0,0.15568528998882603,0.09008240534774062,0.02897251161460644,0.12716286004772684,0.07899682276581732,0.057482741965915615,0.05134614923803172,0.10805534136019984,0.18655703478666655,0.1156588428844992
320,0.0,0.15778864413985322,0.09337547235700482,0.028693733993754838,0.11832883238294283,0.07865060721378181,0.06946849475924236,0.04323327585633155,0.09164195974906178,0.19397394642384225,0.12484503312421512
321,0.0,0.16113527445114612,0.09713769889309762,0.02958791589286688,0.10559622803970259,0.07673432079284725,0.08694283235478446,0.03337469073715814,0.07035287296236205,0.20295070526628667,0.13618746060977888
322,0.0,0.16458829041214418,0.1048284369955356,0.03106550538663853,0.08872172841226754,0.07147975613874814,0.1084688334354086,0.02361994427563456,0.05245155977741914,0.2139572385997048,0.14081870656652998
323,0.0,0.1653247802442231,0.13203959934178897,0.031726707038225846,0.063832940031192,0.05966726337146199,0.10248677218024621,0.06372246748124728,0.05388761464105827,0.18375266941657356,0.1435591862540135
324,0.0,0.1683148351984474,0.12560227474862234,0.02796240351656344,0.07597624910966769,0.06954361882044406,0.07466561549603251,0.07282340093859467,0.04738901987711229,0.16916671589586804,0.16855586639867845
325,0.0,0.17519693486586577,0.10633206504434294,0.023837957866361593,0.10253918706164003,0.07876434859940033,0.049675585203022496,0.05630168985476175,0.04966077958708193,0.17602500198193066,0.18166644993562328
326,0.0,0.1836388088748392,0.07161230381031923,0.023125291477654533,0.15308913716078212,0.06854369141844367,0.03450387717836008,0.020646057672274815,0.11414471645955503,0.20874931767458973,0.12194679827321234
327,0.0,0.18924796820940876,0.0587915484766734,0.023071842457852775,0.16760061456205075,0.06109269997480566,0.031923184425757097,0.018744520763464726,0.15062076800600968,0.21180187925005567,0.08710497387395204
328,0.0,0.18318796252714237,0.055327814190984245,0.030575735611793355,0.17043689703936876,0.05243431643703966,0.026869319089824612,0.0598806525081486,0.18192576516433917,0.19427190634916852,0.0450896310822212
329,0.0,0.18559313371029804,0.053611552162405214,0.03235210449578949,0.16202433109001949,0.055859343293416276,0.03094078161603955,0.0700137565083274,0.17018711510647275,0.18514064388749116,0.054277238129771345
330,0.0,0.1904721242802206,0.07144234543280635,0.03469300011405552,0.1031552158722085,0.0809184945395577,0.07025276977531288,0.06975980309689762,0.08307332533025308,0.1543424073696602,0.1418905141890582
331,0.0,0.19687263445815353,0.09682093160612112,0.02834393729363748,0.06075576740180567,0.07675247436800525,0.13699951964093843,0.02471953862027966,0.034655657247577375,0.18066082112816556,0.1634187182353467
332,0.0,0.20023386785284591,0.10845644464381848,0.02484771894594177,0.04894313842016989,0.0620137236145861,0.164133037963522,0.013572389866514208,0.03214879316631189,0.20409747652531113,0.14155340900100957
333,0.0,0.20597102744965406,0.11167113723853087,0.02368358030540665,0.04498904499040708,0.04795242354765947,0.16444652416336447,0.031371398824882955,0.03807718034169104,0.22238604390520236,0.10945163923323223
334,0.0,0.21506447512136,0.10397954971049848,0.02199023287682302,0.043706862950305556,0.047804076832998484,0.16753030621036227,0.03098813656867009,0.03777152581035489,0.22926827173201877,0.10189656218663982
335,0.0,0.22030653542236492,0.0962690844982355,0.023324522489893883,0.048463285667972096,0.04988393887357527,0.13990598059534523,0.05732931491656809,0.0392708576020369,0.22644990572521356,0.09879657420882619
336,0.0,0.230525080620473,0.080231306889936,0.02353418623166789,0.05609024599954943,0.06233492301660883,0.10237183114239991,0.07853756785748923,0.040642513181729546,0.2042076156911128,0.12152472936906522
337,0.0,0.2426159853085952,0.051332361697133684,0.018677159962711607,0.0881210449560301,0.09159741462212048,0.03592940318359778,0.06439486001719427,0.07517762794410555,0.1311001224012312,0.20105401990731214
338,0.0,0.2519712258193269,0.040436646371078216,0.01786396192384263,0.09182334367866042,0.09473044526590685,0.031050786551826047,0.05743547979230454,0.08752395615590906,0.12345086219744003,0.20371329224373697
339,0.0,0.25654747802569217,0.03281146846972316,0.015355753455681896,0.10409850953456212,0.09501261276398537,0.02415636652353527,0.03967749044710659,0.11243396121058546,0.11693473156223369,0.202971628006926
340,0.0,0.25815556342076557,0.030671252491454363,0.014922584372693408,0.10694254975443958,0.09449425750729801,0.023096519790603724,0.034756632941339266,0.1203671800877058,0.11642811541535025,0.20016534421838203
341,0.0,0.25609064783423324,0.03021428659750022,0.013191019829265568,0.12457338840687358,0.08363704574614725,0.022591447697465312,0.014010514010453825,0.15115856744692588,0.13694678247677722,0.1675862999543902
342,0.0,0.25179545549246823,0.03293276910344622,0.015098878330162286,0.13537233458312212,0.07014247797542415,0.025841818694279105,0.007931895520758346,0.1645106873534712,0.17208735532585448,0.12428632762104619
343,0.0,0.24794441606271267,0.03533476720306808,0.020090326602474656,0.13913957267783164,0.05880733489085541,0.029580632830828346,0.012114588966947214,0.16614482907498193,0.2065285304645853,0.08431500122574709
344,0.0,0.24448537559964306,0.03706584420172575,0.029084259613441885,0.13646108252087208,0.04884679547511234,0.03382392270637988,0.0269435194887771,0.1558246789812398,0.2422159397167154,0.045248581696125084
345,0.0,0.2461410413938529,0.036030816458202254,0.050442064902463446,0.10315946436393131,0.052770155038206076,0.04444902839218434,0.07491466513953414,0.10065881083062711,0.25186862069625243,0.03956533278477825
346,0.0,0.25357581923992883,0.03302315171615407,0.057244368431000885,0.07318274681717798,0.06810172117949073,0.062178958731869856,0.08940829698115757,0.06302398687252167,0.20173732018760035,0.09852362984313015
347,0.0,0.25831766081036245,0.03296342086949937,0.05765295868984412,0.05362470393083366,0.08063730379042687,0.07989035821519468,0.0873793811594687,0.04380076999779274,0.15325222398627436,0.15248121855033533
348,0.0,0.25436045254471384,0.07003749870296228,0.025806162114804763,0.02967884461283118,0.04929088270133589,0.20256212975147697,0.018716667164942746,0.036530370025514736,0.23313123884958584,0.07988575353186396
349,0.0,0.2580949082279092,0.06700476974634137,0.02541301988427812,0.02990334960671148,0.04823346951971966,0.20240139487718406,0.019525200731933676,0.036124043700763594,0.23859812795766205,0.07470171574752897
350,0.0,0.26054240261445294,0.056430448297715326,0.03675604804658681,0.03277415644847296,0.041019348934815285,0.1743643538305907,0.048984163697536706,0.03732158196885832,0.2744928522426298,0.037314643918373566
351,0.0,0.2705922461568871,0.030840522036832463,0.05176255984806505,0.035422022996786984,0.06837068298211116,0.08684989638570569,0.08748201122901228,0.06121931381189708,0.19741555011214187,0.11004519444059262
352,0.0,0.27484774172835985,0.02433211883764006,0.04915666550930841,0.04133417746256941,0.0862682802458045,0.05351527549075135,0.07961236127833234,0.08639042324382591,0.1361584248942335,0.1683845313092073
353,0.0,0.27133357430199767,0.032913810391327056,0.02965510459345295,0.07063416594071366,0.09662954369428275,0.024548833344909943,0.032747450376714664,0.14065777132116664,0.08456229658033322,0.21631744945513404
354,0.0,0.26623306507816596,0.03997725547092995,0.02548935287331549,0.08029094954027617,0.0909457802883385,0.02489869844397128,0.019839229377806866,0.15150554840873565,0.09935926388719671,0.20146085663129604
355,0.0,0.2510306205949438,0.055930610332675275,0.026809011853845436,0.10580033901085355,0.056147018800106974,0.03713971983214419,0.011114888275491902,0.14991723351976086,0.2097893679707343,0.0963211898094765
356,0.0,0.25293714536744366,0.037993907441039386,0.06749997104816768,0.07832756017618336,0.04718988283464072,0.055403388584944716,0.07695215483342557,0.06878045369000771,0.25164901222952063,0.0632665237946594
357,0.0,0.26205961568085356,0.02980060615981624,0.06884745512316832,0.041600562810803994,0.0815391512994602,0.09043092898596007,0.0789274706640931,0.03266701595331818,0.13179700973744038,0.1823301835851188
358,0.0,0.2633154221639496,0.03234117039803692,0.06123742082298832,0.03498916327983113,0.08965820549570533,0.11002560184295092,0.06505018864125667,0.03040253715662741,0.09683150887037391,0.2161487813283128
359,0.0,0.2632377946126319,0.03606754698947938,0.0531864477222433,0.0332728470348031,0.09251239648024276,0.12716261300412388,0.050934471067966156,0.03201894560636086,0.08140325391551938,0.23020368356666232
360,0.0,0.26124448367170977,0.043071177577767995,0.04096403648602087,0.03567125367718454,0.09002133176494102,0.15140371713936893,0.030801747846529958,0.038135892852934734,0.08580239676315843,0.2228839622204169
361,0.0,0.25946552837861986,0.04874520807678459,0.031494594000259155,0.0418217282037537,0.0821547743915116,0.16780719846973774,0.017730252846020405,0.0444396459089551,0.11248692839240797,0.19385414133198334
362,0.0,0.2579944188583661,0.053016702418845416,0.02457032155362003,0.04992746404151693,0.07132218051149711,0.1770729329775218,0.011651029878805466,0.05053827486321688,0.15515860463713338,0.1487480702595103
363,0.0,0.2589318583513992,0.044479562717907734,0.035748759711245685,0.06202689222340071,0.036108212099108375,0.16153783708299654,0.03950003845307826,0.06996577523429347,0.2731067088462056,0.018594355280397868
364,0.0,0.27362293102478213,0.02563749659601675,0.055004679040182754,0.04694964565925816,0.05979483022679123,0.08023281932506378,0.07652432339583111,0.09172618907729133,0.19806031817248512,0.09244676748233098
365,0.0,0.27177798013162596,0.03169874064051669,0.05523472677673539,0.040022160149078397,0.07545662208040574,0.05583131666493481,0.07220429589108394,0.10343589378525815,0.15489398999697468,0.13944427388341935
366,0.0,0.2652635685742499,0.05141525210839684,0.0429922147358729,0.04031538405363133,0.09260384363512557,0.0313943420104621,0.051335346725422025,0.11973237114674615,0.11229990330022276,0.19264777370990382
367,0.0,0.2501302056356097,0.08273956155389954,0.025244051610467208,0.054553790328306026,0.09003552460263937,0.025931970618778184,0.020829099782136505,0.13115012012274713,0.12952449557849566,0.18986118016695386
368,0.0,0.236943231457966,0.10055411916937909,0.022480094351037087,0.07067607793111065,0.06880881226151671,0.03490706828437897,0.009995050442898858,0.12782052784213407,0.19064240854900186,0.1371726097106101
369,0.0,0.23693089172751702,0.0704305375557011,0.06574025113160936,0.07410832113000393,0.03692800820909605,0.05770987560148895,0.058941794368730836,0.06973450251467296,0.2539618918795521,0.0755139258816611
370,0.0,0.2323722661696292,0.06687673820821649,0.0768228077862387,0.0648926378041589,0.04315312845887008,0.06295919261924697,0.06649145154183726,0.05424756980678576,0.22198514765615507,0.11019905994889473
371,0.0,0.22430877418168568,0.06695152158462242,0.08644705628993386,0.05468384279484594,0.05431702477857953,0.06729285747631977,0.0686711034495761,0.041812265471496926,0.18429096916880158,0.1512245848041713
372,0.0,0.22173534047400503,0.06266883983798094,0.09018956818321705,0.05055854923145857,0.06437723954964616,0.06984660894765522,0.06884486852464611,0.035808337099148005,0.16412628307907973,0.1718443650731965
373,0.0,0.2138823471376355,0.05754168872892774,0.08544096565847353,0.0520969436079653,0.0887038821739099,0.0760512704903773,0.061077776757324106,0.03182468268598339,0.1469305830407247,0.186449859718712
374,0.0,0.19442108960990961,0.05846166956879277,0.043859954950144046,0.11173903464990519,0.07241120762242233,0.11015537212318433,0.03173279894473319,0.09060207335919844,0.2036416413153046,0.082975157856439
375,0.0,0.1909437423136921,0.06272955889937143,0.038671985402012055,0.11674619143542794,0.07365730942762151,0.1059590883028125,0.03368975944734068,0.09667468970608269,0.2120615248565586,0.06886615020911388
376,0.0,0.18903836666060278,0.06479115566964569,0.0364310811318807,0.11920408692855258,0.07403289192504443,0.10354470573596816,0.03516658731691453,0.1006488240734135,0.21457572102590086,0.06256657953211048
377,0.0,0.18717447156957623,0.0667806952642166,0.03456413585189718,0.12112438805349755,0.0746870123120457,0.1008379086301701,0.036988861621218644,0.10454619482344794,0.21542561426429918,0.05787071760966476
378,0.0,0.1861498416114581,0.06718009222972096,0.033698891679522364,0.12390854917198611,0.07248785530271197,0.09946139608006366,0.03847262412799746,0.11072634911600784,0.21520012969193672,0.05271427098862884
379,0.0,0.19086910713925495,0.05828835391090146,0.04055694720493844,0.12703973035090418,0.06274691670104854,0.08647218927590611,0.04889606303312059,0.1387789929082407,0.19791887990809773,0.04843281956762127
380,0.0,0.21007629784722964,0.06546359010244945,0.06243636895529684,0.05866787972944751,0.12033622502540482,0.017644934053350995,0.05456842328262476,0.09790263970581581,0.17770438130266764,0.13519925999574692
381,0.0,0.2016340894824984,0.08974963570361573,0.05458999293263201,0.04909860793589445,0.12579928167847246,0.01527791040184057,0.04757167197131444,0.08416235899044733,0.1979706901099031,0.13414576079341597
382,0.0,0.1938811216151063,0.10668516638837988,0.048874349496412485,0.046461229369869184,0.12389318701391712,0.018464417855525397,0.04344996203022301,0.07893183899338681,0.21181211208896578,0.12754661514824853
383,0.0,0.16610107753516265,0.1535635810664947,0.04088444986290243,0.06138865265499742,0.0730815989340057,0.057899890040980784,0.04475890459170582,0.08092586528461437,0.1936808996021222,0.12771508042704827
384,0.0,0.18636320324873748,0.0774146553275537,0.08060056136039578,0.05292654617039896,0.10714694044148002,0.06116215209742491,0.06494019573078057,0.04250140697872282,0.17535361889893872,0.1515907197456014
385,0.0,0.18505778090932415,0.06900216785090027,0.08046418833563884,0.053915464285378044,0.12248516109993578,0.057937019052418444,0.06304077034880726,0.03610709380532215,0.19275986765333586,0.13923048665897392
386,0.0,0.181845767018194,0.07222836261435947,0.08026797825756692,0.05195238125357954,0.1276256758980135,0.055003011084972006,0.06309559477833339,0.035788631193234284,0.19801607982986294,0.13417651807191877
387,0.0,0.17546754284488816,0.0637806950303998,0.07200874209328503,0.06727070877858361,0.13979446633699402,0.0533107187653341,0.059041076531134155,0.040955737253230276,0.22886824599669078,0.0995020663694952
388,0.0,0.17333640472772877,0.06580961103873878,0.07103820194936883,0.06684248670192887,0.14330915307468572,0.05108274182619786,0.05959278016791298,0.041896243230437884,0.23203695175704914,0.09505542552598639
389,0.0,0.15987450685494103,0.06815328850606692,0.05206281958230744,0.1024425491199644,0.12981713294868907,0.05737803364043676,0.05743340441893836,0.08113273768763626,0.22517454408747883,0.06653098315357653
390,0.0,0.15555123750763475,0.06738297448072132,0.038464381290383015,0.13760842581158284,0.0981989087903885,0.06321793338997395,0.060611633769262686,0.14517029728162395,0.15135473623427192,0.08243947144419256
391,0.0,0.15679513498566094,0.06724053125457924,0.03966976341489482,0.12980450616383057,0.10571975977400327,0.05955421959256596,0.06386711480557498,0.14479232891181767,0.13696452058556055,0.09559212051154749
392,0.0,0.15913559948104894,0.06704950772133181,0.04219856833367769,0.11698943283672032,0.11773220793825363,0.055026294239213264,0.06606580662145133,0.13722884652874323,0.13329974492091248,0.105273991378683
393,0.0,0.16016934247774478,0.06772835062601974,0.04325476098300462,0.10827598572992324,0.12612330779614292,0.05298339145558911,0.06681482459198768,0.1305716533389694,0.13561629824604726,0.1084620847546067
394,0.0,0.15806932869637524,0.07113869790417122,0.041914198058492697,0.10175643221215425,0.13214090040896273,0.05491029657200551,0.06818103257025185,0.12647158549141096,0.13468108142878113,0.11073644665743015
395,0.0,0.17038026719925284,0.06975086806370563,0.04831398310962793,0.064289280268839,0.17172589885768727,0.03937625649114941,0.06014570834685623,0.0847571627811394,0.1948888044266801,0.09637177045509818
396,0.0,0.1656206596961024,0.09579661709878855,0.042850048828139094,0.043518086855678186,0.1866004998693395,0.03650580455106872,0.05041888289618718,0.055348297787576675,0.24879616361845217,0.07454493879870369
397,0.0,0.16435709206168853,0.09607775998533198,0.04294283784423316,0.0400923142553995,0.18530968160764047,0.041880842740272976,0.050535390856092384,0.0610667488632718,0.24580888534696305,0.07192844643914222
398,0.0,0.15582829425672634,0.10565173043261411,0.04015990360567339,0.050545098969155246,0.15833592001393737,0.06020149391107681,0.055708715322202326,0.08401978125311858,0.20260068602995399,0.08694837620557803
399,0.0,0.1565192182483779,0.10309136400885131,0.041362985406460044,0.05108909012106734,0.1536032794399295,0.06510345829652889,0.0565209485258429,0.0886956311404929,0.1949731400539233,0.08904088475856238
400,0.0,0.14071481771645303,0.09648803125347048,0.051753679557741204,0.07371605621133755,0.1167299605998753,0.08743110933061604,0.07827349667468145,0.1087808390820777,0.12698880631495357,0.11912320325883018
401,0.0,0.14283404706201405,0.08176884346114165,0.058904654551397664,0.0694485812688,0.12904944987377423,0.08586343680513599,0.07932757031993387,0.09502164835687263,0.1495091547674262,0.10827261353354044
402,0.0,0.14379572841029709,0.07670744144030418,0.06157765933763172,0.06631506583785064,0.13507359321365894,0.08572167961721691,0.07886435960492352,0.08883428259065654,0.16199303884766503,0.10111715109983219
403,0.0,0.15685469150543338,0.043670303376928545,0.06036774377132928,0.05911933395485365,0.180321035714588,0.07338821466605797,0.06216629681605411,0.06345549282872068,0.23636086860640476,0.0642960187596665
404,0.0,0.15423261043153175,0.04752976302145545,0.050758585120587285,0.07829246701966003,0.1592461839884828,0.07991251672056576,0.06341165861909341,0.09159857453738461,0.19266242465553432,0.08235521588574155
405,0.0,0.14943572698524235,0.05435777524566918,0.04843904148560117,0.08575364401885213,0.14479017610347747,0.08472261367308999,0.06855773751422853,0.1043865244686959,0.1632238842203273,0.09633287628485318
406,0.0,0.1457380347227487,0.05932752686259097,0.04789046533565001,0.0880663521048102,0.1371647942539945,0.08849402479841904,0.07250296591118377,0.10909650464684757,0.1471741580724282,0.10454517329136423
407,0.0,0.14251422805649916,0.06365229674729686,0.047828963020861794,0.0888637620270869,0.13135969565577738,0.09234673857474869,0.0759275211647334,0.11109689774368688,0.13590344893219578,0.11050644807715043
408,0.0,0.1447432621031955,0.07740455760869396,0.051021949970964646,0.06421921981666576,0.16374260938872953,0.07016538920567156,0.06969516274680435,0.08046928101462847,0.18904683353354632,0.08949173461113731
409,0.0,0.14948012236381705,0.07650612305575029,0.04841932855392265,0.05322990117156883,0.18071907464789627,0.06870542242395046,0.06071496395669196,0.07374141187792513,0.21210957694160135,0.07637407500691384
410,0.0,0.1541714194246577,0.07346613741926947,0.045238647716534144,0.05095092350566978,0.1847042203025951,0.07197208646983583,0.05440673339836527,0.07936694211305967,0.2141835306478768,0.07153935900217404
411,0.0,0.15824095929229243,0.06897911997842746,0.04331544211131647,0.054204573099964945,0.18010470603782308,0.07693051496788468,0.05154966410906148,0.09136880291361094,0.20408016584223473,0.07122605164742161
412,0.0,0.15976126964659998,0.06659922188887867,0.04296250206502543,0.05678005119214913,0.17462940006238917,0.08112237063325642,0.05117326239993358,0.09793543341597033,0.19683387934373386,0.07220260935210154
413,0.0,0.1618534875854616,0.06160393220207921,0.04377631963964912,0.06342258982578282,0.16093087375261095,0.08936328300578747,0.05274562033263427,0.11184072859249418,0.1804968469673141,0.0739663180962245
414,0.0,0.1624408751107621,0.05356225674209014,0.04922966803867817,0.07488922051890815,0.1326989465493738,0.10514134708944298,0.059627848422238,0.13129704181799887,0.1567138011845163,0.07439899452602966
415,0.0,0.1519183182886612,0.05148928657888299,0.061581528878898666,0.08651559532055399,0.0944848076206875,0.12359443963774963,0.0779905545075147,0.14411285380261182,0.14061574747662636,0.06769686788785152
416,0.0,0.14190831305526194,0.054379402379627025,0.06871301371752411,0.08673530744535898,0.08142755448666472,0.132149678008227,0.08738716753754987,0.13973846337145068,0.1466614803587017,0.060899619639672546
417,0.0,0.1354229692941839,0.05657987863309921,0.07236757472254263,0.08123292879421345,0.08351596293465978,0.1368675496656863,0.08830346189163904,0.12792346242466113,0.16140523085515485,0.05638098078419847
418,0.0,0.13759898376335644,0.0628531951690965,0.06028223767609219,0.05772242410284991,0.12413944144103521,0.12956857595883461,0.0704717082635752,0.10313186959940589,0.18112240869950713,0.07310915532628579
419,0.0,0.13955866796596164,0.063640587460805,0.057008864094340875,0.05416906720477315,0.13222591885477664,0.12797186026640361,0.06489731796111349,0.09907504828716479,0.17954936194309298,0.08190330596160672
420,0.0,0.14389855804499485,0.06354884934223418,0.05370908907427978,0.05165882381703035,0.13698898707453006,0.12696072897515098,0.05901493811685368,0.09632024485112414,0.17226978348913605,0.09562999721470486
421,0.0,0.14400125800031416,0.06509594684793782,0.05329022276945913,0.052231541667066374,0.13510698723430672,0.1275087361574487,0.05812194168603797,0.09486427968528034,0.16709930790155805,0.10267977805062967
422,0.0,0.13803344352274094,0.07370268480952649,0.05679634668434656,0.05869764565862737,0.11434556837768069,0.1353515675674256,0.06265534484162545,0.08869614604883785,0.1563901895774908,0.11533106291173742
423,0.0,0.13546441500622958,0.07655591951224953,0.05682696740153544,0.05926231441339961,0.11229188412072108,0.1368663145279415,0.06340868739796579,0.08654493264185706,0.15711089685050192,0.11566766812763778
424,0.0,0.13361909022922233,0.07788574507552301,0.0595230423195122,0.06213852866236719,0.10355312949665592,0.14033739858015717,0.06558225938227732,0.08451338520227479,0.1571696885706713,0.11567773248137792
425,0.0,0.13115625088433636,0.07572329991314217,0.07064947029105514,0.07403099748675816,0.07295130312856203,0.15155805717777485,0.072038346266272,0.08083265940057698,0.16101858239530167,0.1100410330562599
426,0.0,0.129656025466152,0.06842998680626924,0.07627258562816613,0.09282053867931078,0.05570137092432819,0.15367410847985924,0.07327298574723516,0.07809638919386398,0.17248549893231147,0.09959051014254326
427,0.0,0.1302404263583567,0.06726283228486278,0.07515110120018124,0.09465608377651147,0.053855603459901966,0.15751996399233695,0.07139577118227085,0.07679091347771247,0.1750501049992395,0.098077199268666
428,0.0,0.13112436725271354,0.06302198139580772,0.052479548564270645,0.10737235348826006,0.09814683657841926,0.12777185820561435,0.05991967284545295,0.08630780161832709,0.1735944674714943,0.10026111257968
429,0.0,0.13241438575568737,0.06081706858986677,0.04145795088277017,0.11205517559573047,0.11736099139745068,0.11537704851387809,0.055329571397857734,0.09484756350888984,0.1693174433409701,0.10102280101693893
430,0.0,0.13535207410682923,0.05581183721462356,0.03321085206276817,0.11810209663827713,0.12835882007089858,0.10718653516185761,0.05180779952515573,0.10654616999584988,0.16361182822630196,0.10001198699747856
431,0.0,0.13645661609536486,0.050661158414575136,0.02950614918057204,0.12458582762892428,0.13269133392332125,0.09913960508799015,0.05119009356909826,0.12575960381930995,0.16014040654784065,0.0898692057330441
432,0.0,0.1368143659964079,0.047616444736496115,0.03137709256215605,0.1275293585636132,0.12764033768744926,0.09892067902459303,0.051985057052171296,0.13593605285764254,0.16052770709609174,0.08165290442341976
433,0.0,0.1313563276229217,0.041951557671457494,0.0733914693628266,0.12834463224856904,0.04193995075853304,0.1294028014951826,0.07086289960544723,0.1752316965805667,0.1839263827538759,0.023592281900660653
434,0.0,0.13147200068283035,0.048354364726050855,0.07530169217303784,0.11689218849009454,0.0382117983075222,0.1384948203637672,0.06708340836340426,0.16632818916533526,0.19003096195170865,0.02783057577629018
435,0.0,0.13115833480864622,0.04933890497276762,0.07477670819200406,0.11595557621613559,0.03924536528141911,0.1399667602685124,0.06511067286982683,0.1634250380057108,0.19210324540879217,0.02891939397622658
436,0.0,0.1303408001608452,0.053788970132856995,0.07120124559983382,0.11224479439058599,0.04542501409439143,0.14330328516094118,0.05861423277169486,0.15113863198472643,0.1986435686506793,0.035299457053486194
437,0.0,0.13323507883356098,0.07946050475650984,0.04669935253068538,0.08231532188398524,0.09186457615286192,0.12535291839521326,0.05797847450543488,0.11190804360906664,0.19466645879584618,0.07651927053687718
438,0.0,0.1347951481734391,0.08725562701014064,0.03655886480096962,0.07423501298034613,0.11418262135493046,0.11437595820368839,0.05686613157339402,0.0926368073994258,0.19711917515930272,0.09197465334440483
439,0.0,0.13277107620759246,0.09452136403641032,0.04236608543988582,0.06543025808164822,0.12329261532741598,0.11146518433781073,0.04658346199110918,0.07688807580218844,0.20132979200439,0.10535208677159073
440,0.0,0.13504044159042838,0.06139014512210115,0.06421421171742114,0.1228419057737486,0.05149209944107105,0.1402731229964078,0.044602476701783585,0.07491041801820457,0.2117681175934933,0.09346706104538259
441,0.0,0.14726363175454915,0.046151775719929296,0.03640489367601379,0.1314266829542182,0.09895666927251358,0.1126270478116244,0.050599939560979884,0.06345629668939914,0.2103856010997129,0.10272746146110166
442,0.0,0.1503783290391453,0.042767966873763934,0.0329873934823031,0.1308612216267548,0.10714646642097668,0.10930412630312968,0.04967364747547339,0.062364485742988224,0.2117093020604415,0.10280706097506559
443,0.0,0.1532444132114688,0.039635195743530215,0.03065812185754889,0.13004362735823663,0.11358139705119014,0.10704883937465616,0.04844819266291127,0.06148750926159802,0.21334268593830238,0.1025100175405999
444,0.0,0.15534140801325444,0.034279761074363736,0.023973106553351383,0.12104227818980472,0.1481708432483974,0.0908581068975652,0.04381063316286454,0.07637076389334031,0.21457837773354163,0.09157472123355931
445,0.0,0.16082548903975669,0.027904850520899672,0.025277320047653002,0.10937486244106487,0.1650631381906291,0.09070290240954652,0.03344949375443049,0.07727612819055937,0.2232551882824912,0.08687062712301145
446,0.0,0.1606627300897648,0.02832032570082505,0.02614301292529152,0.10294306853695531,0.17287011933439253,0.08988780802797376,0.029432051187140224,0.080254929587974,0.22466626061540765,0.08481969399431771
447,0.0,0.15573704801932925,0.034303440986309525,0.027881070509263212,0.09635723282945631,0.1774367512958521,0.0880910637646465,0.0270026228836043,0.09242478463635755,0.2213038616811501,0.07946212339407388
448,0.0,0.15385824411357976,0.037090392324415834,0.028493033299292304,0.09264244085612064,0.17993858214067598,0.08804974093040947,0.025539699123171163,0.09549366782199054,0.220141079835001,0.07875311955538619
449,0.0,0.1386530673398445,0.060217847804161805,0.033153822232593236,0.08823401393120596,0.1575956074402767,0.09346255741192008,0.029614664018918022,0.12242180095995986,0.20810088922531111,0.06854572963585163
450,0.0,0.17076182688635488,0.0681141114067752,0.02432694745989738,0.06708253529295202,0.1479932041372854,0.08079560117631528,0.03324427639832891,0.0864931131610324,0.24466617069279417,0.0765222133883071
451,0.0,0.1714870958060967,0.06834893327540469,0.0221528712337038,0.060080623534791204,0.16907615153502664,0.07309369453972714,0.027528917219753736,0.08141285536428712,0.2472688047029211,0.07955005278833076
452,0.0,0.17069520487997086,0.06894511888019629,0.021197783304216622,0.05733168877877273,0.18059639238564806,0.0684896057727392,0.025061273576792265,0.07849244340924594,0.24899694912135847,0.08019353989110242
453,0.0,0.17316048089720035,0.06727857167714214,0.01899979492143176,0.058759294308291514,0.18358956316750058,0.06631435765817932,0.024980417960167402,0.07442049358832066,0.25519832399164943,0.07729870183016
454,0.0,0.17004924994320705,0.06884003566216063,0.020016390166136155,0.056851223444193286,0.1962282995246334,0.05819510344424643,0.026325796573426645,0.06973038307797573,0.25801706131750135,0.07574645684656225
455,0.0,0.15568135444645245,0.07551898293252607,0.02876761088170997,0.060263192945717185,0.193494499404116,0.058223836990990575,0.02963515031375963,0.07273964861429803,0.24555814788308497,0.08011757558738816
456,0.0,0.14393609982237393,0.07289110448842259,0.03768142987790188,0.09809076318549505,0.13207542247269188,0.09130403930867849,0.034440517341249345,0.07166983565237761,0.22762558101552813,0.09028520683532414
457,0.0,0.14785644082477215,0.06775294097187222,0.03697652334019269,0.10628573311912988,0.11908299406246788,0.09850725370221064,0.03591728141541965,0.0667879394074072,0.23002727790741304,0.09080561524915794
458,0.0,0.16130328167585112,0.05319412757883736,0.03091335247294351,0.12050482248582092,0.1015720333595938,0.1122514407977596,0.03353195066844467,0.055801386032618444,0.24023926835565992,0.09068833657251374
459,0.0,0.166383231972452,0.04837221812046001,0.030173252142576573,0.11984132771092634,0.10197246006892276,0.11354338312487362,0.03353545770587349,0.05213785074354192,0.24511474186578347,0.08892607654463293
460,0.0,0.17387344095042817,0.041572294080785076,0.026954444888913544,0.11937349040028149,0.10497595603818205,0.11539991646713402,0.03094735462239107,0.04776986038564721,0.252088374973346,0.08704486719293462
461,0.0,0.18216202349022087,0.034712126846162955,0.022706980261940356,0.1135314611654861,0.11731326201151779,0.11422534885422068,0.02696777003421437,0.04406344369181189,0.2602486430635407,0.08406894058092786
462,0.0,0.16144918879362447,0.06066886230398617,0.01994727879651042,0.05284392298063089,0.21262168042956778,0.07119770115954124,0.035931365523576855,0.06288582276697136,0.2419025921374924,0.08055158510814198
463,0.0,0.1512944359401006,0.07034440722433037,0.024474571474992296,0.04875489046244715,0.21078884391848837,0.06957904689591012,0.04229226186956304,0.06991925397998128,0.229534102136305,0.08301818609792516
464,0.0,0.1402945569559303,0.08010439988806368,0.03260825526134972,0.0551018273216586,0.18475584031795955,0.07652558433882094,0.05236381767214259,0.07883931178147738,0.2153169396620889,0.08408946680055189
465,0.0,0.14038400411434088,0.07988235926840181,0.03531794006069419,0.06634735481561696,0.15884279988970587,0.08800247388494474,0.053614689800150786,0.0808739661610555,0.21321189417162284,0.08352251783351017
466,0.0,0.16459768886982978,0.059522166352589514,0.029905558096975888,0.09990795858194337,0.10806244203842547,0.11308228223924574,0.038478335191468926,0.07472829692851643,0.24137777465293955,0.07033749704810889
467,0.0,0.1847579439518922,0.04530590356515711,0.013777492162377229,0.10049045724343388,0.14678876485795536,0.0954454979882341,0.015380295861025238,0.06940283056055964,0.2683805379570782,0.06027027585233077
468,0.0,0.18431012498098515,0.04589983994414099,0.012528834948675039,0.09886406363829875,0.15528220326966227,0.09037590446586316,0.01495324157220904,0.07004226759973639,0.26868513804975047,0.059058381530722306
469,0.0,0.13984635696978354,0.0756409785294906,0.0386748433437832,0.0778101698372841,0.18748978733414723,0.04877832718374778,0.05676733471430915,0.08481453784167595,0.22099521166431493,0.0691824525815067
470,0.0,0.13788478603664633,0.07520841090117752,0.045822896096778656,0.08165230971535536,0.16896190923233,0.056398988543376535,0.06263905684574224,0.08402496974832148,0.2189787416127977,0.0684279312675173
471,0.0,0.13747528514677942,0.0735982694507958,0.05402950644391168,0.08266506006477582,0.1531541342416473,0.06263443987669387,0.06949597188420761,0.08161744607230828,0.22023528164425205,0.06509460517467144
472,0.0,0.14579252464452438,0.06609914012886348,0.05938609889609486,0.0923324266062943,0.11435608265103529,0.08955499761046098,0.06245107820387272,0.07942509791080529,0.22715108660267883,0.06345146674541302
473,0.0,0.15063944404995716,0.06261672410902328,0.06103752950456317,0.09422494786233053,0.10062070589073438,0.10088393484749017,0.05809458141259379,0.07846044255941792,0.23144566949847073,0.061976020265462124
474,0.0,0.15260826686253426,0.06111329486451939,0.06588623752461024,0.09177153576067545,0.09095658101293781,0.10848222183181616,0.057269770281898336,0.07929273019806839,0.2332357854721948,0.05938357619078819
475,0.0,0.17491876163336764,0.06178362077051528,0.037343271880587434,0.08089735961335062,0.10490164838936228,0.12879279962163723,0.023131645496521268,0.07432468093282239,0.2408452218223161,0.07306098983956284
476,0.0,0.16687728996448886,0.06906279877302822,0.04597517295775113,0.07273418737072855,0.10081134762415007,0.13080118678615832,0.025384101150180707,0.08800340916774017,0.22397763724750738,0.07637286895830976
477,0.0,0.1649593825376578,0.07246673220054618,0.04571097111341312,0.06868744466478006,0.10449093814680063,0.12951874245753195,0.025813338639473205,0.09094236678611299,0.21750163164819766,0.07990845180552966
478,0.0,0.1568372631307392,0.08659285002202564,0.03689728758562079,0.05051166386025427,0.14214024017750884,0.10890003734287285,0.038899677842090565,0.08499807901957503,0.19763577204140598,0.09658712897795045
479,0.0,0.15355399353460505,0.08953105186478097,0.038643572295789005,0.048250230678510295,0.14233966102384293,0.10844996799474725,0.0411659909931671,0.08945063983274364,0.1876001095261076,0.10101478225574995
480,0.0,0.1473748365271119,0.09403493962507738,0.04058257210428152,0.042878218078591365,0.15244386323984657,0.09918151803483811,0.053546825349169415,0.08544214219832068,0.17867573018996938,0.10583935465283738
481,0.0,0.1394602205988495,0.09652057084705595,0.047150444117715504,0.040692434438750036,0.1549808260425395,0.09279628657426202,0.06957366732440343,0.08171735623328012,0.16713733742925302,0.10997085639393492
482,0.0,0.13089571463592614,0.08936908283444324,0.06493452964443434,0.0500261166480891,0.13893695725283572,0.09216799364997606,0.0944756661566555,0.06584040232643688,0.172117571883228,0.10123596496801907
483,0.0,0.13504368582722218,0.06464353679909103,0.08186422933584948,0.08490152826818248,0.08940064010489256,0.12301243376555203,0.09001754859711361,0.05535076917043821,0.19736422466371104,0.07840140346799142
484,0.0,0.13583398908891378,0.0626255660001242,0.08216105615892377,0.08795503090010909,0.08469881618385797,0.12805465135604444,0.08741522114804573,0.057232779218866506,0.19665441814692522,0.07736847179823346
485,0.0,0.14166691531645398,0.05201976672706207,0.08204506930383865,0.10469841266137692,0.06760231505321418,0.14459475293603694,0.07308043179915058,0.05764339392778339,0.20891915197052022,0.0677297903046075
486,0.0,0.14272853775909983,0.05004324275713517,0.08168466456612042,0.1082178147468215,0.06346150293205288,0.14979202413341738,0.06887931719895271,0.059935132346017696,0.20925739093672888,0.066000372623698
487,0.0,0.15143461323041424,0.050726031469855694,0.04837762092618762,0.12275940289167629,0.11027259976764443,0.13797948262059828,0.025652631375721616,0.09511492521485058,0.18185612217731914,0.07582657032577643
488,0.0,0.15016993327287217,0.05199504896186075,0.04906129088534381,0.12092816696412607,0.113274961906387,0.13561879428074705,0.02648592053949208,0.09820603698826343,0.17693068345018118,0.07732916275077086
489,0.0,0.14773999504415014,0.05404351081698275,0.051554524601548614,0.11697268905818435,0.11804169973882361,0.13139891572113388,0.02895042894545848,0.1029964596856511,0.16812203543440965,0.08017974095370205
490,0.0,0.14480113029629746,0.055748448325838716,0.05684129568329543,0.11137230670226114,0.12215095459547272,0.1271764982585717,0.032827913341598125,0.10733306634784656,0.15797000239831302,0.08377838405055
491,0.0,0.1437151809137823,0.0565478007807844,0.058663485703020865,0.1088609611031068,0.12448266106828018,0.1250075514429452,0.034670415760091076,0.10878063251774565,0.15402691052086953,0.08524440018941887
492,0.0,0.1278832552414939,0.07373765541896103,0.08056112287837847,0.07999256476767716,0.13237957605998055,0.09400827677673203,0.08261928361044375,0.11945330493717801,0.13504047112850892,0.07432448918069089
493,0.0,0.12653286080296808,0.07329722776993547,0.090738307407248,0.07759967067727942,0.11812907206777977,0.09848180700606143,0.09063630692801775,0.1175383425000185,0.14138549217534652,0.06566091266539008
494,0.0,0.12666716207892487,0.0711551590484721,0.09929616942642196,0.0746026193633231,0.10945763903429753,0.10404569252892903,0.0947203951216821,0.11448421593032385,0.1440937829674261,0.06147716450024434
495,0.0,0.1276837041852313,0.07192993417836147,0.10719444477028904,0.07813492203912147,0.0768969820195616,0.12295308492451086,0.09435485667124469,0.11088205153410104,0.16729512914562675,0.04267489053199694
496,0.0,0.13470192635822142,0.07413497875783226,0.10460193155412423,0.08672245922964647,0.03830230166142626,0.15490311646461052,0.0737847029779232,0.1101685439059955,0.19621938506436054,0.02646065402590484
497,0.0,0.14718082377033873,0.08047081701129509,0.07470311209379119,0.0710522134080071,0.09026873884379064,0.14608435937645203,0.036373034520677056,0.12137495479685934,0.1534465745794252,0.07904537159940907
498,0.0,0.1488838805819547,0.07954431117088466,0.07719343299419638,0.06921869536233531,0.0939731483317485,0.139714665440682,0.03564611485979397,0.12849723209745945,0.1444735222439459,0.0828549969170446
499,0.0,0.15167295869820366,0.07590279999466049,0.07794658646044061,0.061338621318602744,0.11705539542623891,0.12186897694734874,0.03890124021705369,0.13394851681059877,0.11923127719286339,0.10213362693403434
500,0.0,0.1539790346106519,0.07343987172131222,0.07936092912783388,0.06072520317465023,0.11981528471968342,0.11720016749218345,0.039147469326625293,0.13731986380315414,0.11454633112492407,0.1044658448990271
501,0.0,0.15789090255280278,0.06284796683062926,0.08712316082195448,0.05378562785933173,0.14098775087336518,0.09617310702942773,0.050617174418142716,0.1395983191313122,0.08819309429837792,0.1227828961847019
502,0.0,0.16250665685090246,0.05179178763214024,0.09555312745025127,0.05396801620585341,0.1457395799465468,0.08526568694128031,0.057898317990387894,0.1415303720010654,0.0796539013793617,0.12609255360225635
503,0.0,0.16350059036139442,0.045672349530553415,0.10248069027467126,0.05540246656990276,0.14411575014724354,0.08157893192254613,0.06440903238004209,0.1394737269489172,0.07809813392430331,0.12526832794047185
504,0.0,0.16731761594444364,0.038921259061957654,0.10607313363177572,0.05779170915538045,0.14326340876470756,0.0782540871643732,0.0652611477973728,0.14161023793455416,0.07987909773532914,0.12162830281015181
505,0.0,0.1682445083310169,0.034991169421714784,0.1102831524943917,0.060152674973514335,0.13958684318350995,0.07768931952235855,0.06805362312765004,0.14047866087149158,0.08274887580281622,0.11777117227158215
506,0.0,0.1609762294849862,0.03529562333011866,0.12173850215842477,0.07339716722276114,0.1116843876738324,0.09054604742269096,0.07572051377430927,0.12718671990876348,0.10467816811491365,0.09877664090924562
507,0.0,0.15923533836225826,0.0354834524107596,0.12377590654250728,0.07829881079348074,0.10380447040045239,0.09490590766867237,0.07523166085915906,0.12444685395875757,0.1132965506061969,0.09152104839780222
508,0.0,0.1544399336125871,0.03973921886309268,0.12500011766125263,0.08643364951377923,0.0898247358256246,0.10418211748783184,0.07354286516966008,0.11832236764228166,0.12817651648720535,0.08033847773673117
509,0.0,0.13353462751784384,0.07313402104014219,0.11056192494547597,0.11080119215885241,0.05517777217470015,0.13936409615435888,0.05629975125210678,0.09247002599259674,0.17401883435722112,0.05463775440674849
510,0.0,0.12834801393544393,0.08345352696300525,0.1037781844611478,0.11363558586164343,0.056854288351416926,0.14439452298118322,0.04895489941436781,0.08702521163414773,0.17915801240001897,0.05439775399767166
511,0.0,0.12297114955791212,0.09135913257363935,0.09986439316921772,0.11466515934874982,0.06371541783090631,0.14348046656104926,0.04387124370662195,0.08324063297765488,0.17843293368032526,0.058399470593969986
512,0.0,0.12120584622250502,0.10232144564495033,0.08988196166389614,0.10917349071638861,0.07995805339700336,0.14005440714074355,0.03934131212569313,0.07832418621782311,0.17051225067495537,0.06922704619608819
513,0.0,0.11981562021937292,0.10412764295742678,0.0891362269703197,0.1090987110191962,0.08441347735372899,0.13672702785748542,0.03935823705656437,0.07675751585352551,0.16746153277658316,0.07310400793584396
514,0.0,0.13873357021430927,0.0957368067983196,0.09020448183141282,0.06538517226149522,0.15207291232402068,0.10302169143630815,0.05036380257210807,0.0772377996498126,0.11420954928331792,0.11303421362894271
515,0.0,0.14416367543108818,0.059224893086352405,0.14257915568359553,0.07042388877463249,0.08893134741629041,0.121542473837382,0.06674476842348916,0.09753513168828111,0.14532224987465212,0.06353241578428387
516,0.0,0.14109190967650218,0.061913548008782605,0.14332322924479732,0.07477881762723364,0.08245208976550025,0.1245591784566597,0.06307216168789156,0.09820936683856751,0.14779516682790547,0.06280453186620717
517,0.0,0.12625361895613327,0.07816907770269291,0.1253766320035153,0.10234500004036792,0.06030382155391977,0.1370334894984856,0.045951423448735804,0.10282447317565029,0.1676961316746508,0.05404633194589588
518,0.0,0.12372905204324872,0.08248852590399987,0.11654599425004432,0.10900288229563584,0.06280422095568622,0.13554373323222652,0.04045128156532081,0.10412896731792452,0.16791117511693918,0.05739416731902172
519,0.0,0.1290264849594994,0.08111575529680384,0.09078398629272215,0.1173390724053529,0.10141293617987567,0.10781823615403648,0.03510255444715738,0.10856655083968884,0.1522272995890358,0.07660712383587549
520,0.0,0.14524659521091096,0.06115289257352857,0.08735538745049937,0.10862201812107874,0.14680567374873976,0.0709459107589976,0.046817719856798036,0.11682949049194552,0.12901975262803111,0.0872045591595181
521,0.0,0.15079116732979622,0.05272268078962598,0.09230662287656874,0.10609178323375207,0.156090915809869,0.05984813768398005,0.052570879571022286,0.11886839474848927,0.12453001999891437,0.08617939795803001
522,0.0,0.15818131955840883,0.03469438727916407,0.12041796965892171,0.10043729679030568,0.15427116853340594,0.047763308381243784,0.0660503754723869,0.12464526577710139,0.11855308690122543,0.07498582164788456
523,0.0,0.15213735652498533,0.037697299973482125,0.13780965957824312,0.10697884119094966,0.1299331547152818,0.05500215098704949,0.06895612462263734,0.1212769654913274,0.13347717425262468,0.05673127266346756
524,0.0,0.14523204206781096,0.04619511817995392,0.1462313480883235,0.11305823627240927,0.10772204579505262,0.06712818907404128,0.06640710115769512,0.1166537584381813,0.1410600651226548,0.050312095803926114
525,0.0,0.1426699274047622,0.0496260817387472,0.14703342976537845,0.11624049144758938,0.10189684686965036,0.06940510771562088,0.0668480485228151,0.11317514955138554,0.14645107567478494,0.04665384130931525
526,0.0,0.14041549604453604,0.05264121664146106,0.1452909432798005,0.121194149811093,0.09917936320627864,0.06712604155136397,0.071911799363435,0.10596172980834775,0.1574634467548164,0.0388158135389168
527,0.0,0.13245779655496284,0.07373401775699517,0.14005030823578263,0.13419239840128472,0.06958461731568667,0.0908139996591989,0.06014805076804289,0.09307036662221801,0.1494700066352203,0.056478438050657095
528,0.0,0.13319620548094901,0.07573922460951042,0.1351422955445399,0.14216505395573606,0.06300309437199189,0.09428981593440688,0.06110778421961953,0.08291508232719333,0.1507212194082561,0.061720224147845754
529,0.0,0.13220205140323965,0.10485372759716095,0.09884178161587366,0.14443655644927295,0.0765814835919443,0.09878903661533231,0.053209575729737245,0.05698576380817921,0.13992773139079281,0.09417229179851562
530,0.0,0.1344280179650543,0.10490802469940756,0.09372821102883569,0.14675561410915836,0.0790031867038672,0.09732058754473746,0.05438283830996296,0.05188743625719428,0.14091230299716845,0.09667378038466269
531,0.0,0.13939284781110736,0.10642597743359468,0.0815070590127274,0.14658717696403842,0.09121439109495777,0.09015406472142302,0.05853658051406866,0.041661722586528734,0.1455543509067134,0.09896582895488969
532,0.0,0.13747360996029429,0.09403119740145871,0.12649797396733573,0.07352829566100752,0.11946883912017484,0.07699660721624504,0.07945209113978927,0.05435536472433741,0.17689467112157606,0.06130134968783034
533,0.0,0.13845871203809518,0.08600721816028278,0.14310718287156848,0.0675580348490334,0.09743856904712944,0.09103185489664922,0.07547536921224791,0.06786607051415558,0.17176856572624735,0.061288422684640034
534,0.0,0.14792479758690158,0.07747010495575193,0.1404425889393441,0.0787147330861595,0.05352086243793781,0.12512920166822356,0.05429244140670979,0.09510297170192014,0.13729366958868716,0.09010862862841384
535,0.0,0.15257502907227147,0.07499671894025063,0.1371282974222938,0.07991887460962256,0.05316507547316691,0.1278596811746873,0.05028546513724499,0.09914998895735536,0.12748764517221445,0.09743322404094205
536,0.0,0.15899210832920432,0.08393328516058986,0.0996089584423598,0.09668704757793478,0.07171370243878925,0.11456020431664479,0.049961471060686144,0.10099430422800419,0.12520407546348652,0.0983448429823501
537,0.0,0.16190230882275986,0.08117051773759332,0.0995813161698259,0.09602176526579871,0.07406577325068849,0.11396441422860805,0.049862141943561006,0.10176654066625769,0.12197850230664582,0.09968671960831087
538,0.0,0.16039665306156764,0.09251306430194603,0.07577001121443853,0.1049821848379778,0.11105197662694812,0.08092924759485827,0.06635196257633588,0.09492964445032104,0.14105580391074313,0.07201945142491348
539,0.0,0.15947887609137992,0.09439505684327794,0.07389221360449619,0.10720757445022865,0.12839850209171508,0.06335955881715966,0.07804869682984691,0.0906063218520196,0.15172684829582006,0.052886351124106216
540,0.0,0.15500358340498033,0.09519962065762046,0.08299847840639737,0.11190398257879507,0.1377942921334351,0.048522140311152956,0.0901657278784479,0.08509410392109942,0.16353151525132395,0.02978655545679782
541,0.0,0.15671139228706685,0.0746570111926563,0.13421102436781154,0.14027988856188794,0.08766706859302953,0.07617082976431198,0.07675115306767695,0.07584576711975013,0.14079205379039178,0.0369138112554674
542,0.0,0.16295185362475595,0.06986555637056731,0.13438177352243563,0.1484067778085802,0.0761360303999678,0.08628691042794295,0.0721707846255711,0.06972279926364473,0.13513179260769972,0.04494572134888514
543,0.0,0.1792999389507349,0.06288636200112364,0.12308373055006004,0.16893762880605787,0.05377823552318028,0.11228285986666188,0.051897009626955246,0.055505422256937165,0.11039188657318506,0.08193692584515463
544,0.0,0.18767941989426687,0.07925456827938218,0.0821435450404861,0.1629540764862364,0.08336737572325213,0.1048343746354708,0.05356581203669909,0.03424137835881656,0.1162551756451703,0.09570427390027024
545,0.0,0.19127215163982528,0.07680448415533231,0.07811422014996695,0.16673772537096193,0.08326247253198193,0.10397051873566189,0.054420422747680615,0.032682120368041336,0.11838274523416581,0.09435313906643251
546,0.0,0.1717564820617592,0.10640111066413195,0.07146216116779226,0.1022432617939486,0.13923717129770258,0.07056847142920192,0.0864366948552364,0.03387314032581585,0.16158265377935196,0.05643885262510971
547,0.0,0.16684985693650292,0.10463088514896886,0.0941974851294027,0.07074330508487398,0.1309488376439423,0.07708541991488863,0.08980690536777679,0.05397348488533449,0.1643902831156733,0.04737353677268687
548,0.0,0.1805727524174525,0.08059951679274738,0.12998198230696187,0.04542217060370822,0.06833459851092889,0.12812673237089628,0.06289900674717677,0.0991200364825648,0.12726860782468588,0.0776745959429283
549,0.0,0.19409631449167122,0.07154684540699341,0.1267323500005705,0.04572699645754544,0.054504418874684754,0.14242352353613308,0.051904268516154616,0.11164715024771406,0.10744706759012757,0.09397106487845663
550,0.0,0.20323239608440977,0.06633554098821919,0.12239456597295029,0.045737145666337145,0.05184308451973896,0.14732153844339785,0.04743842618185669,0.11788895077859281,0.09570079216791565,0.10210755919663311
551,0.0,0.21663509985560525,0.0623731636811776,0.10598027329132324,0.0511456821608868,0.05566284943699565,0.14544242946184321,0.04637466169190952,0.12048868325009633,0.08572774564281396,0.1101694115274
552,0.0,0.2246500062409101,0.06509724772188112,0.08525250594107399,0.05699638165993351,0.0760357650051063,0.12815824533000109,0.056875419404452114,0.11421770781580116,0.088306758766961,0.10440996211393128
553,0.0,0.22582251176085558,0.07205497976709971,0.0685285203136202,0.0620315024757799,0.10378718109371618,0.10291455893316293,0.07458093822097951,0.10252256550336511,0.10041053989835967,0.08734670203311304
554,0.0,0.21549501121648487,0.08667188887277967,0.058303675108293096,0.07234060561328967,0.1431939929543176,0.06396487608062881,0.10469158308370866,0.07867129732663913,0.12944196346697903,0.047225106276931494
555,0.0,0.2096141029555752,0.08969040346679756,0.06350034648382492,0.08089672412055747,0.15230548578993522,0.05331501350584417,0.11523799967160689,0.06631275486038242,0.1405743362906983,0.028552832854830082
556,0.0,0.20197218914187984,0.07888901978810825,0.10151583880814452,0.13729648450258827,0.09163816060495363,0.10363639394956253,0.07837645521427075,0.048484560501998376,0.12420737736264256,0.033983520125903485
557,0.0,0.21177591271352245,0.06956537725578463,0.10272773771690187,0.15178642820845611,0.07375222535646205,0.12322709180564853,0.0625465538029865,0.04481980671031408,0.10970514966948527,0.050093716760490806
558,0.0,0.23933994408231626,0.0512241706777868,0.08888551600807879,0.16726592550993244,0.06410178065729397,0.14360133092317712,0.04230008890479525,0.035105873989763545,0.07909251115597067,0.08908285809093758
559,0.0,0.21212299245107433,0.0978074691687142,0.07206972415787426,0.047079243544606575,0.15289795377962803,0.07800872456075314,0.11159529535111198,0.04788253454263,0.14393491652014892,0.03660114592351097
560,0.0,0.21337830314255551,0.09629824741925289,0.0733215313791444,0.045138062179283796,0.1509577430389803,0.07975198297522618,0.11039020400864327,0.051549508171925905,0.14282330703762122,0.03639111064741897
561,0.0,0.21149869185490514,0.09203801001052622,0.09274271524334302,0.029618979447826665,0.1037061296273768,0.12013873272462972,0.08117909948353973,0.09369335011239564,0.12527707388821768,0.05010721760729195
562,0.0,0.21271436231689975,0.09080534105655404,0.09366885317246972,0.029018435581199743,0.09936520517070513,0.12425052270611617,0.07799812192386972,0.09761811437796036,0.1218922645379478,0.05266877915633005
563,0.0,0.24141983841273368,0.07794905897769114,0.058106231237012744,0.0570879031851589,0.16524775978961675,0.05649472909674377,0.12198383625633534,0.06184334377385863,0.12291266158329762,0.03695463768760413
564,0.0,0.21986982488569484,0.08714398094422433,0.07793660140083883,0.09798025826872209,0.13785882283166942,0.07683268329565504,0.10657844099905546,0.043368126929093885,0.13641096179628817,0.01602029864881063
565,0.0,0.26982192985100634,0.04736441379906508,0.0589464331073784,0.1373503392713362,0.1144229861737867,0.11388470586376255,0.07418849419113663,0.01779799659162536,0.07199464170003725,0.09422805945091836
566,0.0,0.27144925197138714,0.048298387694566215,0.054662270718922004,0.12980436144351962,0.1277785691106469,0.10295632007827504,0.08209190583842471,0.01589248263490945,0.07758906671261633,0.08947738379678528
567,0.0,0.2695541352617545,0.05311367143300172,0.050728010146504604,0.10658335164256415,0.15508296257715887,0.08146347350293301,0.09999132876117398,0.0151428000650763,0.09199475194645619,0.07634551466342959
568,0.0,0.26243643098156016,0.05976317902153576,0.05305836824242049,0.08182431455865496,0.17698971176436465,0.06418711696402055,0.11329698973111361,0.020431986333522924,0.10889604396505456,0.05911585843780515
569,0.0,0.223377898595328,0.08995176582070859,0.08204683755901505,0.03036646622563037,0.14190503426543305,0.1023422365466225,0.09232443800952013,0.07125748454192937,0.12933792034838013,0.03708991808748551
570,0.0,0.21878799014098413,0.09405465271779484,0.09153510330778246,0.028178413845264157,0.0855940964803767,0.15056265849333586,0.06056180948174718,0.10627737977613194,0.1054638216962497,0.058984074060385826
571,0.0,0.23229264494368085,0.0855775597948981,0.08646505250192152,0.03232745785961967,0.06339033711430729,0.16641883359766957,0.051809829007318,0.11916245699932454,0.07972560776945993,0.08283022041185358
572,0.0,0.244350537072441,0.07767860039773129,0.08000777635974456,0.03402053483782236,0.06582434910540032,0.16029066835840153,0.05872387980956677,0.1188059990257108,0.06725067290595957,0.09304698212727491
573,0.0,0.26430461061749705,0.0632014604024147,0.06876457476811676,0.034866149968892236,0.09238185647985901,0.13021304226303854,0.08453918638167938,0.10562562759840738,0.060059070403858945,0.09604442111628923
574,0.0,0.27308164719758726,0.05576807614965304,0.0640516696300204,0.03569360167485918,0.11575778046334734,0.10412913885019587,0.10602544254018119,0.09299569385704232,0.06334916690758377,0.08914778272958292
575,0.0,0.27635305766915863,0.052090164675555835,0.06281896148808827,0.03733580893082411,0.12813756905296253,0.08880480103780673,0.11879426802088368,0.08558722568667193,0.06663749559107139,0.08344064784703006
576,0.0,0.2781766307679401,0.048246337520407176,0.06285355947807285,0.041706249301476456,0.1438004083444016,0.06882820947133819,0.13563806256571437,0.07403651003472765,0.07417535085084709,0.07253868166512786
577,0.0,0.2758900254491291,0.047122576110750755,0.06506223413492426,0.04875433171710921,0.15350839022782062,0.055281930331376884,0.14763606996284537,0.06288237466067007,0.08377402370745911,0.060088043697968066
578,0.0,0.27230475262921605,0.047671521189905364,0.06741786685433629,0.055972000870855014,0.15511673199709192,0.05034315825669405,0.1527930762117657,0.05614304699896735,0.08961822216291032,0.05261962282831152
579,0.0,0.21150645104402804,0.10614065629996117,0.07869319021638671,0.1429683865679772,0.07981170099409057,0.14747799614429158,0.05289583436779635,0.035276938621332805,0.10569151261116447,0.03953733313302465
580,0.0,0.21164418769372345,0.11047665443039781,0.07511884801841269,0.14351999564346962,0.08068576628391998,0.15086290169935326,0.04733369932618834,0.03399657154560568,0.09997019111007394,0.04639118424890886
581,0.0,0.25493608536283807,0.09029475845677193,0.0491606067875723,0.1105082490345564,0.12972368252007216,0.11970775854159375,0.07877117488349816,0.01692810553151527,0.06606382178590768,0.08390575709572792
582,0.0,0.26713960865160935,0.07920366995096724,0.05218280726852898,0.07359248032333188,0.16716625863249918,0.08395690410312723,0.11638178853519761,0.01268935449707755,0.06965870813482442,0.07802841990289028
583,0.0,0.2526569207519052,0.08247611518014442,0.07167919316596319,0.04501418530811471,0.1724318148750698,0.07454454340654916,0.13084681554938712,0.02496987178741933,0.08914796285930797,0.056232577116192846
584,0.0,0.2094647861232753,0.10460216414964242,0.09935543085525442,0.04141047704522706,0.1274959538378263,0.11062291968513834,0.09896161730229008,0.06204368552182871,0.10932275459842049,0.03672021088115098
585,0.0,0.18688914875089474,0.11688662961937998,0.10333694651874441,0.059264776771276756,0.08924588000647127,0.141868059510783,0.06351938565852339,0.09091886778302595,0.1049865054078638,0.04308379997309097
586,0.0,0.2161030495181526,0.08861969667167736,0.06764482729394986,0.10151064819383096,0.10203918505568065,0.10572818626877951,0.08091375301447977,0.09443456986512126,0.06799577441455923,0.07501030970382312
587,0.0,0.21911087616637037,0.08522644638279497,0.06475272897268748,0.1065185878788582,0.10539645574137858,0.09561148297319656,0.090088511107609,0.09192771106373117,0.06562404009790926,0.07574315961551879
588,0.0,0.2344697645633122,0.06838069491965491,0.05786483849352182,0.11842513340374368,0.12404085824772473,0.0636525039746226,0.12141042609441276,0.07687361623197883,0.06200120746847059,0.07288095660261257
589,0.0,0.23652842732640667,0.05638964371049901,0.07092251727172943,0.13215987032774815,0.1345892815737549,0.04072333080254574,0.14874348180443986,0.05458242285055164,0.07639177036195041,0.048969253970429
590,0.0,0.2078284289530683,0.0746758103141019,0.09790461788823318,0.14334547006795373,0.11179748046542667,0.06720026694562427,0.12517806579447693,0.047923968981866016,0.09789388051085536,0.026252010078448736
591,0.0,0.18830101073534858,0.09191237403874469,0.10434690297474354,0.15191123765770298,0.09857086968955465,0.07973952049266113,0.11107296883355877,0.047904689811171776,0.09545136708572402,0.030789058680845024
592,0.0,0.17440674132433928,0.10635186760153215,0.11263604837345609,0.14818479071526047,0.09052536554892722,0.09717921708654088,0.09327340869432765,0.04817386698737864,0.0998089152972296,0.02945977837106322
593,0.0,0.19639708875508358,0.14673846035662466,0.05350278824259451,0.10267571369780362,0.12195028350499455,0.12354174836527097,0.07486642544819343,0.029066324364769636,0.07953385488792279,0.07172731237679769
594,0.0,0.1934004578299018,0.15254140055982215,0.05142503033922583,0.09995772539635167,0.12985773389016556,0.11354141538044955,0.08138419478525227,0.02993277344678123,0.07766295522591614,0.07029631314618914
595,0.0,0.20109849350786907,0.14899330341379644,0.045603645692532974,0.09281915409206509,0.13647038097677625,0.10093169677670713,0.10231326185829409,0.02785977124572786,0.07186819927016191,0.07204209316612477
596,0.0,0.1943133096554645,0.13292380107762353,0.07566080416430372,0.07969913103423729,0.12133422845233659,0.1001410470085507,0.12207385101913856,0.03779041113481233,0.07204420427450786,0.06401921217908031
597,0.0,0.1878676490748583,0.13314284763190443,0.0839630920507467,0.08025182523573214,0.11618273405942066,0.10439116425068788,0.11901454933136785,0.04052750766943973,0.07300301852620843,0.061655612169689566
598,0.0,0.1751423321684057,0.13189291088298297,0.10199430892688435,0.08009614056169574,0.10695917493844842,0.11246990385363674,0.1108092743693425,0.04749466822843723,0.07607420486861904,0.05706708120160298
599,0.0,0.13989441078784706,0.13078142119980982,0.14060849045880888,0.08904187596984413,0.09219718812211154,0.12845204921121087,0.07719955541732461,0.06832822930542647,0.08655249590405187,0.04694428362362074
600,0.0,0.13076871969055265,0.13079984104894346,0.14460695721255437,0.09857245208447785,0.09268162066508671,0.12850599613704639,0.06648516535222286,0.07308948529089042,0.08896428942414608,0.04552547309413505
601,0.0,0.12696070788251607,0.12902353667082742,0.1374772434991189,0.11721372637900634,0.09789887534898664,0.12072632460413804,0.05949621049811541,0.07610900455703273,0.09011725748444781,0.0449771130758665
602,0.0,0.12925412948785664,0.1265042287276747,0.1252391423188891,0.13395152550851755,0.10389890704305282,0.10924736085414223,0.061384816008397035,0.07532599336839209,0.08991602940135919,0.045277867281774596
603,0.0,0.18341019119523344,0.08930999373077284,0.050453179403440754,0.23586026430655796,0.10593774248509738,0.04856323498262989,0.11340053505245817,0.05963939784830468,0.0700749715362969,0.04335048945926419
604,0.0,0.1862508406066568,0.08233242629895306,0.062052018692984705,0.24429397346081683,0.09405070128726663,0.04619454886193136,0.12216576700863178,0.05800478707863565,0.06760966801279787,0.03704526869138155
605,0.0,0.13208692826777052,0.12588267128566147,0.14035117401716465,0.16999826933468656,0.09178271564809114,0.0893815231134022,0.07359802564850422,0.06521390491411087,0.08828744441489882,0.023417343355766004
606,0.0,0.18533140954112912,0.15820156568267812,0.04795312551538317,0.10112676537717888,0.10479773710273056,0.12001160514768591,0.10613907112261683,0.038756199869782265,0.07035491907650308,0.06732760156436861
607,0.0,0.18643211274967936,0.14525534070583696,0.0640027494972023,0.09538263873489945,0.09095441097818115,0.12920733238675985,0.11088906985489616,0.04301166252470898,0.06609604777782428,0.06876863479006819
608,0.0,0.1401093698464558,0.13734330432170253,0.13210548514772552,0.08812927069198102,0.0921999897548415,0.1324591065331323,0.08240935605560049,0.059939279913849286,0.0792449517948255,0.0560598859399426
609,0.0,0.13719824644785408,0.12314794205824203,0.10144035048369866,0.16810422956673204,0.12113352434031124,0.08468183519806492,0.06894018433327252,0.06403659530521541,0.09014822927446886,0.0411688629921968
610,0.0,0.14374564586647975,0.11993283998804585,0.08898625020307717,0.1709991824318016,0.13408062676302365,0.07243174577171986,0.07122441341683988,0.06307521455294693,0.09647931940659142,0.03904476159953046
611,0.0,0.15464114850706256,0.11238814421696705,0.07387818721516974,0.18731820214419562,0.13758325020190648,0.06192705032945987,0.07544693645644156,0.06286307368437019,0.09623550019385213,0.037718507050631636
612,0.0,0.19011244409445027,0.08385251955340009,0.041857891481454156,0.2472116404489225,0.11416489324870523,0.04783460979032789,0.09379781018067587,0.06428166416569149,0.07885657067654857,0.0380299563598806
613,0.0,0.19760399461564568,0.07666081599992151,0.037337478930149805,0.25608116462109054,0.11055382557203115,0.04599739846703324,0.09566134783445296,0.06600598455490744,0.07572619249640929,0.03837179690841497
614,0.0,0.20249370902071584,0.0655695994305701,0.05142454132799591,0.26827137422618985,0.08533493895032788,0.0562139585551659,0.09742007934413849,0.07127161685034349,0.06415783181112297,0.03784235048348634
615,0.0,0.1736137109167777,0.08686738242991587,0.08610376190254249,0.22797505440813326,0.0924538303891867,0.07282437193353157,0.08224045238398739,0.07174917960452781,0.07203844227883355,0.03413381375262064
616,0.0,0.16083668256970984,0.10297515855706185,0.09192828722140156,0.20210039908299202,0.10783290074913475,0.0770649200717101,0.07554044936926925,0.06932666048315617,0.07527665201376528,0.037117889881856075
617,0.0,0.15424866439780188,0.11399570281867641,0.09175873420327872,0.18624678768703803,0.1185166631382974,0.07834549507713964,0.07330272390411678,0.06707518371421299,0.07680553999718072,0.03970450506231404
618,0.0,0.15834059236408102,0.14845964763268107,0.06747373488007678,0.08801749555869307,0.17083858805189986,0.10555575665156608,0.06005924072734096,0.05222538453602361,0.11454965271081027,0.03447990688688379
619,0.0,0.21056429808911778,0.12212497582185068,0.035236927583466,0.06946412450773864,0.15229676445309992,0.13279645067211177,0.07415174133897531,0.05324932506013582,0.0934327920393246,0.05668260043423604
620,0.0,0.23628016722962597,0.09751964184065408,0.032521100953076545,0.06834324925390317,0.14053365159444756,0.1465920946589312,0.07116089379055775,0.06582831196516173,0.08590495969917444,0.05531592901452402
621,0.0,0.24500360344985023,0.08954241499930002,0.03189773994881962,0.06745236643066968,0.1314153162953286,0.15351529266563035,0.07301531282991004,0.06979764217090874,0.07790615632129363,0.06045415488834549
622,0.0,0.25641562629444264,0.07701119990038124,0.03469447469111829,0.06545707966804415,0.11533041486011952,0.16594305598290426,0.07439728846642626,0.07872898139212617,0.06409225676767293,0.06792962197682126
623,0.0,0.24912531814731245,0.07956656055473808,0.04407432820438944,0.06231266500913054,0.10323406183365309,0.17216365930311953,0.07684947401750925,0.0849166513485267,0.05187766279013235,0.07587961879154546
624,0.0,0.23774456936346874,0.08797628395658408,0.05059403498759215,0.05875543077711854,0.10173417593467683,0.17257568494851067,0.07609343957442366,0.08842315614261662,0.04936344798803956,0.07673977632702612
625,0.0,0.20590809334601112,0.11478612975862805,0.06020365230336093,0.0559298124867697,0.11188858973539957,0.15918978680255935,0.07693045892931641,0.08582321609868142,0.055953380225290825,0.07338688031403984
626,0.0,0.180534775768373,0.13999587968316482,0.06108277465729866,0.056634123492118965,0.1324678863795525,0.13805807738538262,0.07587539540152158,0.07920747747551937,0.0724648396658712,0.06367877009125478
627,0.0,0.20067901713220637,0.12671161439672268,0.03924813957689516,0.10693587688583119,0.18169264452477807,0.065588629464637,0.06822030669991387,0.05989804745343556,0.11844572301058108,0.03258000085505652
628,0.0,0.2136288497471582,0.11607809670420918,0.034025142552397726,0.1137761242759606,0.18564100878765694,0.05896007315573633,0.0667485747325322,0.05905575896084884,0.12003542419980409,0.032050946883753616
629,0.0,0.2342564036307078,0.09795044087162114,0.02782465017862369,0.12410766316655798,0.18974118873239057,0.0500149037616184,0.06444222720144231,0.05871446786668984,0.12023474532616737,0.03271330926423869
630,0.0,0.26489512691465594,0.06848899313814366,0.023224933925540484,0.14357214688486233,0.18458674572889106,0.04280036566759165,0.061421862549869456,0.06133109329631369,0.11302478710046503,0.036653944793724476
631,0.0,0.3162064117430391,0.015171652421629007,0.02693224422481203,0.18831639499125366,0.14456965699614246,0.04823153588907736,0.05339805488203908,0.07503747017369339,0.06446514484789571,0.06767143383047608
632,0.0,0.29790228838769656,0.032599836183954053,0.03092095552795049,0.19291358287522206,0.13152688606214682,0.057143398552934495,0.05240341836730823,0.07618299346788222,0.05080330550059418,0.07760333507436877
633,0.0,0.2696918058500997,0.061431742919824825,0.03502508577879778,0.18461315153017038,0.13001711906988933,0.06319136114699331,0.05323994065612051,0.07279701808940896,0.047582876178751635,0.08240989878000167
634,0.0,0.2431142227539488,0.08922858747688649,0.03921424744066393,0.1724630266145476,0.13175164356966873,0.06750033977088231,0.05533866209028123,0.06794092922805725,0.049866434116949965,0.08358190693817173
635,0.0,0.2243803764611242,0.10856873044361202,0.04024821813523894,0.16520000212994507,0.13382102007232607,0.07090593000271844,0.056488439072169695,0.06420730532843212,0.05504831171717941,0.08113166663731203
636,0.0,0.2537992860890805,0.07654391301793938,0.04087316199479488,0.039131189143003293,0.1302101780289746,0.17131827561269067,0.05416330459246164,0.09872279632966552,0.04910706237790965,0.08613083281353781
637,0.0,0.25403635706720534,0.08199433303341205,0.03519338162379311,0.038911143916926065,0.12531357362217732,0.1751503977948401,0.048224072678310394,0.10379086151233034,0.05920198815734789,0.07818389059371532
638,0.0,0.20024269473373513,0.14068700287492503,0.030226731616084253,0.04724485857925305,0.13931862916442106,0.14585871436534711,0.05123637525416109,0.09330714432662668,0.08604199488330884,0.06583585420219587
639,0.0,0.19886844112094962,0.14387584630038822,0.028812217693718556,0.04785881391127889,0.1377408818229763,0.1451494762322876,0.04903645862000153,0.09313813073654921,0.0939920381049373,0.06152769545697108
640,0.0,0.18905575184456927,0.15484345058224647,0.02894849701376335,0.04986236234511207,0.14573111887934487,0.13034842878921032,0.05000275916354767,0.08730821539023999,0.10937716650046883,0.05452224949155551
641,0.0,0.18484202043709794,0.15941408348279043,0.030495289997853378,0.05171050281706542,0.15755678637181328,0.11110157235271068,0.052186910009713344,0.08020063713986285,0.1236138492856592,0.04887834810549193
642,0.0,0.20407423438977268,0.13917778332942726,0.03807101733478629,0.058899929184664294,0.18384709807680522,0.0643212734911998,0.05537297762048188,0.06618372614258217,0.14573719178174183,0.04431476864859694
643,0.0,0.20934986883350834,0.13111838753570448,0.04497748908926594,0.061903523653231984,0.18320314766370482,0.05567411880807598,0.05340516767549785,0.06387764436091696,0.15002446414604143,0.04646618823411027
644,0.0,0.30502679443810776,0.051022173969132625,0.03669222022517061,0.12832748706793967,0.15473339300393332,0.011827690025793512,0.04296183661389387,0.07472216382198954,0.10200791451190955,0.09267832632218792
645,0.0,0.2953415130579495,0.06380617655403523,0.03585690454443069,0.14208371789197155,0.13605435106222213,0.01682507686871249,0.038188717660511996,0.07697470067361645,0.0942025313988138,0.10066631028779452
646,0.0,0.1992402068567616,0.15218602555056449,0.05106692804814916,0.14670079409510958,0.10352036768424773,0.044423634147638384,0.033329610519504886,0.058982666196097704,0.1151735550648125,0.09537621183717193
647,0.0,0.19060493093650893,0.15782054252746688,0.057270458354294555,0.1417744340662194,0.10345785158656474,0.045770601339204194,0.03418434980134638,0.055782780497599965,0.12069079359491312,0.09264325729594011
648,0.0,0.17775106930851592,0.1643176664348585,0.0685250929906721,0.13151515043657644,0.10550417743205866,0.04850522962913405,0.035935758870440954,0.05007785224286359,0.13101329562024797,0.08685470703469018
649,0.0,0.16813817583192936,0.16541844333207031,0.08009090970272667,0.11470094231298045,0.11546870938485314,0.05233684455629097,0.03849505928602654,0.0429071956248221,0.1444157060125083,0.07802801395585052
650,0.0,0.16791089797469136,0.1548063263271057,0.0933323363342796,0.09503803872800592,0.12691955999297705,0.05727378886938928,0.041423440196248475,0.03831330863208956,0.15592083210881585,0.06906147083645582
651,0.0,0.21729229199090372,0.09515223545036702,0.08909188151313012,0.05934661083745045,0.15428702268296127,0.07823685759302912,0.045587754323069905,0.050289514946426375,0.15049024898958438,0.06022558167313623
652,0.0,0.2457874661688333,0.06785706263111413,0.07183225567087081,0.06128535386937118,0.13797638287687766,0.1043053318666034,0.044296151676751765,0.07581149856360687,0.12662082913592276,0.0642276675401067
653,0.0,0.23893634646086154,0.07451536116649264,0.07028615688444251,0.06429997027963127,0.1270352806227371,0.10908611868729884,0.044343077627453105,0.08326024992880639,0.12637193058333146,0.06186550775900408
654,0.0,0.2154563274983607,0.09645627455675716,0.06444421445679525,0.07832927627135902,0.08645873290740363,0.13247131535779216,0.042995731071051924,0.10574148142878559,0.11730101020475871,0.06034563624699514
655,0.0,0.205498616439928,0.10528986611040161,0.06645034255550028,0.07933704158682674,0.07986010952076489,0.13293811946404072,0.04388823629556825,0.107811879434734,0.12193652821779516,0.05698926037449982
656,0.0,0.16996267542794477,0.12926426088650664,0.08691220283402233,0.07680482249330026,0.06789937163541576,0.12470764961515685,0.04754447749063719,0.10536790116543311,0.14443595467822168,0.04710068377342108
657,0.0,0.15466017346197977,0.13567763997190488,0.10263028987288318,0.07270295316705808,0.058696306909273695,0.11454775694897074,0.055850411681113925,0.1028322540743957,0.16677587735135496,0.035626336561124586
658,0.0,0.14798883937119095,0.12273163312888535,0.1327391608731476,0.062335416785451,0.08409340956637512,0.07216701613130337,0.06216214096064695,0.08183490766591664,0.18822517771457806,0.045722297802564746
659,0.0,0.15298169720870486,0.116612583776372,0.1332195728826886,0.06464874678228519,0.08959700401933798,0.060369572915340265,0.0628068285156044,0.07836400604417128,0.18965656229543376,0.05174342556012154
660,0.0,0.1983005109756696,0.1069545878025773,0.06936883407474291,0.12353955974365062,0.0958321066905962,0.012253190657015415,0.050102900523511136,0.08351697570674954,0.1548624140104705,0.10526891981507658
661,0.0,0.19769086223187882,0.1122079330104036,0.06460838465963675,0.13025859475817564,0.08932125235017983,0.011823265825731588,0.046611699524521016,0.08473286399356866,0.15492169619747276,0.10782344744849147
662,0.0,0.19362266923855342,0.13046806173256228,0.051832401991760056,0.15373943104387727,0.06323575227053704,0.011214882665122793,0.0440175472707818,0.08171974696919641,0.14956224672560373,0.12058726009206522
663,0.0,0.19205471216253558,0.1330237187778203,0.053589949242332596,0.1536355513755662,0.0605463124996487,0.011324995893990148,0.04213411983243896,0.08149649560613241,0.15285779708206632,0.119336347527529
664,0.0,0.1837881156805638,0.13918803928465462,0.06746761953900549,0.14906142273812525,0.05147921123849262,0.013123830974170119,0.04157091631884154,0.07483443465789213,0.163775675211652,0.11571073435666247
665,0.0,0.16607459030501656,0.13980278540329438,0.1258499780690358,0.11172116451795648,0.0443178400020318,0.01773175554584682,0.04209809941557174,0.050606118771259485,0.20584603956985023,0.09595162840019668
666,0.0,0.16640378835485073,0.13797410613513908,0.13240153833925716,0.1062462685311099,0.04459132130976726,0.01824276559147137,0.04140551782611242,0.04833008542766052,0.21186873794272967,0.09253587054196191
667,0.0,0.1640979906174297,0.13452698401435703,0.16853232589949235,0.05913554778281378,0.06091766762168747,0.028206062241332177,0.03945050947523371,0.02861373587403426,0.23504684865075332,0.08147232782292624
668,0.0,0.17118001997670246,0.13693958292595054,0.15782904217707178,0.05008767475811382,0.06889685406795185,0.03645428826622293,0.035112620821698005,0.0314496645539985,0.23017481579917343,0.08187543665317679
669,0.0,0.1745164949336134,0.13870624631801295,0.14999885067554936,0.04934717889487221,0.07075205101936363,0.04023261952990174,0.03318966692723004,0.034420061879887845,0.22634409211915069,0.08249273770247818
670,0.0,0.18699554689705036,0.15210578691207208,0.10379427156201032,0.05929035974039186,0.07246365343352355,0.05619432655570476,0.026479346883509128,0.053949229510518545,0.1994585569317851,0.08926892157349449
671,0.0,0.19196364034668442,0.1587683372738714,0.07902569203856037,0.0677471067372953,0.06759344298093226,0.06671199880927439,0.02491275577889154,0.06789453718171204,0.18635207566068446,0.08903041319215431
672,0.0,0.17149499557190284,0.14449100957803174,0.11279562296559381,0.07131818187799116,0.042827658447051296,0.06967323716246146,0.044411367251737034,0.0736162013509124,0.20348176125197864,0.06588996454240018
673,0.0,0.16500914803379918,0.12611340377088776,0.1454747850909958,0.06213822862306203,0.04499828728014923,0.05920094388436005,0.05031363191577534,0.0651402792159312,0.22529341598243993,0.05631787620266023
674,0.0,0.19233139247927356,0.09980643312014661,0.08932401647604936,0.12225586713619394,0.06710647401054862,0.01845937575395635,0.026726165247398136,0.08927656867263514,0.20457242201383355,0.0901412850900256
675,0.0,0.19940507016066608,0.10427411159847318,0.07055823771970562,0.13374060377507302,0.062233184734903677,0.019180160073011765,0.021523256636490323,0.09546326563281861,0.20167630939872633,0.09194580027019215
676,0.0,0.2037134618370948,0.10909323358036745,0.05638306823494308,0.14220072324238242,0.057839309751399184,0.019896431341654152,0.019787294464740736,0.1000761736399576,0.19519304826306827,0.09581725564445322
677,0.0,0.21041421318539125,0.10908537676613503,0.0508703389946233,0.14156029485849211,0.05578176422852739,0.022023268657615922,0.016399871963952917,0.10125525857537129,0.20188061638421226,0.09072899638573914
678,0.0,0.2114416439780207,0.1102275108483478,0.05342893039136397,0.13826310542050574,0.052335406961833475,0.02375689565275191,0.018351075143546332,0.09868840853318858,0.20297088810081537,0.09053613496968664
679,0.0,0.2085002055140292,0.10894841033963275,0.08431904065027754,0.11358670950880086,0.04529643751351503,0.02851380582119309,0.02569922336554071,0.08049956835342276,0.22002346939981962,0.08461312953382905
680,0.0,0.20420634861373752,0.10803466286053408,0.11901926039579555,0.0835659829171101,0.04218299210579682,0.033781593953422416,0.031002396211965655,0.058018426262329385,0.24185486575201165,0.07833347092735742
681,0.0,0.20800861073904547,0.10593146595515689,0.11865366215403558,0.0808601804112495,0.04256838911033855,0.035081334100291454,0.030212143957233078,0.05680511854410436,0.24566388591518587,0.07621520911342006
682,0.0,0.20525643097835772,0.11453665304810445,0.14463316709798985,0.0455314165000191,0.04280231354572298,0.04619659980899335,0.03015512618642376,0.02807751981641197,0.2669542840800058,0.07585648893803176
683,0.0,0.22074981534452723,0.1489569113827405,0.09451557518509948,0.03349698827242355,0.05175746521359173,0.06734822891561203,0.01419628319081834,0.02062161196999945,0.2523695975584656,0.09598752296678262
684,0.0,0.23066274254795754,0.1524907865235633,0.07297574445401857,0.03702147015217741,0.05244669306040386,0.07405581764618517,0.010595850342915077,0.026858835073401262,0.2437997514425545,0.09909230875688425
685,0.0,0.23559153680680509,0.15680360163446827,0.05412683373110425,0.04383975578356519,0.05020058275425938,0.07425850606927463,0.014902627025245037,0.038503441727254104,0.22594504780168223,0.10582806666640272
686,0.0,0.2426861483722169,0.14361811588507542,0.05823269558378124,0.04136612867395547,0.047166416821287485,0.07946688165312528,0.017023993552742388,0.04174596892774586,0.23134294485360204,0.0973507056765288
687,0.0,0.2293155416997559,0.1380390667346155,0.08002359903094597,0.03943554605837817,0.04147856778883342,0.07105957352696324,0.03000284585683332,0.04110490083708239,0.23401212112674125,0.09552823733991207
688,0.0,0.22686084394495012,0.13332485010624984,0.08635074678098953,0.03914231265254661,0.03865317890160461,0.07036400100259875,0.03405685682199999,0.042076963162610316,0.23608543334881255,0.09308481327769873
689,0.0,0.22226632331440038,0.1299131320053022,0.09230485919904513,0.040042799284098686,0.03510095428162218,0.06910046773284616,0.03895087070717203,0.04359403892471428,0.23686161441948925,0.09186494013137088
690,0.0,0.19240144299737333,0.12994570484567444,0.11217271273452788,0.04756428334127304,0.03842976471575933,0.04535201612753345,0.04932834108670592,0.04633433960707778,0.24587268043266794,0.09259871411146817
691,0.0,0.19029731183885848,0.13124346911248821,0.10693425623523818,0.05229035026007744,0.03912271754989319,0.04305517092328237,0.04840071572413545,0.05065102754531032,0.24368128111685283,0.09432369969392473
692,0.0,0.19096838693608653,0.12900713914881806,0.09885161577864429,0.05898876493646103,0.042358278189441184,0.03941968294876958,0.045158607234444,0.05821498880154863,0.24303863479549184,0.09399390123035634
693,0.0,0.25009483241606484,0.06702115755955952,0.0644152359841445,0.083304237637637,0.05226426094173971,0.04424576378899308,0.01787060558180731,0.10363019129750031,0.2588230804069136,0.05833063438570167
694,0.0,0.2583168485907957,0.05433284627072348,0.06847641929593942,0.08377478246100922,0.03957014484410181,0.060116651016555736,0.01879763050956045,0.1106328185722935,0.2568934394345076,0.04908841900457434
695,0.0,0.25111914243079586,0.060376933373779855,0.07296064297803852,0.08101121715479463,0.03544900916522205,0.06418897702042597,0.022440570573850873,0.10614200743804302,0.2548735330375788,0.05143796682753196
696,0.0,0.24785663231656904,0.06404259434316702,0.07335244035745703,0.07993086869460175,0.034039375130734184,0.06597962222419967,0.02400098533151197,0.10285747342990585,0.25622146211637636,0.051718546055538675
697,0.0,0.23985019955727954,0.07229742209103616,0.07559906906050971,0.077484161704019,0.031204322415490503,0.06924142178546738,0.027266549693911825,0.09692513381326767,0.2550854667036785,0.055046253175401405
698,0.0,0.23533243432738804,0.07763027558162687,0.07554203158656574,0.07642098164723427,0.029881139563050572,0.07104632183849231,0.028980045642808136,0.09312397018468188,0.2549377019773649,0.0571050976508493
699,0.0,0.20294837378025551,0.1139417157128874,0.08435218412610862,0.06393559223409935,0.024127131621636457,0.08265973087385449,0.03747738948551681,0.06834737384274645,0.24096020208751123,0.08125030623544555
700,0.0,0.19764628787160807,0.12303538502638647,0.08277278747700267,0.06083429623200046,0.024085376788238674,0.08591149075253471,0.037967333484201095,0.06142156750680378,0.23768941230601245,0.0886360625552732
701,0.0,0.19894539716900778,0.13218720688156674,0.07767616678110825,0.052335659925612656,0.02868617120449076,0.09297657165902248,0.03395337600172204,0.04732269202806919,0.23632048687095009,0.09959627147851165
702,0.0,0.26704187306704075,0.09505155173867263,0.05393340143151911,0.03927391276671073,0.04546603395367724,0.09701753186862558,0.015134130058398193,0.03423913923829929,0.27226567847466854,0.08057674740244973
703,0.0,0.24838091627693407,0.11138955730431968,0.0638398454841335,0.04307321011385765,0.030015050705214236,0.08004461180312411,0.029839066036649185,0.03821468350847903,0.26486019133149674,0.09034286743585383
704,0.0,0.2256961118781505,0.12803072934588064,0.06999188893221146,0.04644704623853456,0.02366870140964465,0.07297110431522193,0.03672843179768397,0.04220488945292327,0.251733673994442,0.10252742263536903
705,0.0,0.1915792649541624,0.1534061949051025,0.07526275523500477,0.051371827647442594,0.02144618026668547,0.059020082570786225,0.0430663679692266,0.05304780771509374,0.2280818300940855,0.12371768864247229
706,0.0,0.1836300207472974,0.15832007383012597,0.07489899371934718,0.053900593045444464,0.02219988337517612,0.056154841142937256,0.04328977724042708,0.05754303230427616,0.22140842338760786,0.1286543612074226
707,0.0,0.17733585751476952,0.16188442282731114,0.07404823507713489,0.05554160795708122,0.025009865352163478,0.05199377325890384,0.042899788938135265,0.06310774186533422,0.21526776424977068,0.13291094295945777
708,0.0,0.1807145387487712,0.1528516116269001,0.06948794199506927,0.0579445987081844,0.03640731396470312,0.0437427485408075,0.0376582649620606,0.07810774261968012,0.214045751106459,0.12903948772742688
709,0.0,0.18518368233079752,0.1447938098502278,0.06752493417554638,0.05921445060192036,0.042128892044645615,0.04161792211438053,0.034566660149573214,0.08375130266395218,0.21750123567469085,0.12371711039432808
710,0.0,0.22897491664628433,0.08959638793058639,0.06431893826560342,0.06368151962220152,0.04927409972813927,0.04942683210071032,0.024067009076293527,0.09932499003326595,0.25786212356623456,0.0734731830307433
711,0.0,0.22347567311370461,0.09297472894935237,0.06396707348228207,0.06463445628024526,0.05077461516955496,0.0491614077424571,0.024911589425661844,0.09584106776691219,0.25842047992982564,0.07583890814006661
712,0.0,0.22438343726141152,0.0892185949804336,0.06442538130131409,0.06579370780971602,0.05063934134751979,0.051374947083588286,0.02497210835704508,0.09468179079818682,0.2632036109435754,0.07130708011727208
713,0.0,0.2280365043897339,0.07987955693957235,0.06644069776274579,0.0681328651856127,0.04810162382985583,0.05762112647007167,0.02500496866589958,0.09376543506362953,0.27279080726313104,0.06022641442981046
714,0.0,0.22514391713756793,0.08104493073010756,0.06677624341971365,0.06878507567988074,0.04788640628545848,0.05880480589420063,0.025932742716337404,0.09131396413861353,0.2733531800210594,0.06095873397712364
715,0.0,0.16735658957690464,0.09686665000409093,0.08641114504657922,0.08990470981258213,0.01900007145894762,0.11154824036061063,0.033208937527600665,0.09113277610457154,0.2252049499237334,0.07936593018444234
716,0.0,0.16176284955278047,0.10136037925045233,0.08479696238111548,0.09022658977047246,0.02226881594460942,0.11112584425693979,0.03374594896285808,0.09040442199000057,0.21499000988324898,0.08931817800758556
717,0.0,0.1600565998109116,0.10223852857704786,0.0846391918769687,0.08966777634442237,0.024360128770682245,0.1098513589761721,0.034119216458003976,0.09048595862060979,0.2103183109126089,0.09426292965263558
718,0.0,0.18079606330143852,0.0897827633881481,0.06141130798503985,0.09527261061586582,0.04720318464478396,0.1003262973502055,0.029036229724633,0.082526843046204,0.21100459264756613,0.10264010729617837
719,0.0,0.20907648184741517,0.07038008181443456,0.05274402053502359,0.09667194639674766,0.05136076326732932,0.09037625198938959,0.027938118269309125,0.07365938983125614,0.24326524606522745,0.08452769998393087
720,0.0,0.21635916155076523,0.07342923283485084,0.06806088922067838,0.08669521049075371,0.03613001503303399,0.07135348024900572,0.03474484989467709,0.05952204491688911,0.2753055079088275,0.07839960790058176
721,0.0,0.15708794925842415,0.14169473019853726,0.09205433140687766,0.06173396084867875,0.03028264341801641,0.047918194804307056,0.039828733964016934,0.06931475609733344,0.20954938220319083,0.15053531780068094
722,0.0,0.1481730758596446,0.15335005957291764,0.09025575022255906,0.05720300683920374,0.03695978944044167,0.0424015400288237,0.03847945301628286,0.07493328627391564,0.19420667392059776,0.1640373648256767
723,0.0,0.14599295337460827,0.15697198279355354,0.08556895428998831,0.055664415600117666,0.04492131415103418,0.03845167317937235,0.03711289613673724,0.07866126506686928,0.18916542270700834,0.16748912270077457
724,0.0,0.14861480992649156,0.1558024523696794,0.07962946438091846,0.05654897612273014,0.05025233740284959,0.03703865141725204,0.03637787619982174,0.08025771955504774,0.19126312259749742,0.1642145900277756
725,0.0,0.14700113986715532,0.15451236844982053,0.07846929774885113,0.05856486980548308,0.05360807008532736,0.03582723616673114,0.0370710199854613,0.07822261090857262,0.1948837000141274,0.16183968696853365
726,0.0,0.16644449245421414,0.13508206757479674,0.06322037136641041,0.06803461416960815,0.05633373268920968,0.043843211867760544,0.037066894380513304,0.07855130652024665,0.21995760411451126,0.13146570486279288
727,0.0,0.18024784918815773,0.07603113403293318,0.09154169807801174,0.08268845050909794,0.03739994938876274,0.08183353252094593,0.03815943915183291,0.08512197855943147,0.2586685190496617,0.06830744952122855
728,0.0,0.142236402272696,0.06211153293676038,0.12385078645310345,0.08829577395983926,0.04754839443460712,0.09501155081147795,0.04015155764889486,0.10757409972244344,0.1977557764053345,0.09546412535490692
729,0.0,0.13886147008258384,0.06119341410566054,0.12172198819924923,0.0898697289818519,0.05527398795348724,0.09103808842799017,0.04061429853416959,0.11292488148355445,0.18409658360550493,0.10440555862601224
730,0.0,0.1401485022941897,0.06454372052308423,0.09528844039895167,0.10765779887936276,0.0644048492971227,0.0849212334743883,0.0400901747183304,0.11943631026425415,0.17884181037116498,0.10466715977921547
731,0.0,0.15345890335500992,0.06841249748836918,0.05758487643938061,0.12941814947098193,0.06775462827740407,0.07529742081203801,0.04249051816313283,0.11702742926594993,0.19691974028476064,0.0916358364430373
732,0.0,0.16081046443895283,0.06977440203534353,0.04486803999056078,0.1350730672193416,0.06834870802540814,0.06769022758693212,0.04620433494318724,0.11289548165788088,0.20886939970846835,0.08546587439398903
733,0.0,0.1608220706513948,0.07320189063352511,0.040693160221829075,0.1345413778857344,0.07146982483457721,0.061463794276528705,0.05056519523737463,0.11124760039960811,0.21043944718260665,0.08555563867688581
734,0.0,0.1620736589688528,0.07514791119195637,0.045398906557569924,0.12643050870559266,0.07309330158220909,0.053995525724823974,0.0565137566992419,0.1051766579244543,0.2150971379101449,0.08707263473521865
735,0.0,0.16174470980099223,0.07393623749073155,0.05819604603344346,0.11470639085762076,0.07407402794786552,0.05029119695568269,0.05957528658620026,0.10066041934481441,0.21486147264751418,0.09195421233519939
736,0.0,0.1579785558727734,0.07109433838652808,0.08288535939283105,0.09299370148479674,0.07815079926031782,0.04718111792994019,0.06318169002634699,0.09493220585097376,0.20761576717212038,0.10398646462343615
737,0.0,0.13369883243020425,0.09093314690332306,0.128469503037113,0.03981124546666348,0.08872210679132221,0.05333484871013877,0.058108712000353835,0.07751124078346996,0.15812225895034893,0.17128810492712718
738,0.0,0.13095712191119302,0.104988574762307,0.10123626142485048,0.05354970532138362,0.08786556800173101,0.059428969109464734,0.05901324211791928,0.07241418737179733,0.16260809331377205,0.16793827666564645
739,0.0,0.13085803513037061,0.10410328851370046,0.0998481380374158,0.056342532758792266,0.08685399056207896,0.06046113419962914,0.05985216320482272,0.07039834409745771,0.1661313452184589,0.16515102827733852
740,0.0,0.1319609566648445,0.10474838624354818,0.0803524615495969,0.07808953011454102,0.07828295496667496,0.06739864718397756,0.06437102961713112,0.06041100427923064,0.18488173814675166,0.14950329123376843
741,0.0,0.13032476885156993,0.11630310956515896,0.049634280915810285,0.0982370470440101,0.07466223862368818,0.0724057134944451,0.0705625014216549,0.056844766802315934,0.18559956182786802,0.14542601145354406
742,0.0,0.13034391580854876,0.11458414882334714,0.04197315950453791,0.10536591143696755,0.0739534632210547,0.07580663265577678,0.07475402880032153,0.058793713999998304,0.18104429819561524,0.14338072755389766
743,0.0,0.13625941545395198,0.07467138016654343,0.08838404941807265,0.08635113135650356,0.0780567761054119,0.08074330674611206,0.07254509146761967,0.07682019724500624,0.17152643819930913,0.1346422138415349
744,0.0,0.14552266578957254,0.02021534331237749,0.15915460827882863,0.056007933758212745,0.08265608311663192,0.08319715042769382,0.06076861868413299,0.10510300429805361,0.17160192445171307,0.11577266788284912
745,0.0,0.14790011547170323,0.008311463199944868,0.16820265680789884,0.055505351139537445,0.08447558907254929,0.07829345608020791,0.05584867131247275,0.12660750042354774,0.1734052000905091,0.1014499964016948
746,0.0,0.14077090830436742,0.045404557633148206,0.10625034008364741,0.0892899236906186,0.08451893999787581,0.06406972812398644,0.06492147762992984,0.13999028154836798,0.17429706041658427,0.09048678257154003
747,0.0,0.12974543383659431,0.09541257825493774,0.037773867817752056,0.11994861405508925,0.08717700710497993,0.04780885021699466,0.0839822764957348,0.13732522970621605,0.16869073224735107,0.09213541026441624
748,0.0,0.1494056657977363,0.028144707969445314,0.16745026626890855,0.03389109589737349,0.09467153355520552,0.07322686624854098,0.06710759214731263,0.10027260638327734,0.14751302102079183,0.13831664471147415
749,0.0,0.1297758335072678,0.10557310629924921,0.029877983271869323,0.10530694996643473,0.08584699371707774,0.09080962821998123,0.09000919537750314,0.0645314489333012,0.1652396065594372,0.13302925414794475
750,0.0,0.13255080396763258,0.09605598268183935,0.039545597053583535,0.10093716934609243,0.08624657694128354,0.0883178272966836,0.09315353005531736,0.0702258625476489,0.1528591011643869,0.1401075489455982
751,0.0,0.14708874622321316,0.019621896153949485,0.158425880811983,0.03983493601321323,0.09473156266465636,0.07762422745332248,0.07375175147801169,0.11721661850982476,0.11862044042170786,0.15308394027018465
752,0.0,0.13553184287668577,0.11009361510219787,0.028163694360651668,0.10940273481349458,0.08372521522570406,0.044634978784926324,0.09300705476688816,0.13802847339617252,0.16406536166173433,0.09334702901161024
753,0.0,0.13338364092579202,0.11462887015825596,0.02650920033951948,0.10364497812106928,0.08875775448715315,0.04361070521124153,0.10016620439341185,0.13693870227640856,0.15557911030695812,0.09678083378025576
754,0.0,0.1321160014417598,0.11605121754279195,0.028383772219518284,0.0979776053782504,0.09235399413094103,0.0438899872458486,0.10506741647722294,0.13509421783092468,0.14982741861755508,0.09923836911525286
755,0.0,0.13350619911027392,0.08981233975422359,0.08076245610099339,0.06273090444878902,0.10097049535827854,0.056867938133221954,0.10783233112094677,0.12381209074132189,0.12732121608816233,0.11638402914385435
756,0.0,0.15962058020271394,0.020524563490958995,0.14440700055656938,0.04244992948446542,0.08390403112072335,0.11858608387908583,0.07376592516656924,0.10863435424929901,0.13244585832982758,0.11566167351985313
757,0.0,0.16324189515717372,0.01936316098991434,0.13327297661342008,0.052555496949438486,0.07770368877442396,0.12927284839736716,0.0703570677358694,0.10470500332454999,0.1419901327345949,0.10753772932331382
758,0.0,0.1690397494368283,0.02381628912126396,0.09720422544600481,0.08187365746738205,0.0652185541621776,0.1473027988654962,0.06613457183498596,0.09691619143663595,0.16353049084888394,0.08896347138040699
759,0.0,0.1705436765199986,0.02498766742907558,0.08784936817437196,0.08987430874303198,0.06192487165616722,0.15123835547405798,0.06531116260970082,0.09563827359700951,0.16922610796548238,0.08340620783117003
760,0.0,0.1686974743319343,0.03861159088006402,0.051351924266939325,0.11132441149523684,0.062193465737209006,0.1538346773783376,0.0710354797771384,0.08577004762790999,0.1770387061922447,0.08014222231305204
761,0.0,0.16176033176394294,0.05410655582061872,0.026059225622252453,0.12199506821103477,0.0688635375553045,0.14710038188955632,0.08170738829559754,0.07697852113307072,0.17629971700411773,0.08512927270457074
762,0.0,0.16199423643712949,0.05417184126219084,0.024161864064632183,0.12368406696659949,0.06870658058729252,0.14702927250972186,0.08151736368507008,0.07748641825167814,0.1775478803638511,0.08370047587190076
763,0.0,0.1375936018546576,0.06437689321934065,0.07130778876664845,0.076627426467201,0.09209779279462996,0.10755380356563929,0.10166808944606005,0.08206746428096287,0.1363288111348653,0.1303783284700616
764,0.0,0.13738725765993381,0.06336232249570763,0.07801359194765696,0.07164223534248497,0.09197515173769143,0.10539113714815436,0.10047279086238939,0.0855829217271179,0.1315017661048981,0.13467082497403235
765,0.0,0.1370127062795753,0.06346025376636287,0.08432111416398995,0.06637466397067468,0.09179071659697756,0.10263213454484293,0.0987904659983415,0.09053671556753669,0.123585807762112,0.14149542134965365
766,0.0,0.1505855757102249,0.04747013619306748,0.12621219262078162,0.04326933453244734,0.07336121357982808,0.09805123463961603,0.07523166337052453,0.11972395850772954,0.11535703405768631,0.15073765678816137
767,0.0,0.1674285779927514,0.04785332801643881,0.11911544427848496,0.04847954410778938,0.05566650692570622,0.09737850625820792,0.05880284360019063,0.13942384037898842,0.12890135666755095,0.1369500517739588
768,0.0,0.1805513915423823,0.06624224468547178,0.08093540970126091,0.06503473487763972,0.047319422755681434,0.0889620951435732,0.05720637400312249,0.15066482429979564,0.14719654097954604,0.11588696201159401
769,0.0,0.18334732795688333,0.07215960346312145,0.06921420536352561,0.06801419968646429,0.048213717060260196,0.08486345729233644,0.061388562763020134,0.15277715147518053,0.14741459484298838,0.11260718009628724
770,0.0,0.1689907179165318,0.11248806124929647,0.030194289113440922,0.0741111529764987,0.06493860983150512,0.06786573085331547,0.09009624106471051,0.1355833921941684,0.1649905425098183,0.09074126229078208
771,0.0,0.1359085468019993,0.10170470447324116,0.08391429078004807,0.04576963384688404,0.08317728178390414,0.09804294342695179,0.11096515898392117,0.12603242154269872,0.11085238614315865,0.10363263221726064
772,0.0,0.13761430213051143,0.09900942561553994,0.08461607622681262,0.0461922318628477,0.08057885236126969,0.10573492177671105,0.10935279742377348,0.12550027479323547,0.11135845392798663,0.10004266388137993
773,0.0,0.18521488180474213,0.02263762858334824,0.08587175837180949,0.07761290302627413,0.04881508387990088,0.18276506661931424,0.06182332460898679,0.14942635388721492,0.12181389805734898,0.06401910116112836
774,0.0,0.18471102054682392,0.03530308929981399,0.033041605080579795,0.1096327627481572,0.06046907307716544,0.17424391726143815,0.06828460078828517,0.12859305206163535,0.17095744640146215,0.03476343273470674
775,0.0,0.17724198595922255,0.044585531322275954,0.02810161366839007,0.11011717416030989,0.06737239871713811,0.16478074559146025,0.07343702966000218,0.12193662050351829,0.17495231939119227,0.037474581026558304
776,0.0,0.1523242412373073,0.07156223786650742,0.02934843418868125,0.10038794809514778,0.08519016882351774,0.13477883231214355,0.09053009070499995,0.104468203246291,0.16858481309171186,0.06282503043376021
777,0.0,0.16063239764163045,0.06693029036702726,0.10295421486339164,0.05891383830006705,0.058374984308666264,0.0916124649794359,0.06765223681303825,0.12729113946617648,0.11069807856633415,0.15494035469430095
778,0.0,0.18992791324655312,0.06257294979895411,0.08127287646839497,0.06977165104560795,0.04623408138064744,0.08964131636638008,0.051557696376501524,0.13893785773837244,0.13881097284787072,0.13127268473078624
779,0.0,0.19697464744634205,0.05739485167743963,0.0813477997761538,0.06802826027088553,0.047641882728243094,0.08499852039859779,0.053334262406217886,0.14022314789851983,0.1388031354449408,0.13125349195272806
780,0.0,0.20036927130431018,0.055804069886022135,0.08018506826737173,0.06766297490389725,0.04821963971625774,0.08303957316684134,0.053946575692820485,0.14008536497895782,0.14158249166443643,0.1291049704191536
781,0.0,0.20334936808695503,0.05364296635112217,0.08038626656057941,0.06674790967188801,0.048775773185149855,0.08130648678862161,0.05462035132646974,0.1398392841087608,0.14340920114805614,0.1279223927724662
782,0.0,0.2001442877256778,0.07369033799090481,0.057600528004287097,0.070301017957041,0.05563267811832309,0.07547803029792764,0.06465246477305397,0.12823197620644639,0.17009329364374487,0.10417538528266262
783,0.0,0.20231556652873262,0.07271347990058714,0.05752954696765401,0.06863935191712395,0.056338016296258696,0.07503257299363938,0.06580426341811842,0.12689400090559924,0.17213075478052778,0.10260244629182802
784,0.0,0.18300354877520345,0.10179009322240386,0.04379719201641775,0.06548110368036503,0.06545182065281088,0.07340629459950804,0.08394968841930965,0.1104863687086436,0.18060839543968918,0.09202549448571776
785,0.0,0.18200347524722169,0.10620228420228628,0.042004246620312956,0.061643208987407785,0.06696594450987234,0.07613329591452431,0.08793919119139737,0.1051066804913409,0.18169849362346482,0.09030317921224099
786,0.0,0.14177157153945333,0.1429332016045198,0.042389895288981704,0.054460968980606816,0.07362101506968005,0.08703977232436025,0.11335824231965656,0.09204347322188747,0.154209727684623,0.09817213196630055
787,0.0,0.1420927087527946,0.13444531171534635,0.05251006652277157,0.04836150265952362,0.0730719115103045,0.10585817947978074,0.11450968956184045,0.09662743552134091,0.13199717350824153,0.10052602076812535
788,0.0,0.16734128612793675,0.09916677524294443,0.06441232306475858,0.045160091742207524,0.0698282665757655,0.12992188760663026,0.10137024888246322,0.11077354426580631,0.12201216971590094,0.09001340677565617
789,0.0,0.20047209843913386,0.060115824565689015,0.06924194091443446,0.04685637696151605,0.06797559678641853,0.14818018723405058,0.08326345142365783,0.12434259011780982,0.13088085179870737,0.0686710817586521
790,0.0,0.20358894406527767,0.05729219572882466,0.06841400283552655,0.04791267999160148,0.07034202775623784,0.1479502323492838,0.08172905029814509,0.12313440596419628,0.1343569055659135,0.06527955544506278
791,0.0,0.20392848366677818,0.057685723549710556,0.06727049214945992,0.04910292295949316,0.07446841874944661,0.14529003482379055,0.08187302004749758,0.11948229556626809,0.13749886459710026,0.06339974389052505
792,0.0,0.23209696575702693,0.032612999921432656,0.0566787770289956,0.05839330205390992,0.07854742366033365,0.1505006649853698,0.06475752980913788,0.12658453223258503,0.16654836608356582,0.03327943846771282
793,0.0,0.2232049491488393,0.04680800378189062,0.04427891152812117,0.0689168559859632,0.08994911574916009,0.13556937272135655,0.06134698733869858,0.11929215487081733,0.18518195761511835,0.025451691260104704
794,0.0,0.21514595765967162,0.055598055290087836,0.04235791271118485,0.07173816075073303,0.09540469519598369,0.1279988383231585,0.06206007805692474,0.11500247233629204,0.18648408488919735,0.028209744786836362
795,0.0,0.20116533650462753,0.07269993317396842,0.036331200039666924,0.0771563095718344,0.09997976058294174,0.11805947837193653,0.06300995992615462,0.10972653359043785,0.18722717855111784,0.03464430968738425
796,0.0,0.17904703655769086,0.06801170048035723,0.09034068555232075,0.07782708831439217,0.09121554088785855,0.0506175617344099,0.08286932076503596,0.08923892012817097,0.1439522444864632,0.12687990109337074
797,0.0,0.19621890740461453,0.051057748172527354,0.08902564041773939,0.07846759756001641,0.09315847465299233,0.04930421690617394,0.07756312995170703,0.09115937069695773,0.15789537943463777,0.11614953480270389
798,0.0,0.20137878636312678,0.04533069306169798,0.09035906427327274,0.07741926156510415,0.09468609209089195,0.04759643737440483,0.07599203345136224,0.09087466406144983,0.16478435808720482,0.11157860967155518
799,0.0,0.1825205333655524,0.08617723428391863,0.039509655621929596,0.09306646219243395,0.09801864213917488,0.07335861703211936,0.06349385121757628,0.09242286689902161,0.18706815441763477,0.08436398283070884
800,0.0,0.1445842126190187,0.12141015978661407,0.04903199992541604,0.08055859026945532,0.09422518228324726,0.08841115358425704,0.07618967889540985,0.0865755971985021,0.15612063219702502,0.10289279324112521
801,0.0,0.1399024979719925,0.12298322730293794,0.05933492420046144,0.07174467400684223,0.09277903091299862,0.09483526615042245,0.08156825366509232,0.08401319663095859,0.14451701376944293,0.1083219153889216
802,0.0,0.14356093501250433,0.11641273870058841,0.07017196112178552,0.0624011857873367,0.0927832725676426,0.0995844770516382,0.08657001680701304,0.08144075590853851,0.137790532145475,0.10928412489754846
803,0.0,0.15408321170468092,0.10475033598956601,0.07816126373113202,0.054898876002948585,0.09499675554241845,0.10195316689372208,0.09029461386133768,0.07791180420975381,0.13699754955819163,0.10595242250631959
804,0.0,0.15712118714511186,0.10186911024535857,0.0793988174517655,0.0540719331767782,0.09608852257060814,0.10207206011152285,0.09111162729278306,0.07569937685070877,0.13702122764347774,0.1055461375119563
805,0.0,0.22527902247426496,0.07560735621519735,0.039018624782631926,0.05698328611333643,0.11667268812701918,0.09322063097111896,0.06669196643389443,0.08260820678565342,0.20076149915715683,0.04315671893979765
806,0.0,0.18904810379995188,0.11668636003858693,0.03319445672680368,0.07150936604667281,0.11536449663617587,0.08188646160182886,0.059022045366117194,0.07867025729700093,0.1868789735671206,0.06773947891981223
807,0.0,0.16518268046536894,0.1374632082002188,0.038261696721106284,0.0783533579222505,0.11162605659757369,0.07598548722084549,0.05640129560576458,0.07658344293012372,0.1724467046688908,0.08769606966792841
808,0.0,0.14873800290040398,0.14811791076414094,0.04689209288710271,0.08242250580300137,0.10927377446553087,0.07127370817863413,0.05452811307926694,0.07411284736575752,0.1620613608032533,0.10257968375297949
809,0.0,0.13252884481554095,0.1507507493945269,0.06684263922897521,0.08447649382719641,0.10440962779210224,0.06613479830808194,0.05324856773550801,0.07231389411294158,0.15086700362273356,0.11842738116246457
810,0.0,0.14185790512522548,0.09925692701720396,0.12248404488629527,0.07612498690912452,0.10601990005905762,0.04789065339460835,0.06553704797044238,0.06845932859207843,0.15574475999717985,0.11662444604885593
811,0.0,0.14319289308102187,0.09612489960305266,0.12498626751964766,0.07536156902152095,0.10648351922806033,0.0473933427770439,0.06515489678419395,0.06825098735045211,0.15824569872550143,0.11480592590957688
812,0.0,0.1732503167650705,0.04878061462309305,0.13687823184592512,0.07496398572394714,0.11816717592060885,0.035037126094513045,0.07309988352927095,0.06792434881333576,0.18563542988912285,0.08626288679518486
813,0.0,0.1887175660804119,0.03116441511325787,0.1274801457298953,0.08219542702837578,0.12459117896783496,0.03139348552423623,0.07488272544446781,0.070577930749343,0.20014113930876068,0.06885598605348862
814,0.0,0.19726200952004241,0.03096180168504146,0.09364871848899715,0.10292379816140207,0.12743471632472214,0.03568632641897786,0.0694261864659484,0.0791685458881073,0.21105359584477518,0.05243430120205841
815,0.0,0.2010623559676152,0.03083815010897384,0.09081205641323985,0.09996566589314146,0.12812176299365813,0.03733876257136041,0.06506419627581363,0.0800847620151973,0.2197132899488334,0.046998997812239277
816,0.0,0.1479703925591676,0.08873351088018115,0.10723881985127662,0.08310258560978197,0.09503665263734713,0.0761840781838917,0.056160175850351705,0.0642584839892145,0.1725223723320922,0.10879292810676797
817,0.0,0.18160744987920927,0.06451987396966624,0.12364680518260063,0.04946602884588964,0.11578720041498577,0.055938480201679075,0.07342818549929432,0.04017842317357263,0.19675680504876317,0.09867074778441204
818,0.0,0.15919809671478133,0.15728308522039955,0.04623854258745591,0.07908258382640967,0.09792274699741217,0.06138452072305625,0.04288973058170909,0.05458109551642528,0.18038758031190702,0.12103201752051665
819,0.0,0.13919541069960806,0.1525967083242685,0.07998463819960201,0.08199739036199978,0.08349055566597768,0.06541903427077955,0.040229797101106975,0.062584451890405,0.17015756615365452,0.12434444733267083
820,0.0,0.1583044647010643,0.09437898171338777,0.12604143946858426,0.06918010820589278,0.09814252005620829,0.05045684595075163,0.05604406502739794,0.06486019649901932,0.1908113602988635,0.09178001807890342
821,0.0,0.16326181515052057,0.0850800516315524,0.13035474334642508,0.06734771153909949,0.10127996868359568,0.04878304357968742,0.057465690317900414,0.06569836108487254,0.19713145630986506,0.08359715835655464
822,0.0,0.20046950074883957,0.03980095382626048,0.09755392181201702,0.08892701784708293,0.12742056427122472,0.04329963687771399,0.06322634017252822,0.08256759901577995,0.21789902993417354,0.03883543549445292
823,0.0,0.19546354245586206,0.05150593278655383,0.07412411048380219,0.107142713502476,0.11875092926240785,0.05614456114463613,0.05404448101582046,0.08941492055922498,0.21069784736257438,0.04271096142671563
824,0.0,0.1858720793895609,0.06717419501786824,0.05633686100212713,0.12310536277412448,0.10352563365946661,0.07264414640409862,0.04395468356487463,0.09332501170379191,0.2012674960005851,0.05279453048357604
825,0.0,0.1679228414631913,0.0878611548981345,0.04760157755762508,0.13884419273122633,0.07719053787281825,0.09472431460703493,0.033046797946602854,0.09016152746516015,0.1902376108150457,0.07240944464323484
826,0.0,0.15680718730520585,0.09560330955879005,0.06076829677295227,0.13451440473981333,0.06321435660629689,0.10122769758540583,0.033535418167443314,0.07690013756924205,0.18895503231616134,0.08847415937876327
827,0.0,0.1599861290744255,0.09149368270242612,0.06564346283927155,0.13112717803259072,0.058922209875189334,0.10254877542368888,0.03756978351737321,0.06943886145657252,0.19262369978380542,0.09064621729473095
828,0.0,0.16348806249518644,0.08704832701570227,0.074580431222591,0.12165137849260337,0.060240951939832324,0.09790926006535643,0.04425254540597199,0.05958833029114701,0.19711947270351593,0.09412124036816753
829,0.0,0.1751235725923194,0.07766046182472211,0.08817602714064691,0.0983811089051391,0.07378302812027063,0.08068863023056197,0.05887240674698748,0.0434120835879103,0.20461352804180738,0.09928915280970929
830,0.0,0.2056082772959119,0.07230236867781101,0.08580455708673168,0.05618745871655078,0.11253413723264638,0.04193491335676833,0.078646716132984,0.029057960996305816,0.2057316050887838,0.11219200541558103
831,0.0,0.20908465695569306,0.07526720946645056,0.08058721116396779,0.0540222626561809,0.11486425321909147,0.039701194717670085,0.07858848209896473,0.0296891653791647,0.2021378131121538,0.11605775123073755
832,0.0,0.20987045253768893,0.07641724502366541,0.07813921303149612,0.056101817931873826,0.11257495637421161,0.04174242895129275,0.0777468491762888,0.030154848012799492,0.19898372562516098,0.11826846333559698
833,0.0,0.21459625773106158,0.08405537896876833,0.06798265729662806,0.05343937778568346,0.11366127686632956,0.040485900737300885,0.07467230202198825,0.03406732529861283,0.19047212130063876,0.1265674019930633
834,0.0,0.21635914687437732,0.08905601028037413,0.06241319323346636,0.05416173016714543,0.11033800727283959,0.043178819239436256,0.07066203063829754,0.037771519868917955,0.18418168937454077,0.13187785305067984
835,0.0,0.21790122263763337,0.08900488772064478,0.06162754573728238,0.05660427835417256,0.10525239278509634,0.04760960988805842,0.06737631378043776,0.04000141443872317,0.1806134498831171,0.1340088847749095
836,0.0,0.21824680604459298,0.09688268914875664,0.05637127626757473,0.057696443753000114,0.09684470478232882,0.053901238887570146,0.06003843994411437,0.04663452326355091,0.1733948575014105,0.13998902040717623
837,0.0,0.20174055248271572,0.12393254251727372,0.055512947402717436,0.06321982326239182,0.06695764841091892,0.07438232407116556,0.0421447902275577,0.06055527091366692,0.16932798833901938,0.1422261123726486
838,0.0,0.19381860927132466,0.13101280613601898,0.0619139725274247,0.0657579205104102,0.05324590326088419,0.08326434087466238,0.036161492308726596,0.06534058845586029,0.17365910729367565,0.13582525936108816
839,0.0,0.18026498605184268,0.141583509679575,0.07170550506038478,0.06712760706630534,0.04077460018989562,0.0906977055670964,0.03298589656671806,0.06892812073322045,0.18340273420574554,0.122529334879292
840,0.0,0.17437994973289084,0.14510173430487874,0.07788685056026091,0.06670729746980979,0.03730733230220665,0.0924288404652235,0.03342194313104114,0.0711137122869325,0.19064020923464514,0.11101213051218686
841,0.0,0.17547727570140162,0.14543128300836017,0.07980826681879462,0.06492757667044016,0.0366245769959117,0.09206453334820536,0.03548431873886135,0.07585453211331782,0.19489703931633479,0.0994305972884483
842,0.0,0.17414522738874183,0.14755624970207612,0.0809566760037787,0.06278750182106965,0.03986441978068739,0.09031736373291846,0.038942522464189284,0.07770361269321772,0.19847117884047918,0.08925524757291768
843,0.0,0.1778090326427471,0.14513274736015333,0.08004904307796777,0.058650399830995986,0.052766951698933744,0.08586050299668654,0.045163238681408306,0.07976692305912518,0.20182238714699666,0.07297877350506198
844,0.0,0.19199511848080664,0.13494382411597652,0.07338936655472944,0.055043647734072755,0.06728093830925126,0.08399211083162422,0.049983001711222635,0.0832190367304685,0.19809599745441653,0.06205695807750812
845,0.0,0.22849154536432,0.09774176949867777,0.06515409909996861,0.058829349606214144,0.08478923917273794,0.08833328641227173,0.04760290790104825,0.0887514456748934,0.18786717521548332,0.05243918205446177
846,0.0,0.2560062762626474,0.06566689718353028,0.05963231185644831,0.07279610128008189,0.08219877739791967,0.10197576729998856,0.03976540374901217,0.09224225837853553,0.1765208614128027,0.053195345179110544
847,0.0,0.18521974296133425,0.10991931543490607,0.0656930223309785,0.10987497855755764,0.03409810996118395,0.11685452897773088,0.04662947342373058,0.06106713100826102,0.18607757136538866,0.08456612597900538
848,0.0,0.2295339882581583,0.07644451061748792,0.061040923320135124,0.062349945432760644,0.08038477249516006,0.07077332968582556,0.05088207659002497,0.08519427538784752,0.19058998464959254,0.0928061935630841
849,0.0,0.24429270167881867,0.06399406311431238,0.06180079463116378,0.056409044886137696,0.08028233091195958,0.07076871248534558,0.04678290946378609,0.09383572161425091,0.19044971726596835,0.09138400394833396
850,0.0,0.18177031614518904,0.15267528161755517,0.0616694544930251,0.05372030925812439,0.04976411753717906,0.09033846191768931,0.05290907791860962,0.08989959391891743,0.193193438103049,0.07405994909073885
851,0.0,0.1856348787287122,0.15424393495694808,0.05671447650883741,0.05142958282968444,0.05250200326032767,0.08973545476332997,0.05712395079064493,0.0890716459342925,0.1905922910304443,0.07295178119685575
852,0.0,0.22553218936766986,0.11384119499153776,0.0536047450947358,0.05188407702711511,0.0711319272739084,0.09578390109238274,0.05607485036812029,0.08065519441241294,0.18994118439930752,0.06155073597288713
853,0.0,0.23632613771074276,0.10305103147338676,0.05321677031612535,0.051732856210734576,0.07174206041320684,0.09991271200885828,0.056139490031063374,0.07893279785447233,0.18607198200974823,0.06287416197173883
854,0.0,0.25341518228172677,0.0844028715685569,0.054082240748898544,0.05247237323213996,0.07068579527946109,0.10781151853467012,0.055354418705887705,0.07630329855877818,0.17859804252357542,0.06687425856638293
855,0.0,0.25977950800317556,0.07791492287680149,0.05432550406056817,0.05189275925255468,0.06792427903207848,0.11288051982234618,0.05693890274484965,0.0741604390080649,0.1726951377875149,0.07148802741212397
856,0.0,0.2871073930837227,0.040527187363366454,0.06124803105914232,0.06141012677818302,0.0591595004809746,0.13055520903496234,0.04781844594024678,0.07215549144546066,0.15640416155545095,0.08361445325856828
857,0.0,0.28553439239505357,0.03186320012027078,0.06617818695583914,0.07312663917957864,0.04474361908697115,0.14272899684223006,0.04524877297978929,0.07122275339415976,0.13962677994539532,0.09972665910079048
858,0.0,0.18582561561791455,0.12217248999313657,0.053750225959523355,0.08725239058544848,0.035451603568190264,0.116670694315125,0.0719431040065186,0.07329274193961824,0.15740764215526779,0.09623349185933594
859,0.0,0.180544185758748,0.12563349270205962,0.05406153169748355,0.08508515137672441,0.03882936494147558,0.11162564685347542,0.07386821521302836,0.07613894737467988,0.16045721546671207,0.09375624861569191
860,0.0,0.1806851699610964,0.1263135159784984,0.05117610864813026,0.07082797829890312,0.05270884654818958,0.09060992203765039,0.08061793904662834,0.09364797069262767,0.17937293377147923,0.07403961501687568
861,0.0,0.18031896113590454,0.12351036695142412,0.05435210122389715,0.06788518799207327,0.05567007900180118,0.08908560163742388,0.0796435541506234,0.09509692100107958,0.18416511741141478,0.07027210949443748
862,0.0,0.22317339121274354,0.07867299822789736,0.0631271654515092,0.043846157744161625,0.06663825466994881,0.07582567332238295,0.07363231183199925,0.13107176394978384,0.189821129515705,0.054191154073947895
863,0.0,0.22371057566459654,0.07444061638327776,0.06803761627946685,0.04083915839219652,0.06792412597148802,0.0762003241008495,0.07212329729366404,0.12999004600217154,0.19872425031292834,0.04800998959944064
864,0.0,0.22163371946727295,0.06982156454485951,0.07662520794963606,0.03660649539023424,0.06938793790413034,0.0761609418255977,0.07194245536878047,0.1251058228828031,0.21397942114523905,0.038736433521526274
865,0.0,0.24621112112269525,0.04083352824739176,0.08931726896631166,0.025551279124252764,0.0634355150207581,0.07634613987896469,0.06632295966127263,0.15143511358727924,0.1898585005133393,0.05068857387781474
866,0.0,0.2438859369687442,0.04149140133750261,0.09522563595497639,0.024536046047210266,0.05518499517358086,0.07776288778688276,0.0632383430185062,0.16721134810740076,0.15622572459031694,0.07523768101495898
867,0.0,0.2372315127464845,0.048555432201840935,0.09540214736540915,0.026149091459078025,0.05264221741827559,0.07627450421793276,0.06410020433055609,0.16859882334264387,0.1495065718835675,0.08153949503429153
868,0.0,0.2022300255705773,0.08771668600779893,0.0904015733296521,0.03585788735188924,0.04592156336131144,0.07033151078606169,0.06809063158190647,0.16725335868000207,0.12665355342398646,0.10554320990689425
869,0.0,0.1873476569701602,0.10762436882027747,0.08515801950399397,0.04146584712917471,0.04305874572758625,0.061548744616210654,0.07397594905338473,0.1626336582521912,0.13201673154808763,0.10517027837901287
870,0.0,0.17859142471181735,0.11757129001671765,0.08301895069351017,0.04467731956680316,0.04224214574635361,0.05901681276503946,0.07596858030353483,0.1587932255640192,0.13328625834216498,0.1068339922901195
871,0.0,0.17417612082640016,0.1175216855689081,0.06735758160184246,0.07372341680257927,0.05554851534238185,0.06363514312799667,0.08194774487763082,0.07607239616789312,0.2054062113974986,0.08461118428694886
872,0.0,0.2289948413955279,0.04945010552264586,0.08231400285617722,0.09019329351127023,0.042145679713120984,0.09173377286686198,0.07971308596399858,0.03157620347782054,0.16990752156177136,0.1339714931308853
873,0.0,0.19827603802119648,0.08023398644329524,0.08651095500740312,0.0854240524136859,0.03951653754218835,0.09134230022019535,0.07985609380805371,0.04473789800883568,0.13678440748554835,0.15731773104967758
874,0.0,0.14944602044891883,0.13350318358373733,0.08864992018636235,0.06685827373847299,0.04758332740301378,0.07813081680759919,0.08294983737231768,0.07133385320812709,0.13556829316893051,0.14597647408260006
875,0.0,0.20255162081043293,0.08727560825776542,0.08905542504797002,0.03881078247010069,0.03924375156275763,0.05769350073587701,0.08581356229617312,0.18013547330988428,0.14776684726437944,0.07165342824473912
876,0.0,0.18133571344115673,0.10529312454684411,0.08888376520869481,0.04529704243253902,0.038316789364423905,0.05709864248287853,0.0856619217613535,0.17691752631978844,0.13585572654025033,0.08533974790215043
877,0.0,0.15009977062735727,0.1215569467444013,0.08255453670312242,0.07761711349793302,0.04518343335250092,0.060505981737148676,0.09128292367571914,0.09753072651044688,0.18395455363512156,0.08971401351632852
878,0.0,0.16489547960209058,0.1056630663214227,0.08008915533632166,0.08586896993255555,0.04236303513905955,0.06326733556760455,0.09529894784917378,0.07122262950411323,0.20491786727231026,0.08641351347542811
879,0.0,0.22116271671934093,0.049208789490254465,0.07728188701674996,0.10746878145374046,0.026852724035516824,0.0789765714056602,0.10083213020472545,0.016747482996886484,0.18142192493970669,0.1400469917374983
880,0.0,0.1888413322205615,0.08475634420881435,0.08525964632220687,0.09618098794411507,0.026139480406945314,0.07734559537172332,0.09393143011255822,0.039515859663014206,0.14600105494574558,0.16202826880439566
881,0.0,0.13165345908069673,0.15661789689455904,0.09835034851477244,0.0536557662957252,0.03623956526614742,0.056577156769000735,0.09440203572953165,0.08986028210891549,0.15761136013838165,0.12503212920234982
882,0.0,0.13069965018035157,0.15125921400771639,0.10411594291030829,0.04789947150646129,0.0401646232811035,0.04946520823487697,0.10159976256262573,0.09863756071176973,0.1741896416992456,0.1019689249056212
883,0.0,0.13739528621656968,0.145948445957169,0.10344227186947319,0.04348389988518712,0.04060027354537628,0.04517136824678975,0.10982255223779688,0.10219307414530193,0.1870450475599514,0.08489778033646507
884,0.0,0.15179799960976828,0.13351984300799888,0.09975312115722029,0.04082737120819471,0.03914627910955644,0.04088559071789996,0.12376113934934592,0.10433586088764966,0.20097118113014445,0.06500161382230168
885,0.0,0.16980048436214215,0.11822050152803323,0.09288175645923141,0.04157413146857262,0.035008086555596465,0.039942494481234284,0.13675228377426235,0.10985116331200162,0.20819670027588694,0.0477723977831196
886,0.0,0.17397437692732645,0.11342192683899716,0.09029276302132577,0.04403620306091922,0.033231228114725245,0.04080584020573535,0.1416067394714975,0.10873587802494637,0.20682981256357774,0.04706523177102956
887,0.0,0.17495459681113892,0.11024144707866018,0.08711473129225823,0.04949135725349711,0.03150103705285986,0.041649498122749054,0.14968818978738918,0.0977084798781988,0.2011522493860284,0.0564984133373006
888,0.0,0.17838915399817754,0.10573311231875386,0.08347618478707691,0.05347239888597288,0.028721324414715945,0.04476791421312802,0.1533244015712086,0.09909723256015082,0.19758057807954219,0.05543769917135368
889,0.0,0.15059771932840732,0.1040377331589322,0.08636199039290351,0.07509042760361209,0.022854198291525837,0.08808217354740462,0.10296280638081,0.15891396796328752,0.16717960485952482,0.04391937847367268
890,0.0,0.1390798230778226,0.10470884376184632,0.09018702484128024,0.0821552961896093,0.024141029042920422,0.09621466073142235,0.08908354594125706,0.1641113741687959,0.16545647092992904,0.044861931315197605
891,0.0,0.14288940234275216,0.07145930740789243,0.09443223660874614,0.11163160333509413,0.03283476421404169,0.08322660243483758,0.107680032226735,0.1030450705691187,0.17663173606064517,0.07616924480021807
892,0.0,0.1540171151717659,0.06042436804909873,0.08980944298350652,0.1205802431870866,0.03081931814910951,0.07461440524050665,0.12371774899736088,0.07722510149977907,0.18086936733569334,0.08792288938617389
893,0.0,0.16256063560849823,0.053458247605496834,0.08557351178951952,0.1269063383126845,0.028535302041961853,0.06886841925150992,0.13511069268087944,0.05901806938639907,0.18217020962446315,0.09779857369866853
894,0.0,0.18005457973113334,0.041119522835367205,0.07745585412777656,0.13741736820419156,0.024687287117099697,0.05658760267853729,0.15413458973637353,0.027691853509494838,0.1841232338914269,0.11672810816868041
895,0.0,0.18633615142057408,0.03868535660279794,0.07371531853569806,0.14125876668917745,0.02205918928115776,0.053541165970496955,0.1583472131989762,0.017244442072454534,0.1832868348544837,0.1255255613742648
896,0.0,0.18953264706888517,0.0458226906800716,0.07102109156904175,0.14221492401724933,0.016936676976280304,0.0536796744237604,0.1458068772356023,0.016878092446341503,0.18385997974101043,0.13424734584183892
897,0.0,0.18994417283827567,0.04538694826714651,0.07025415904803312,0.1429744865343865,0.016499021823289346,0.05573803635101105,0.14395671484673808,0.018174117249303276,0.1834764462540323,0.13359589678786596
898,0.0,0.19037988695925756,0.045141222135236844,0.06917699279080265,0.14376292462730683,0.016002457948812786,0.059254329618149255,0.13957371102051255,0.02163542859663621,0.18364560979481334,0.131427436508554
899,0.0,0.15259439132808567,0.1022082462253892,0.08696622013334582,0.11299801138415629,0.013340369717721248,0.07570689937289003,0.07195589121406713,0.08641670078401258,0.18922814168521243,0.10858512815520174
900,0.0,0.1468490951447493,0.11118858644984835,0.08898467430538418,0.1068960738446258,0.013807696542129905,0.0760825018274441,0.06829037664460264,0.09501051461058127,0.18751418435480452,0.10537629627591222
901,0.0,0.13934912917540274,0.13084305236764546,0.08917291740970493,0.08925522719634689,0.016543506996928213,0.06705044639020874,0.08435580787091737,0.10285249041805086,0.1750337221194863,0.10554370005539085
902,0.0,0.14867406524002832,0.1322705295554855,0.08117929391795808,0.07904476527955447,0.019275068978430367,0.05405331054522069,0.12106708407696892,0.09343107624433362,0.16083709281377684,0.11016771334832574
903,0.0,0.166877037579829,0.12217543809296318,0.07013466496514315,0.07353527151037553,0.021003484750664984,0.04650019137787878,0.15756354283443377,0.08003396806413657,0.15088502835569947,0.11129137246895798
904,0.0,0.17458913239378715,0.11552274151989561,0.06538364854639138,0.07441619536872536,0.021363858216775312,0.0475419018493143,0.16672449195259367,0.07428520541239254,0.14695207831243706,0.11322074642776996
905,0.0,0.1969713212339571,0.09219064586103368,0.057766083976551134,0.06938600364654635,0.01935727564311998,0.07189438663604812,0.16993173752256446,0.08066546557981291,0.16215234676966364,0.07968473313078495
906,0.0,0.20182992610050896,0.08400889915258135,0.056575191915018364,0.07062581245586783,0.018795508771826487,0.08620092987027571,0.16003270620190196,0.08277736710425955,0.1663571901179817,0.07279646830986049
907,0.0,0.16916642581576855,0.07590116375667393,0.07443307738578853,0.08263226949192194,0.014155639493416196,0.17287277305633647,0.05452270857329085,0.13174630887714783,0.2063965428923551,0.018173090657382887
908,0.0,0.15770815824025486,0.07551622253122889,0.07103644739948141,0.09934024718316264,0.01850016196330116,0.1627942347093995,0.06980637006530103,0.10839791541163286,0.18394245627084121,0.052957786225478996
909,0.0,0.19546964803796152,0.03977355840687403,0.050197714016585245,0.13890537525154786,0.025962355101478624,0.07567483687293311,0.17193958784216185,0.019307734254380406,0.1346275005260662,0.14814168969009392
910,0.0,0.21044380786101366,0.03189094804565793,0.054718763463536345,0.14448849085561824,0.02111021139849482,0.06925855916100401,0.14283869043468278,0.030211738477038216,0.16741625520164913,0.1276225351013876
911,0.0,0.18644713817773942,0.06912869928376651,0.06952624767165393,0.13138984441781051,0.013920444427216898,0.09657341403679334,0.04874705596562334,0.09807310389843413,0.21751446580531683,0.06867958631572776
912,0.0,0.16991844817847357,0.09987984698255785,0.06488431738390478,0.11816842376451664,0.016862039844685168,0.09003188362038389,0.058678134072121454,0.10533082610341205,0.19377561423219317,0.0824704658178343
913,0.0,0.20729641662356607,0.0875386904016822,0.03764100352879299,0.084762155977282,0.025863340122256044,0.07248824026041509,0.17972866290606218,0.051687213802508354,0.12197616128457674,0.13101811509294142
914,0.0,0.2227729811602122,0.059274627124798855,0.04649960294617727,0.07325005107050868,0.02129731760871557,0.13034820471231276,0.13216856772457353,0.07384734204424356,0.1672836299956343,0.07325767561290618
915,0.0,0.206637690331897,0.05261300681157887,0.06189494698262601,0.07093516573164707,0.01852529275952028,0.19501806309036215,0.05198353864831204,0.10896379715900117,0.2167129698373464,0.016715528647791952
916,0.0,0.179168769369232,0.066515584611833,0.05837460853287192,0.0866873150670803,0.02439035405978727,0.19553306532142092,0.05151840769417233,0.09795572128971354,0.19796748940065703,0.04188868465331457
917,0.0,0.1751420712177718,0.06977935986352635,0.052373055694453774,0.09491359552818586,0.030184525416802745,0.1777673050151009,0.07369036896684654,0.08135614799368478,0.17693426049183444,0.06785930981187568
918,0.0,0.17709630506690408,0.07036739347911776,0.03854886186124987,0.11223936812446571,0.03817302392948011,0.1368164290080327,0.12642284882530672,0.04470185246157166,0.13506256387332743,0.12057135337062709
919,0.0,0.1821295943923088,0.06719150170499848,0.03320660789898636,0.12007941116998426,0.040428984961857976,0.11923743168047528,0.14723085806933295,0.03016362704071288,0.12073742623049653,0.13959455685092953
920,0.0,0.2105603132166237,0.03985190954790774,0.03435326761193636,0.13936671452396812,0.03533269994518371,0.09214999539108158,0.15727659738391264,0.020597688762224852,0.12305486268208041,0.1474559509351642
921,0.0,0.22325854034412884,0.02280635153054904,0.0524739414852154,0.14402312888098776,0.026271220971186122,0.10655075698595903,0.09843829383161551,0.055234071993632075,0.17600011386619932,0.09494358011061053
922,0.0,0.1792934443860657,0.081316150702935,0.05890027680252754,0.12864659854901508,0.035469836709935525,0.09931116528152872,0.0594059956509969,0.09597377798578201,0.19229679213320394,0.0693859617980934
923,0.0,0.1810557299912051,0.09951906499772321,0.030215585583215375,0.11958063185619579,0.04335996557174146,0.0719323359078573,0.13988667609347952,0.05858961556109335,0.1234211769008895,0.13243921753668325
924,0.0,0.22379086522386796,0.05625326075933806,0.031275952528538264,0.09327730039493579,0.032442438666404415,0.12114472869920541,0.14267693418999067,0.05105497445112146,0.1293185947654193,0.11876495032126255
925,0.0,0.22700891795903416,0.05240261449660887,0.03262528320955664,0.090680208757642,0.03293205525625328,0.1280071283135054,0.13668715251486466,0.05147986944582581,0.12999811772226227,0.11817865232453093
926,0.0,0.23331960733918036,0.04253743817372294,0.03872942840213711,0.08340215883253435,0.03245597301595084,0.1479684031312219,0.11700973854280158,0.05677741142727627,0.14078525877971257,0.10701458235554626
927,0.0,0.23700858590160076,0.035531617534256876,0.04458043022874795,0.07682506287896092,0.033129292247689575,0.1645612350830438,0.09895961251882673,0.06162594347643003,0.15005050784542945,0.09772771228509837
928,0.0,0.2380996453644798,0.03227038930128267,0.04807792861512093,0.07313881430302673,0.033274408435526676,0.17440052887402574,0.08776601689848293,0.06529242930952509,0.15822891902162525,0.08945091987698899
929,0.0,0.2386419676694266,0.031189384710098102,0.049584340293131156,0.0711688063986886,0.03492868939888754,0.17694165570155446,0.08415143166075184,0.06534411861901653,0.15672265093909774,0.0913269546094323
930,0.0,0.23788340823563295,0.02803196160252445,0.05562340716515858,0.0646189956794317,0.03705390452222637,0.19277792398982105,0.06405562780091575,0.07178029476273629,0.17206230510286857,0.07611217113876913
931,0.0,0.2358478965232553,0.028112887700865848,0.05913386566740151,0.06085115926622811,0.04110779281413693,0.19721908845066993,0.055368849713803986,0.07349430100981524,0.17463816105829488,0.07422599779561342
932,0.0,0.2174323206700162,0.04218098020643948,0.06138857275664159,0.05463795669755186,0.055920834077152225,0.20687384823147942,0.03370707985158573,0.07758512551785597,0.19785726951595128,0.05241601247541167
933,0.0,0.21346684825818218,0.04547286269803538,0.06209260073891529,0.05442119923041932,0.060258293962224735,0.20175452030577856,0.0353859423968316,0.07617755716908427,0.19474226256561422,0.056227912674999894
934,0.0,0.20258828491821967,0.056736658576768836,0.05894743674120613,0.056008630953025045,0.069193217148564,0.19204516231160798,0.041132416590932405,0.07129899758794056,0.19107194263227203,0.06097725253954891
935,0.0,0.1979084384919786,0.06095130744147615,0.059143025581648884,0.0566482971620769,0.0735664987493867,0.18469917177216602,0.04526060100103458,0.06905146366958685,0.1866346922456354,0.0661365038850956
936,0.0,0.17875161894000302,0.08408173595146493,0.04645098703788667,0.06797065424275017,0.08614160311880927,0.15821912885548486,0.07204280253682692,0.05232908981172251,0.16641602157837374,0.08759635792676351
937,0.0,0.19295167384757583,0.06068331670757673,0.04628870489927356,0.1359854641968386,0.058703382512535617,0.10545161381885869,0.11884461061720149,0.03594396022587358,0.10156139050105066,0.14358588267330075
938,0.0,0.2161192393344936,0.018504794966384,0.0731848929452192,0.1597450586823214,0.04260988256389637,0.11362583887469759,0.06144260735691584,0.08675800520511587,0.1550826872217476,0.07292699284929424
939,0.0,0.17968801285481428,0.06309781836806219,0.05560055932814462,0.1481293078570002,0.08396360567122553,0.07681239737796117,0.06634373655908327,0.10803325983511869,0.1736001979812454,0.04473110416743054
940,0.0,0.1781005693074369,0.06824297634315282,0.05051997567615651,0.1458810922446591,0.08722366983498174,0.07259920300202631,0.07364737906275853,0.10670535630774565,0.16701776123033202,0.0500620169908364
941,0.0,0.1724662247197951,0.08572897230509956,0.03846246279132727,0.13020230489572332,0.08848012616119115,0.06880232050447622,0.10632127837772502,0.08659916820459126,0.1284498495791055,0.09448729246105185
942,0.0,0.17405798359087912,0.08769151044989931,0.03730829070643108,0.12312730599236266,0.08560117849708604,0.07326247402751322,0.11306407973859785,0.08063139435309305,0.11688084582458334,0.10837493681964062
943,0.0,0.18577716661512228,0.08377401345882372,0.037627657730381604,0.10463123767111379,0.06672160897201049,0.09937827222225709,0.12501497637457443,0.059815902562797243,0.09429532362303807,0.14296384076996768
944,0.0,0.22533567231385723,0.050217117018310144,0.054684686787245605,0.0623652119797371,0.03957033937784398,0.18619586484613393,0.07333817259129927,0.04865502632650376,0.1473667511753716,0.1122711575837838
945,0.0,0.22265556676273401,0.05367486289283125,0.057639453149476966,0.05313035163117093,0.04971114570041842,0.19186135237129487,0.05976940232159286,0.04871711077792917,0.1658642487260061,0.09697650566663203
946,0.0,0.21661395264656327,0.0606037206617029,0.05747551409044796,0.04819294172358953,0.06169310764860121,0.18982308229753142,0.05395841294483693,0.04739123428889353,0.176466254568388,0.08778177912953185
947,0.0,0.20522024831792718,0.0718064891714113,0.05836783629820253,0.04797132464088026,0.07385378138595029,0.1739040990140257,0.05841043291282067,0.04364590842944995,0.17469281091984346,0.09212706890957532
948,0.0,0.1615056667978187,0.11119016836521486,0.04619832676941641,0.08621775056554717,0.10027013287432156,0.11338736043503601,0.0995655363556811,0.020277565956900032,0.12824758801481123,0.13313990386533964
949,0.0,0.1596695173782699,0.10317293958710816,0.050907153560603935,0.1184976081881098,0.0811490037494971,0.09959446741056206,0.11073644968688895,0.02115593958503497,0.10921238759048564,0.14590453326352637
950,0.0,0.15472247197686342,0.10024973529517513,0.059944810643880644,0.13390612444363553,0.06528210081435107,0.09900243695949032,0.1097552069040916,0.026544146198660544,0.11386329562505033,0.13672967113888834
951,0.0,0.1554581339998515,0.09351413466811405,0.06658404351172423,0.14458491863356643,0.053012788011531226,0.10264083792413387,0.10510135125985942,0.03305959873094077,0.12086529665019072,0.1251788966101748
952,0.0,0.16701820638834855,0.06880781941617246,0.07921312214151506,0.16296311307503872,0.03460982290775482,0.11130032001372876,0.08885925858532683,0.053537354678907655,0.14044947838236882,0.09324150441092532
953,0.0,0.16859244046198285,0.062956789308022,0.08461604773084276,0.16573864506198405,0.030843631014356658,0.11453173346806808,0.08297784242761964,0.06058729863459028,0.14970625629482176,0.07944931559779866
954,0.0,0.16920944438871338,0.05889627104661965,0.08943996853734139,0.16665711885907286,0.02897016957932947,0.11695613938853865,0.07833120626035203,0.066292572827202,0.15730565568781507,0.06794145342510251
955,0.0,0.17276372055941616,0.03888937168539091,0.10503694159808107,0.1599850425130731,0.0507396203544993,0.10750668885630787,0.05955388599487507,0.10616565635369318,0.18066307744938145,0.01869599463536939
956,0.0,0.1514048319317321,0.0603408979066002,0.09899607437703235,0.1391483221388127,0.09005081032503644,0.07866961413696837,0.07452923224209321,0.12148628474149317,0.15823022221654262,0.027143709983776246
957,0.0,0.13306356216268084,0.09478840047966208,0.08070372331070182,0.12787366062655886,0.08534480392600345,0.07403966824944018,0.10430189261057912,0.09813704440140146,0.1202732539720318,0.08147399026102783
958,0.0,0.16222064393710306,0.08566494178922573,0.08674546154670053,0.10936306961056579,0.029238267957778816,0.12766265783918881,0.09364689600609044,0.051696431159582536,0.14729930666755756,0.1064623234862943
959,0.0,0.17478944187397427,0.0792471996722913,0.10053417463062587,0.08099896099402025,0.04948722553145931,0.1284861003039924,0.07862896716943907,0.040797408233662374,0.17122497939218775,0.09580554219843508
960,0.0,0.15532316999507473,0.10444167651235536,0.0932641189404514,0.07518170867464381,0.09247842362669695,0.09669594642448923,0.08506617017930633,0.0391022567401954,0.14980299127885247,0.10864353762802226
961,0.0,0.12813275056021922,0.12617444308131281,0.08318790932341855,0.12022903256565937,0.07397110425711464,0.08622767968064608,0.09409102953701937,0.04174098975838521,0.12777914887617778,0.11846591236013514
962,0.0,0.12966938189770535,0.11665738109063153,0.08911912249840623,0.13694747706439306,0.05404259114881346,0.0934697923532365,0.09055092049054023,0.04805006578238354,0.13711775768894666,0.10437550998503173
963,0.0,0.14484903615543454,0.08307467308446073,0.10870532844524627,0.14885766023095742,0.034901498413531525,0.10263855754540514,0.08233065553245095,0.06649344462974129,0.16074606121967125,0.06740308474318943
964,0.0,0.1555181603764081,0.06014365306564123,0.12371053457691322,0.1426015361002211,0.04185941506269215,0.09946252528014338,0.07831095504308269,0.08547149586972742,0.17028122944150292,0.04264049518375643
965,0.0,0.15849666612332466,0.052563772685569034,0.12921829614673458,0.136436809833462,0.05091017360199806,0.09492868240375121,0.07751683437144673,0.0953376329864042,0.17018055094563317,0.03441058090176498
966,0.0,0.15926523991854452,0.04969140646368056,0.13204689744921808,0.13204384106276612,0.057259911261473846,0.09178872342847914,0.07757969357795699,0.10064232641076955,0.1679974155467106,0.0316845448804891
967,0.0,0.13946068758547361,0.07535675307720524,0.11758109362365705,0.11510337104649523,0.0929784152415598,0.07156085123799988,0.08354408968719254,0.12124370511703611,0.13657961712677172,0.0465914162566976
968,0.0,0.12323004146331948,0.10860471884948439,0.09931088880080796,0.11967570186726809,0.07397909019587305,0.08317860421343934,0.08816035886361473,0.09931482219579783,0.12709248159592276,0.0774532919545611
969,0.0,0.1232637401182168,0.11355053308112471,0.09762763622586403,0.1181317607452528,0.06617404119178512,0.08932423953411171,0.08862968078580223,0.09228031464542238,0.12873428795180883,0.08228376572070008
970,0.0,0.1251512775169241,0.1173302182871664,0.09716571023190804,0.11572445670234438,0.05607894707750472,0.09676050931230812,0.09018492023981424,0.08099733039259753,0.13311217439005713,0.08749445584946408
971,0.0,0.13155408687100037,0.12249832331450697,0.0959079692645785,0.10444228466236816,0.0482594808826201,0.10342032155660061,0.09567019681079053,0.06860871555704667,0.13853473645029335,0.09110388463028339
972,0.0,0.1811415471195981,0.08048597492091705,0.1149423325232421,0.07730649820778702,0.06511873887604364,0.0917607019723674,0.11462981430004847,0.02911894720731017,0.14434766637220536,0.10114777850056945
973,0.0,0.18787326539043017,0.07696651075033388,0.11044748280386579,0.07591495928760873,0.08642973720286737,0.07338414198188618,0.11339351506608,0.037178922065109164,0.13553237989728478,0.1028790855546226
974,0.0,0.16260126412463236,0.10528039223345624,0.09008403189281194,0.0985931335848539,0.09080058161735828,0.07568561443547656,0.08845598602581195,0.0609918333450826,0.13125883630634763,0.09624832643425738
975,0.0,0.1333720831301599,0.12447718835042706,0.08911144117340673,0.12524776563497989,0.06067208881093332,0.08868413638023381,0.07931182141778373,0.07039858125431561,0.1444343283818834,0.0842905654659654
976,0.0,0.13410866273814728,0.11657191527528617,0.09946262018889662,0.12480359088720992,0.055222807718951716,0.08931152679606598,0.07957600938860847,0.07820545217774276,0.14851692945440848,0.07422048537477138
977,0.0,0.13628791635070542,0.11271383082639172,0.10570130148273141,0.12016087815243459,0.05954907506153613,0.08958053085457515,0.07245541495037182,0.09065203381053935,0.14650642162215244,0.06639259688865091
978,0.0,0.1821832197346384,0.039004799444709554,0.15773981357378772,0.06250245604036275,0.09488755458407695,0.0671041997882052,0.10161059415303879,0.1009678403151952,0.12563262535299324,0.06836689701308148
979,0.0,0.19022497773507657,0.030812097002191934,0.16021110151471896,0.05349590900282821,0.10418358365767175,0.06866302377702556,0.09974566689844037,0.10534828247757184,0.1230189927558436,0.06429636517872071
980,0.0,0.19220200755930883,0.029690938571289804,0.15927342296223068,0.05177034501187053,0.10662179407005501,0.07175466016369214,0.09712415434630518,0.1066710667851208,0.12327983030440794,0.06161178022580869
981,0.0,0.18050593667780135,0.053922604289975175,0.13915697555217757,0.06608623585078391,0.09773793165330232,0.09006237000295546,0.08187025108177068,0.10224473685436626,0.13932120737276246,0.04909175066419466
982,0.0,0.14141233459941757,0.12798422403414034,0.09564495812838107,0.10938045651567552,0.06081542270668266,0.11541183577738454,0.08254149671313403,0.052280818629722225,0.13855699214440645,0.07597146075114525
983,0.0,0.20067740639231918,0.058100066884945775,0.13609700877101924,0.07648301562013278,0.09939024061235391,0.0689765351412266,0.1293445567248708,0.02841606288716748,0.09396507596154044,0.10855003100451334
984,0.0,0.22693110753073736,0.030893675109809574,0.1352062127770225,0.07278201356748866,0.11117364861142814,0.06138021520673436,0.1229027368032816,0.045457008898002575,0.11804792519692764,0.07522545629865697
985,0.0,0.2294125582018292,0.02963747848919819,0.13177137798079497,0.07497325235480076,0.1112753838470558,0.06103860884742551,0.12097780311736964,0.04827516051049195,0.12439194033579458,0.06824643631532887
986,0.0,0.20474948368770257,0.06436300649975046,0.09383921468990314,0.10124283479842529,0.09038997567996143,0.08649162491107808,0.07921948471002858,0.08609521083625095,0.1695520990239968,0.024057065162992143
987,0.0,0.15733109426699185,0.1126235155228885,0.08106767837568561,0.09745117538264507,0.07722516572696063,0.09997260712081601,0.07017561508028737,0.10677119416358033,0.1341721911115905,0.06320976324864344
988,0.0,0.15732393138037012,0.11058643275284048,0.08374643364745861,0.09645310333483213,0.08144794912335547,0.09742442635651759,0.06844411581447545,0.11154950208946945,0.1276875421603686,0.06533656334040132
989,0.0,0.15495301414979648,0.10669766703817307,0.09399997454831434,0.08443487405991534,0.09167227171588328,0.09121069105148544,0.07273162335388167,0.11801185165106122,0.10046630498668704,0.08582172744489146
990,0.0,0.17183728595058786,0.07507055126472263,0.12511256673196083,0.04853416050405009,0.11196013767833111,0.07974694790417088,0.09000914456426348,0.11409908900306831,0.07267814066268323,0.11095197573625096
991,0.0,0.2101575794030689,0.024810983457227397,0.15623612455477154,0.01937775219996522,0.1259244970530166,0.07809189492098254,0.10474512483189707,0.09454967507919099,0.10081308612065651,0.08529328237931265
992,0.0,0.22329232856098044,0.011699421319265893,0.1560423402708554,0.02235822089214503,0.12216492189216303,0.08872970250091987,0.10392454364965704,0.0826891133545757,0.1341105233433313,0.0549888842161953
993,0.0,0.2260163785094872,0.012743394363114151,0.14846484171563104,0.035114354414131604,0.1139545635525064,0.09942262281457223,0.09864696459502241,0.07260337611737747,0.16167314656402354,0.031360357354223475
994,0.0,0.2202952519894224,0.024784068966096293,0.13471608844779098,0.05454716659087447,0.10302715694096917,0.1108476872975475,0.09187307481246133,0.06357287648697851,0.17974845996891703,0.016588168499031865
995,0.0,0.21333001587522818,0.03605689207094255,0.12524078896410581,0.06745645245808075,0.09646514146732925,0.11684593706178684,0.0880607256436129,0.05893903925069307,0.18359230481611202,0.014012702392198255
996,0.0,0.1991788159714823,0.05694146093427438,0.10951047926113625,0.08816910435425845,0.08740541219507969,0.12404491107669419,0.08371460795736488,0.053000209626466316,0.17843980592676262,0.019595192696570715
997,0.0,0.18546404605832423,0.07555403357493472,0.09321450640178001,0.10829727114022954,0.08231057441771691,0.1261237315134028,0.08309536820718248,0.050513680420816574,0.15880557607057888,0.03662121219512363
998,0.0,0.1835852347762656,0.07778526628619506,0.08980051881928236,0.11216301419248947,0.08227828140215557,0.12534223186743262,0.08363566687722226,0.0510325596743106,0.15315789404799016,0.04121933205674619
999,0.0,0.17624535804956226,0.0866208794797844,0.07982986432563133,0.12283947250860446,0.08388391174411951,0.12143833630822619,0.08592016513873753,0.05235546202963085,0.13160628200422625,0.059260268411566897
1000,0.0,0.17520730657163058,0.08774714104480029,0.07850120758946122,0.12418020898070796,0.08440299034125721,0.12056926136685944,0.08639549950778896,0.0526427125235166,0.128251632068295,0.06210204000577261
